tracking_number,shipment_date,promised_delivery_date,actual_delivery_date,status,carrier_code,dest_region,weight_lbs,freight_cost_usd,item_count,is_negative_freight,is_freight_outlier,days_to_deliver,on_time,delay_days,pipeline_run_ts
TRK000001100,2024-12-31,2025-06-01,2025-01-07,Delivered,FEDEX,Southwest,308.54,160.5,48,False,False,7.0,True,0.0,2026-04-27T23:39:17.576413
TRK000004422,2024-12-31,2025-01-02,2025-01-02,Delivered,FEDEX,Southeast,431.31,154.27,33,False,False,2.0,True,0.0,2026-04-27T23:39:17.576413
TRK000003219,2024-12-31,2025-01-02,2024-12-31,Cancelled,FEDEX,Southwest,577.3,-107.01,34,True,False,0.0,False,0.0,2026-04-27T23:39:17.576413
TRK000001909,2024-12-31,2025-01-06,2025-01-06,In Transit,UPS,Southeast,471.1,288.28,37,False,False,6.0,False,0.0,2026-04-27T23:39:17.576413
API000422,2024-12-31,2025-01-01,,In Transit,FEDEX,West Coast,236.22,556.12,26,False,False,,False,,2026-04-27T23:39:17.576413
TRK000003300,2024-12-31,2025-01-02,2025-07-01,Delayed,UPS,West Coast,595.23,218.49,14,False,False,182.0,False,180.0,2026-04-27T23:39:17.576413
TRK000001386,2024-12-31,2025-04-01,2025-02-01,In Transit,DHL,Midwest,229.73,111.97,25,False,False,32.0,False,0.0,2026-04-27T23:39:17.576413
TRK000000700,2024-12-31,2025-01-04,2025-01-04,Cancelled,XPO,West Coast,182.47,682.17,38,False,False,4.0,False,0.0,2026-04-27T23:39:17.576413
TRK000000047,2024-12-31,2025-06-01,2025-01-11,Delayed,XPO,Midwest,596.87,300.34,15,False,False,11.0,False,0.0,2026-04-27T23:39:17.576413
TRK000004125,2024-12-31,2025-01-07,2025-01-06,Delivered,FEDEX,Midwest,24.45,690.48,37,False,False,6.0,True,0.0,2026-04-27T23:39:17.576413
TRK000000446,2024-12-31,2025-01-01,2025-01-02,Delayed,FEDEX,Midwest,27.4,818.71,9,False,False,2.0,False,1.0,2026-04-27T23:39:17.576413
TRK000001329,2024-12-31,2025-01-03,2025-01-02,In Transit,FEDEX,Midwest,197.85,383.68,31,False,False,2.0,False,0.0,2026-04-27T23:39:17.576413
TRK000001091,2024-12-31,2025-02-01,2025-01-01,In Transit,DHL,Southwest,206.8,168.92,5,False,False,1.0,False,0.0,2026-04-27T23:39:17.576413
TRK000002135,2024-12-30,2025-01-05,2025-01-10,In Transit,FEDEX,Midwest,551.79,553.24,15,False,False,11.0,False,5.0,2026-04-27T23:39:17.576413
TRK000000918,2024-12-30,2025-03-01,2025-04-01,Delayed,FEDEX,Northeast,210.22,619.2,27,False,False,92.0,False,31.0,2026-04-27T23:39:17.576413
API000357,2024-12-30,2025-01-03,2025-01-03,Delayed,DHL,West Coast,234.79,697.36,27,False,False,4.0,False,0.0,2026-04-27T23:39:17.576413
TRK000001939,2024-12-30,2025-06-01,2025-01-10,Cancelled,FEDEX,Midwest,382.4,148.31,24,False,False,11.0,False,0.0,2026-04-27T23:39:17.576413
TRK000003657,2024-12-30,2025-05-01,2025-01-09,Cancelled,UPS,Midwest,403.13,467.73,13,False,False,10.0,False,0.0,2026-04-27T23:39:17.576413
API000387,2024-12-30,2025-01-02,2025-01-07,In Transit,UPS,Northeast,30.99,112.36,23,False,False,8.0,False,5.0,2026-04-27T23:39:17.576413
TRK000001011,2024-12-30,2025-06-01,,Cancelled,UPS,Midwest,494.34,894.87,28,False,False,,False,,2026-04-27T23:39:17.576413
TRK000003627,2024-12-29,2025-01-02,2025-02-01,Delayed,UPS,Midwest,270.95,279.77,15,False,False,34.0,False,30.0,2026-04-27T23:39:17.576413
TRK000000062,2024-12-29,2025-01-01,2025-01-04,Delivered,UPS,Midwest,580.52,810.68,19,False,False,6.0,False,3.0,2026-04-27T23:39:17.576413
TRK000001230,2024-12-29,2024-12-30,2025-04-01,Delivered,DHL,Midwest,292.91,255.12,40,False,False,93.0,False,92.0,2026-04-27T23:39:17.576413
TRK000004335,2024-12-29,2025-01-03,2025-01-06,In Transit,FEDEX,West Coast,381.33,897.45,40,False,False,8.0,False,3.0,2026-04-27T23:39:17.576413
TRK000003147,2024-12-29,2025-05-01,2025-07-01,Delayed,XPO,Midwest,285.41,199.89,25,False,False,184.0,False,61.0,2026-04-27T23:39:17.576413
TRK000003682,2024-12-29,2025-01-03,2025-01-07,Delayed,FEDEX,Midwest,220.45,582.86,38,False,False,9.0,False,4.0,2026-04-27T23:39:17.576413
TRK000000826,2024-12-29,2025-01-02,2025-03-01,Delivered,FEDEX,Midwest,582.95,399.33,45,False,False,62.0,False,58.0,2026-04-27T23:39:17.576413
API000187,2024-12-29,2024-12-30,2025-01-01,In Transit,FEDEX,West Coast,254.11,575.9,24,False,False,3.0,False,2.0,2026-04-27T23:39:17.576413
TRK000000711,2024-12-29,2025-01-01,2025-01-05,Delayed,FEDEX,Midwest,582.71,192.93,28,False,False,7.0,False,4.0,2026-04-27T23:39:17.576413
TRK000004356,2024-12-29,2025-05-01,2025-01-03,Delivered,DHL,Southwest,349.13,759.68,27,False,False,5.0,True,0.0,2026-04-27T23:39:17.576413
TRK000001297,2024-12-29,2025-01-04,2025-07-01,Delivered,USPS,Northeast,406.92,819.34,46,False,False,184.0,False,178.0,2026-04-27T23:39:17.576413
TRK000000077,2024-12-29,2025-01-05,2025-01-10,In Transit,XPO,Midwest,269.15,247.34,28,False,False,12.0,False,5.0,2026-04-27T23:39:17.576413
TRK000004902,2024-12-29,2025-01-03,,Cancelled,USPS,Northeast,135.39,65.43,8,False,False,,False,,2026-04-27T23:39:17.576413
API000169,2024-12-28,2024-12-31,,Delivered,UPS,Midwest,216.02,422.47,24,False,False,,False,,2026-04-27T23:39:17.576413
TRK000001839,2024-12-28,2024-12-30,2025-01-01,Delivered,UPS,Midwest,500.06,539.07,6,False,False,4.0,False,2.0,2026-04-27T23:39:17.576413
TRK000001243,2024-12-28,2025-01-02,2025-01-04,In Transit,XPO,Southeast,396.56,125.74,6,False,False,7.0,False,2.0,2026-04-27T23:39:17.576413
TRK000001267,2024-12-28,2025-01-02,2024-12-31,In Transit,UPS,Northeast,364.21,808.92,20,False,False,3.0,False,0.0,2026-04-27T23:39:17.576413
API000259,2024-12-28,2025-01-02,2024-12-31,Delivered,FEDEX,Midwest,370.38,89.21,16,False,False,3.0,True,0.0,2026-04-27T23:39:17.576413
TRK000000061,2024-12-28,2024-12-30,,Delayed,DHL,Northeast,194.02,795.55,10,False,False,,False,,2026-04-27T23:39:17.576413
TRK000002537,2024-12-28,2025-02-01,,In Transit,UPS,Southeast,7.14,646.25,37,False,False,,False,,2026-04-27T23:39:17.576413
TRK000000233,2024-12-27,2025-01-01,2025-01-06,Cancelled,FEDEX,Midwest,164.4,145.62,43,False,False,10.0,False,5.0,2026-04-27T23:39:17.576413
TRK000000651,2024-12-27,2025-02-01,2025-01-06,Delivered,DHL,Midwest,403.62,755.8,49,False,False,10.0,True,0.0,2026-04-27T23:39:17.576413
TRK000004810,2024-12-27,2024-12-28,2025-01-02,Cancelled,FEDEX,Southeast,200.81,786.76,26,False,False,6.0,False,5.0,2026-04-27T23:39:17.576413
TRK000002665,2024-12-27,2024-12-29,2025-01-01,Cancelled,FEDEX,Midwest,298.22,613.38,28,False,False,5.0,False,3.0,2026-04-27T23:39:17.576413
TRK000001024,2024-12-27,2024-12-28,2024-12-28,In Transit,UPS,Midwest,451.19,554.83,31,False,False,1.0,False,0.0,2026-04-27T23:39:17.576413
TRK000002002,2024-12-27,2025-01-01,,Delivered,DHL,Midwest,384.98,625.04,48,False,False,,False,,2026-04-27T23:39:17.576413
API000455,2024-12-27,2025-01-01,2024-12-28,Delivered,DHL,Midwest,292.02,658.25,28,False,False,1.0,True,0.0,2026-04-27T23:39:17.576413
TRK000000124,2024-12-27,2024-12-29,,Delivered,XPO,Midwest,484.29,757.4,9,False,False,,False,,2026-04-27T23:39:17.576413
TRK000003193,2024-12-26,2024-12-31,2025-01-05,Delivered,UPS,Southwest,62.63,683.42,50,False,False,10.0,False,5.0,2026-04-27T23:39:17.576413
TRK000003372,2024-12-26,2024-12-29,2024-12-27,Cancelled,UPS,Southeast,515.39,310.8,10,False,False,1.0,False,0.0,2026-04-27T23:39:17.576413
TRK000003113,2024-12-26,2024-12-29,2025-01-01,In Transit,DHL,Southeast,419.04,783.79,17,False,False,6.0,False,3.0,2026-04-27T23:39:17.576413
TRK000003809,2024-12-26,2025-01-01,2025-01-04,Cancelled,USPS,Northeast,181.02,634.72,43,False,False,9.0,False,3.0,2026-04-27T23:39:17.576413
TRK000003344,2024-12-26,2024-12-28,2024-12-30,Delivered,DHL,Southwest,176.27,344.83,6,False,False,4.0,False,2.0,2026-04-27T23:39:17.576413
TRK000000912,2024-12-26,2025-01-02,2025-01-01,In Transit,FEDEX,Southwest,180.12,95.37,34,False,False,6.0,False,0.0,2026-04-27T23:39:17.576413
TRK000000769,2024-12-26,2024-12-31,2025-01-05,Delivered,USPS,Southwest,468.0,447.79,44,False,False,10.0,False,5.0,2026-04-27T23:39:17.576413
API000103,2024-12-25,2024-12-26,2024-12-31,Delayed,UPS,West Coast,21.59,531.83,11,False,False,6.0,False,5.0,2026-04-27T23:39:17.576413
TRK000002198,2024-12-25,2024-12-29,2024-12-31,Delivered,USPS,Southeast,92.47,326.71,27,False,False,6.0,False,2.0,2026-04-27T23:39:17.576413
TRK000003106,2024-12-25,2024-12-29,2024-12-29,Delayed,DHL,Southwest,131.93,277.84,34,False,False,4.0,False,0.0,2026-04-27T23:39:17.576413
TRK000002672,2024-12-25,2024-12-30,2025-03-01,Cancelled,DHL,West Coast,578.07,509.79,35,False,False,66.0,False,61.0,2026-04-27T23:39:17.576413
TRK000000379,2024-12-25,2024-12-30,,Cancelled,FEDEX,Midwest,477.36,881.11,9,False,False,,False,,2026-04-27T23:39:17.576413
TRK000001888,2024-12-25,2024-12-26,2024-12-29,Cancelled,UPS,Midwest,533.32,569.56,18,False,False,4.0,False,3.0,2026-04-27T23:39:17.576413
TRK000004383,2024-12-24,2024-12-26,2024-12-28,Delayed,USPS,Southeast,179.65,255.08,23,False,False,4.0,False,2.0,2026-04-27T23:39:17.576413
TRK000000503,2024-12-24,2024-12-27,2024-12-27,In Transit,XPO,Midwest,83.82,635.6,21,False,False,3.0,False,0.0,2026-04-27T23:39:17.576413
TRK000001488,2024-12-24,2024-12-30,2025-03-01,Delayed,UPS,Northeast,173.7,78.25,7,False,False,67.0,False,61.0,2026-04-27T23:39:17.576413
TRK000000093,2024-12-24,2024-12-30,2025-01-02,Delivered,XPO,Midwest,155.44,760.78,24,False,False,9.0,False,3.0,2026-04-27T23:39:17.576413
TRK000003882,2024-12-24,2024-12-25,,Delayed,FEDEX,Midwest,281.32,834.23,49,False,False,,False,,2026-04-27T23:39:17.576413
API000055,2024-12-24,2024-12-25,,Delayed,UPS,West Coast,65.83,254.57,13,False,False,,False,,2026-04-27T23:39:17.576413
TRK000004884,2024-12-24,2024-12-28,2025-01-02,Delayed,FEDEX,Southeast,491.83,211.31,35,False,False,9.0,False,5.0,2026-04-27T23:39:17.576413
TRK000001807,2024-12-24,2024-12-30,2025-01-03,Delayed,USPS,Midwest,156.59,844.28,9,False,False,10.0,False,4.0,2026-04-27T23:39:17.576413
TRK000001291,2024-12-24,2024-12-27,2024-12-28,Delayed,USPS,Midwest,520.17,130.51,27,False,False,4.0,False,1.0,2026-04-27T23:39:17.576413
TRK000004071,2024-12-24,2024-12-27,2024-12-27,Cancelled,XPO,Northeast,440.38,309.79,28,False,False,3.0,False,0.0,2026-04-27T23:39:17.576413
API000242,2024-12-23,2024-12-27,2024-12-31,Delivered,FEDEX,Midwest,86.02,423.17,7,False,False,8.0,False,4.0,2026-04-27T23:39:17.576413
API000377,2024-12-23,2024-12-27,2024-12-31,Delayed,DHL,Midwest,331.79,419.26,26,False,False,8.0,False,4.0,2026-04-27T23:39:17.576413
TRK000003954,2024-12-23,2024-12-25,2024-12-29,Delayed,FEDEX,Midwest,475.08,553.32,8,False,False,6.0,False,4.0,2026-04-27T23:39:17.576413
TRK000001482,2024-12-23,2024-12-26,2024-12-27,Cancelled,FEDEX,Midwest,458.6,245.59,6,False,False,4.0,False,1.0,2026-04-27T23:39:17.576413
API000026,2024-12-22,2024-12-25,2024-12-30,In Transit,UPS,West Coast,137.91,422.61,5,False,False,8.0,False,5.0,2026-04-27T23:39:17.576413
TRK000004404,2024-12-22,2024-12-29,2025-01-02,Cancelled,USPS,Southwest,40.12,436.38,6,False,False,11.0,False,4.0,2026-04-27T23:39:17.576413
TRK000001645,2024-12-22,2024-12-23,2024-12-26,Delayed,XPO,Midwest,28.13,244.79,36,False,False,4.0,False,3.0,2026-04-27T23:39:17.576413
TRK000000012,2024-12-22,2024-12-29,2025-02-01,Delivered,XPO,West Coast,32.73,232.92,49,False,False,41.0,False,34.0,2026-04-27T23:39:17.576413
TRK000002018,2024-12-22,2024-12-23,2024-12-26,In Transit,UPS,Midwest,201.25,879.11,25,False,False,4.0,False,3.0,2026-04-27T23:39:17.576413
TRK000001058,2024-12-22,2024-12-28,2024-12-26,In Transit,FEDEX,Midwest,160.09,809.31,24,False,False,4.0,False,0.0,2026-04-27T23:39:17.576413
TRK000002586,2024-12-22,2024-12-23,2024-12-22,Delayed,XPO,Southwest,219.28,531.76,34,False,False,0.0,False,0.0,2026-04-27T23:39:17.576413
TRK000003747,2024-12-22,2024-12-25,2024-12-28,Delayed,FEDEX,Midwest,244.28,88.28,37,False,False,6.0,False,3.0,2026-04-27T23:39:17.576413
TRK000000002,2024-12-21,2024-12-23,2024-12-27,Delivered,FEDEX,Midwest,290.9,131.33,47,False,False,6.0,False,4.0,2026-04-27T23:39:17.576413
TRK000002578,2024-12-21,2024-12-28,2025-01-02,Delivered,FEDEX,Southwest,399.43,144.38,37,False,False,12.0,False,5.0,2026-04-27T23:39:17.576413
TRK000003507,2024-12-21,2024-12-23,2024-12-27,In Transit,DHL,Midwest,125.54,739.43,50,False,False,6.0,False,4.0,2026-04-27T23:39:17.576413
TRK000003408,2024-12-21,2024-12-23,2024-12-22,Delivered,FEDEX,Midwest,116.07,559.63,8,False,False,1.0,True,0.0,2026-04-27T23:39:17.576413
TRK000000522,2024-12-21,2024-12-22,2024-12-20,Delivered,FEDEX,West Coast,268.41,267.02,33,False,False,-1.0,True,0.0,2026-04-27T23:39:17.576413
TRK000000373,2024-12-21,2024-12-25,2024-12-28,Delivered,FEDEX,Southwest,449.82,413.24,37,False,False,7.0,False,3.0,2026-04-27T23:39:17.576413
TRK000001542,2024-12-21,2024-12-27,2024-12-27,Cancelled,UPS,Midwest,535.63,418.91,19,False,False,6.0,False,0.0,2026-04-27T23:39:17.576413
TRK000002027,2024-12-20,2024-12-27,2024-12-27,In Transit,DHL,Northeast,61.41,750.01,46,False,False,7.0,False,0.0,2026-04-27T23:39:17.576413
TRK000004550,2024-12-20,2024-12-23,2024-12-27,Delivered,UPS,West Coast,315.79,267.0,20,False,False,7.0,False,4.0,2026-04-27T23:39:17.576413
TRK000001615,2024-12-20,2024-12-27,,Cancelled,FEDEX,Midwest,273.27,637.7,24,False,False,,False,,2026-04-27T23:39:17.576413
TRK000001762,2024-12-20,2024-12-24,,In Transit,FEDEX,Midwest,402.38,859.25,35,False,False,,False,,2026-04-27T23:39:17.576413
TRK000004264,2024-12-20,2024-12-23,2024-12-25,Delivered,XPO,Northeast,83.14,704.93,9,False,False,5.0,False,2.0,2026-04-27T23:39:17.576413
TRK000004869,2024-12-20,2024-12-26,2024-12-26,Delayed,FEDEX,Midwest,51.15,186.03,32,False,False,6.0,False,0.0,2026-04-27T23:39:17.576413
TRK000004756,2024-12-19,2024-12-23,2024-12-21,Delayed,FEDEX,Southwest,230.48,466.6,43,False,False,2.0,False,0.0,2026-04-27T23:39:17.576413
TRK000003711,2024-12-19,2024-12-23,2024-12-27,Cancelled,XPO,Midwest,315.36,683.32,36,False,False,8.0,False,4.0,2026-04-27T23:39:17.576413
TRK000004655,2024-12-19,2024-12-23,2024-12-22,Delivered,XPO,Midwest,8.74,785.39,46,False,False,3.0,True,0.0,2026-04-27T23:39:17.576413
TRK000002691,2024-12-19,2024-12-23,2024-12-28,In Transit,UPS,Southeast,484.23,265.15,4,False,False,9.0,False,5.0,2026-04-27T23:39:17.576413
API000310,2024-12-18,2024-12-22,2024-12-25,Delivered,FEDEX,Midwest,397.82,281.62,7,False,False,7.0,False,3.0,2026-04-27T23:39:17.576413
TRK000002458,2024-12-18,2024-12-22,2024-12-23,Delivered,FEDEX,Midwest,57.22,809.39,33,False,False,5.0,False,1.0,2026-04-27T23:39:17.576413
TRK000003249,2024-12-18,2024-12-19,2024-12-19,Delayed,XPO,Southwest,211.92,347.67,31,False,False,1.0,False,0.0,2026-04-27T23:39:17.576413
TRK000004262,2024-12-18,2024-12-23,,Delayed,XPO,Midwest,41.58,316.32,17,False,False,,False,,2026-04-27T23:39:17.576413
API000032,2024-12-18,2024-12-22,2024-12-24,In Transit,DHL,Northeast,16.09,86.98,22,False,False,6.0,False,2.0,2026-04-27T23:39:17.576413
TRK000002905,2024-12-18,2024-12-24,,In Transit,FEDEX,Midwest,381.69,260.77,34,False,False,,False,,2026-04-27T23:39:17.576413
TRK000001115,2024-12-18,2024-12-21,2024-12-25,Delayed,DHL,West Coast,275.14,121.22,21,False,False,7.0,False,4.0,2026-04-27T23:39:17.576413
TRK000004491,2024-12-18,2024-12-23,2024-12-28,Delivered,UPS,Northeast,435.65,375.63,45,False,False,10.0,False,5.0,2026-04-27T23:39:17.576413
TRK000002248,2024-12-18,2024-12-25,2024-12-28,In Transit,XPO,Southeast,510.43,56.99,5,False,False,10.0,False,3.0,2026-04-27T23:39:17.576413
TRK000003241,2024-12-18,2024-12-25,2024-12-28,In Transit,FEDEX,West Coast,328.14,335.78,45,False,False,10.0,False,3.0,2026-04-27T23:39:17.576413
TRK000003549,2024-12-18,2024-12-20,,Delivered,FEDEX,Midwest,220.26,725.97,7,False,False,,False,,2026-04-27T23:39:17.576413
TRK000004060,2024-12-17,2024-12-19,2024-12-24,Delayed,UPS,Midwest,285.66,221.97,24,False,False,7.0,False,5.0,2026-04-27T23:39:17.576413
TRK000000044,2024-12-17,2024-12-23,2024-12-22,In Transit,DHL,Midwest,229.75,483.95,33,False,False,5.0,False,0.0,2026-04-27T23:39:17.576413
TRK000004946,2024-12-17,2024-12-23,,In Transit,XPO,Midwest,540.33,337.44,21,False,False,,False,,2026-04-27T23:39:17.576413
TRK000001264,2024-12-17,2024-12-19,2024-12-20,Delayed,UPS,Midwest,554.65,642.04,5,False,False,3.0,False,1.0,2026-04-27T23:39:17.576413
TRK000003679,2024-12-17,2024-12-23,2024-12-21,Cancelled,FEDEX,Southeast,419.17,293.84,4,False,False,4.0,False,0.0,2026-04-27T23:39:17.576413
TRK000003739,2024-12-17,2024-12-20,2024-12-18,Delayed,FEDEX,Midwest,373.01,161.69,13,False,False,1.0,False,0.0,2026-04-27T23:39:17.576413
TRK000000965,2024-12-17,2024-12-21,2024-12-22,Delayed,USPS,Midwest,33.77,333.0,14,False,False,5.0,False,1.0,2026-04-27T23:39:17.576413
TRK000003689,2024-12-17,2024-12-20,2024-12-18,Delayed,FEDEX,Midwest,384.23,52.46,10,False,False,1.0,False,0.0,2026-04-27T23:39:17.576413
TRK000004672,2024-12-17,2024-12-20,2024-12-18,Delayed,DHL,West Coast,380.7,697.12,31,False,False,1.0,False,0.0,2026-04-27T23:39:17.576413
TRK000004464,2024-12-16,2024-12-18,2024-12-17,In Transit,USPS,Northeast,239.12,524.53,5,False,False,1.0,False,0.0,2026-04-27T23:39:17.576413
API000423,2024-12-16,2024-12-18,2024-12-19,Delivered,UPS,Midwest,321.88,129.13,22,False,False,3.0,False,1.0,2026-04-27T23:39:17.576413
TRK000003506,2024-12-16,2024-12-23,,In Transit,DHL,Midwest,573.49,707.13,50,False,False,,False,,2026-04-27T23:39:17.576413
TRK000003505,2024-12-16,2024-12-18,2024-12-23,Cancelled,FEDEX,Southwest,101.81,839.71,27,False,False,7.0,False,5.0,2026-04-27T23:39:17.576413
TRK000003055,2024-12-16,2024-12-21,2024-12-21,Delayed,FEDEX,Midwest,454.62,873.36,7,False,False,5.0,False,0.0,2026-04-27T23:39:17.576413
TRK000002479,2024-12-16,2024-12-23,2024-12-27,Delivered,XPO,Midwest,451.04,77.57,43,False,False,11.0,False,4.0,2026-04-27T23:39:17.576413
API000321,2024-12-15,2024-12-17,2024-12-19,In Transit,UPS,Northeast,392.24,171.13,7,False,False,4.0,False,2.0,2026-04-27T23:39:17.576413
API000166,2024-12-15,2024-12-18,2024-12-18,Delayed,FEDEX,Midwest,127.57,650.46,25,False,False,3.0,False,0.0,2026-04-27T23:39:17.576413
API000072,2024-12-15,2024-12-17,2024-12-20,Delayed,FEDEX,Midwest,76.99,324.23,29,False,False,5.0,False,3.0,2026-04-27T23:39:17.576413
TRK000003179,2024-12-15,2024-12-21,2024-12-19,Delayed,UPS,Southeast,198.75,51.77,3,False,False,4.0,False,0.0,2026-04-27T23:39:17.576413
API000405,2024-12-15,2024-12-16,2024-12-16,Delayed,FEDEX,West Coast,351.92,567.82,23,False,False,1.0,False,0.0,2026-04-27T23:39:17.576413
TRK000002775,2024-12-15,2024-12-16,2024-12-17,Delivered,UPS,Southwest,270.66,689.1,20,False,False,2.0,False,1.0,2026-04-27T23:39:17.576413
TRK000000396,2024-12-15,2024-12-17,2024-12-18,In Transit,UPS,Southeast,65.27,-663.56,11,True,False,3.0,False,1.0,2026-04-27T23:39:17.576413
TRK000000511,2024-12-15,2024-12-22,2024-12-27,Delayed,UPS,Southeast,403.72,416.2,19,False,False,12.0,False,5.0,2026-04-27T23:39:17.576413
TRK000003246,2024-12-15,2024-12-20,2024-12-25,In Transit,FEDEX,Southeast,359.38,721.12,35,False,False,10.0,False,5.0,2026-04-27T23:39:17.576413
TRK000003880,2024-12-15,2024-12-18,2024-12-16,Delivered,XPO,West Coast,295.59,52.63,16,False,False,1.0,True,0.0,2026-04-27T23:39:17.576413
TRK000003448,2024-12-15,2024-12-20,2024-12-24,Delivered,FEDEX,Southwest,244.15,681.15,28,False,False,9.0,False,4.0,2026-04-27T23:39:17.576413
TRK000001255,2024-12-15,2024-12-19,2024-12-24,Cancelled,USPS,Midwest,290.71,692.84,48,False,False,9.0,False,5.0,2026-04-27T23:39:17.576413
TRK000002449,2024-12-14,2024-12-21,2024-12-22,Cancelled,DHL,Northeast,183.44,232.48,27,False,False,8.0,False,1.0,2026-04-27T23:39:17.576413
API000040,2024-12-14,2024-12-19,2024-12-19,Delayed,UPS,West Coast,227.88,353.56,20,False,False,5.0,False,0.0,2026-04-27T23:39:17.576413
TRK000000316,2024-12-14,2024-12-16,2024-12-20,Delivered,DHL,West Coast,174.17,867.42,5,False,False,6.0,False,4.0,2026-04-27T23:39:17.576413
TRK000000431,2024-12-14,2024-12-17,2024-12-21,Cancelled,FEDEX,West Coast,452.05,391.76,41,False,False,7.0,False,4.0,2026-04-27T23:39:17.576413
TRK000002456,2024-12-14,2024-12-18,2024-12-20,In Transit,XPO,Midwest,430.48,667.09,24,False,False,6.0,False,2.0,2026-04-27T23:39:17.576413
TRK000004353,2024-12-14,2024-12-20,2024-12-19,Delivered,FEDEX,Midwest,584.27,750.72,24,False,False,5.0,True,0.0,2026-04-27T23:39:17.576413
TRK000002594,2024-12-14,2024-12-19,2024-12-21,Delayed,DHL,Southwest,570.24,818.13,39,False,False,7.0,False,2.0,2026-04-27T23:39:17.576413
TRK000001690,2024-12-14,2024-12-18,2024-12-21,Delivered,USPS,Northeast,41.83,821.48,7,False,False,7.0,False,3.0,2026-04-27T23:39:17.576413
TRK000003851,2024-12-13,2024-12-19,,In Transit,XPO,Midwest,496.34,717.68,40,False,False,,False,,2026-04-27T23:39:17.576413
TRK000004341,2024-12-13,2024-12-15,2024-12-13,In Transit,FEDEX,Southwest,174.4,726.68,15,False,False,0.0,False,0.0,2026-04-27T23:39:17.576413
TRK000004506,2024-12-13,2024-12-19,2024-12-23,Delivered,UPS,Southeast,277.11,160.87,43,False,False,10.0,False,4.0,2026-04-27T23:39:17.576413
TRK000001114,2024-12-13,2024-12-19,2024-12-20,Delivered,DHL,Midwest,433.71,322.23,38,False,False,7.0,False,1.0,2026-04-27T23:39:17.576413
API000002,2024-12-13,2024-12-14,,Delayed,DHL,Northeast,124.42,421.44,12,False,False,,False,,2026-04-27T23:39:17.576413
TRK000002527,2024-12-13,2024-12-17,2024-12-18,Cancelled,FEDEX,Midwest,63.84,229.56,50,False,False,5.0,False,1.0,2026-04-27T23:39:17.576413
TRK000000561,2024-12-13,2024-12-14,2024-12-16,Delayed,FEDEX,Midwest,34.77,835.45,29,False,False,3.0,False,2.0,2026-04-27T23:39:17.576413
TRK000002376,2024-12-13,2024-12-14,,Delivered,FEDEX,Northeast,244.05,804.84,44,False,False,,False,,2026-04-27T23:39:17.576413
TRK000002307,2024-12-13,2024-12-20,,In Transit,FEDEX,Northeast,208.15,722.96,6,False,False,,False,,2026-04-27T23:39:17.576413
TRK000001552,2024-12-13,2024-12-17,2024-12-16,Delivered,XPO,Southeast,235.22,214.77,27,False,False,3.0,True,0.0,2026-04-27T23:39:17.576413
TRK000000144,2024-12-13,2024-12-15,2024-12-17,Cancelled,DHL,Midwest,2.66,640.23,32,False,False,4.0,False,2.0,2026-04-27T23:39:17.576413
TRK000001044,2024-12-12,2024-12-18,2024-12-20,Delivered,USPS,Midwest,518.23,509.7,22,False,False,8.0,False,2.0,2026-04-27T23:39:17.576413
TRK000003715,2024-12-12,2024-12-13,2024-12-14,In Transit,FEDEX,West Coast,485.81,541.2,5,False,False,2.0,False,1.0,2026-04-27T23:39:17.576413
TRK000001541,2024-12-12,2024-12-14,2024-12-17,Delivered,FEDEX,Midwest,192.24,295.58,28,False,False,5.0,False,3.0,2026-04-27T23:39:17.576413
TRK000000670,2024-12-12,2024-12-14,2024-12-12,Delivered,UPS,Southeast,511.09,795.95,19,False,False,0.0,True,0.0,2026-04-27T23:39:17.576413
TRK000003414,2024-12-12,2024-12-13,2024-12-16,Cancelled,XPO,Midwest,561.58,114.48,5,False,False,4.0,False,3.0,2026-04-27T23:39:17.576413
TRK000001042,2024-12-12,2024-12-13,2024-12-12,Delivered,DHL,Northeast,247.06,453.31,46,False,False,0.0,True,0.0,2026-04-27T23:39:17.576413
TRK000001800,2024-12-12,2024-12-15,2024-12-14,In Transit,UPS,Midwest,536.82,577.0,12,False,False,2.0,False,0.0,2026-04-27T23:39:17.576413
TRK000001958,2024-12-12,2024-12-17,2024-12-20,Delivered,UPS,Midwest,470.38,75.45,25,False,False,8.0,False,3.0,2026-04-27T23:39:17.576413
TRK000002091,2024-12-11,2024-12-14,2024-12-18,Cancelled,UPS,Northeast,212.97,829.03,32,False,False,7.0,False,4.0,2026-04-27T23:39:17.576413
TRK000001129,2024-12-11,2024-12-13,2024-12-12,Delayed,FEDEX,Northeast,185.51,678.46,26,False,False,1.0,False,0.0,2026-04-27T23:39:17.576413
TRK000004204,2024-12-11,2024-12-16,2024-12-16,Delivered,FEDEX,Midwest,579.88,349.54,41,False,False,5.0,True,0.0,2026-04-27T23:39:17.576413
TRK000004361,2024-12-11,2024-11-16,2024-11-16,Delivered,FEDEX,West Coast,248.5,340.79,31,False,False,-25.0,True,0.0,2026-04-27T23:39:17.576413
TRK000000168,2024-12-11,2024-12-17,2024-12-16,In Transit,UPS,Southeast,529.93,446.02,34,False,False,5.0,False,0.0,2026-04-27T23:39:17.576413
TRK000001540,2024-12-11,2024-12-15,2024-12-14,In Transit,FEDEX,Southwest,145.9,510.75,13,False,False,3.0,False,0.0,2026-04-27T23:39:17.576413
TRK000002372,2024-12-11,2024-12-12,2024-12-13,Delayed,XPO,Midwest,104.43,558.52,10,False,False,2.0,False,1.0,2026-04-27T23:39:17.576413
TRK000001747,2024-12-11,2024-11-18,2024-11-17,In Transit,FEDEX,Midwest,566.57,123.46,28,False,False,-24.0,False,0.0,2026-04-27T23:39:17.576413
TRK000004411,2024-12-11,2024-12-16,2024-12-17,Delivered,UPS,Midwest,381.04,754.9,45,False,False,6.0,False,1.0,2026-04-27T23:39:17.576413
TRK000000299,2024-12-11,2024-11-19,2024-11-24,Delayed,UPS,Southwest,303.96,6712.63,19,False,True,-17.0,False,5.0,2026-04-27T23:39:17.576413
API000145,2024-12-11,2024-12-16,2024-12-19,Delivered,UPS,Northeast,255.79,432.18,18,False,False,8.0,False,3.0,2026-04-27T23:39:17.576413
TRK000004154,2024-12-11,2024-12-16,2024-12-17,Cancelled,DHL,Midwest,566.02,596.31,24,False,False,6.0,False,1.0,2026-04-27T23:39:17.576413
TRK000000966,2024-12-10,2024-12-12,2024-12-12,Delivered,FEDEX,West Coast,499.24,472.1,8,False,False,2.0,True,0.0,2026-04-27T23:39:17.576413
TRK000003263,2024-12-10,2024-10-17,,Delayed,FEDEX,Southeast,272.67,499.77,5,False,False,,False,,2026-04-27T23:39:17.576413
TRK000000221,2024-12-10,2024-12-12,2024-12-15,Delayed,USPS,Southeast,4.23,91.65,22,False,False,5.0,False,3.0,2026-04-27T23:39:17.576413
API000494,2024-12-10,2024-12-14,2024-12-12,In Transit,FEDEX,Midwest,259.73,114.53,22,False,False,2.0,False,0.0,2026-04-27T23:39:17.576413
TRK000001554,2024-12-10,2024-12-14,,Cancelled,UPS,Midwest,57.12,848.44,6,False,False,,False,,2026-04-27T23:39:17.576413
TRK000001591,2024-12-09,2024-09-16,2024-09-20,Cancelled,UPS,Midwest,464.16,56.36,14,False,False,-80.0,False,4.0,2026-04-27T23:39:17.576413
TRK000004111,2024-12-09,2024-12-10,2024-12-11,Cancelled,FEDEX,Southwest,257.77,745.47,1,False,False,2.0,False,1.0,2026-04-27T23:39:17.576413
TRK000003762,2024-12-09,2024-09-19,2024-09-22,In Transit,UPS,Midwest,66.84,716.68,25,False,False,-78.0,False,3.0,2026-04-27T23:39:17.576413
TRK000003713,2024-12-09,2024-12-16,2024-12-15,Delivered,FEDEX,Midwest,240.53,324.94,10,False,False,6.0,True,0.0,2026-04-27T23:39:17.576413
TRK000000140,2024-12-09,2024-09-13,2024-09-11,Delayed,UPS,Southwest,5.71,637.08,26,False,False,-89.0,False,0.0,2026-04-27T23:39:17.576413
TRK000002595,2024-12-09,2024-12-15,2024-12-18,In Transit,FEDEX,Midwest,193.06,842.52,21,False,False,9.0,False,3.0,2026-04-27T23:39:17.576413
TRK000001359,2024-12-09,2024-12-15,2024-12-16,Cancelled,DHL,Northeast,93.64,465.41,27,False,False,7.0,False,1.0,2026-04-27T23:39:17.576413
TRK000000869,2024-12-09,2024-12-12,2024-12-12,Delivered,XPO,Midwest,544.09,717.87,16,False,False,3.0,True,0.0,2026-04-27T23:39:17.576413
TRK000000599,2024-12-09,2024-10-12,2024-12-12,In Transit,UPS,Midwest,12.82,233.92,47,False,False,3.0,False,61.0,2026-04-27T23:39:17.576413
TRK000004484,2024-12-09,2024-12-12,,In Transit,UPS,Midwest,497.96,603.54,31,False,False,,False,,2026-04-27T23:39:17.576413
TRK000004947,2024-12-08,2024-12-14,2024-12-19,Cancelled,USPS,Midwest,554.93,727.93,2,False,False,11.0,False,5.0,2026-04-27T23:39:17.576413
API000065,2024-12-08,2024-12-10,2024-12-10,Delivered,UPS,West Coast,391.97,494.97,9,False,False,2.0,True,0.0,2026-04-27T23:39:17.576413
TRK000001364,2024-12-08,2024-08-18,2024-08-22,Delayed,FEDEX,Southwest,403.47,337.67,17,False,False,-108.0,False,4.0,2026-04-27T23:39:17.576413
TRK000003153,2024-12-08,2024-12-14,2024-12-12,Delivered,UPS,Southeast,145.95,234.23,23,False,False,4.0,True,0.0,2026-04-27T23:39:17.576413
TRK000001657,2024-12-08,2024-12-12,2024-12-17,Delivered,FEDEX,Northeast,248.88,279.46,16,False,False,9.0,False,5.0,2026-04-27T23:39:17.576413
TRK000004595,2024-12-08,2024-08-15,2024-08-15,Delivered,UPS,Southeast,231.54,702.41,9,False,False,-115.0,True,0.0,2026-04-27T23:39:17.576413
TRK000000430,2024-12-08,2024-08-14,2024-08-17,Delivered,UPS,Midwest,489.5,538.03,16,False,False,-113.0,False,3.0,2026-04-27T23:39:17.576413
TRK000004044,2024-12-08,2024-08-16,2024-08-21,Delivered,FEDEX,Midwest,430.73,204.47,8,False,False,-109.0,False,5.0,2026-04-27T23:39:17.576413
TRK000003006,2024-12-08,2024-08-13,2024-08-11,Delivered,USPS,Southwest,396.25,105.47,39,False,False,-119.0,True,0.0,2026-04-27T23:39:17.576413
TRK000000352,2024-12-08,2024-12-13,2024-12-16,Delayed,FEDEX,Midwest,419.23,216.43,2,False,False,8.0,False,3.0,2026-04-27T23:39:17.576413
TRK000001558,2024-12-07,2024-12-08,,Delayed,USPS,Midwest,196.16,182.22,16,False,False,,False,,2026-04-27T23:39:17.576413
TRK000004837,2024-12-07,2024-12-12,2024-12-17,In Transit,FEDEX,West Coast,202.18,773.47,42,False,False,10.0,False,5.0,2026-04-27T23:39:17.576413
TRK000001325,2024-12-07,2024-12-08,,In Transit,FEDEX,Southwest,517.76,188.63,29,False,False,,False,,2026-04-27T23:39:17.576413
TRK000000988,2024-12-07,2024-09-12,2024-12-11,Delayed,FEDEX,Southwest,294.71,450.3,30,False,False,4.0,False,90.0,2026-04-27T23:39:17.576413
API000046,2024-12-07,2024-12-09,,Delivered,UPS,Midwest,60.0,331.01,10,False,False,,False,,2026-04-27T23:39:17.576413
TRK000002056,2024-12-07,2024-12-13,2024-12-18,Delivered,FEDEX,Midwest,58.7,202.53,40,False,False,11.0,False,5.0,2026-04-27T23:39:17.576413
TRK000004105,2024-12-07,2024-12-13,2024-12-11,Delivered,FEDEX,Southeast,308.42,794.67,41,False,False,4.0,True,0.0,2026-04-27T23:39:17.576413
TRK000003326,2024-12-07,2024-12-13,2024-12-13,In Transit,FEDEX,Midwest,490.0,491.61,36,False,False,6.0,False,0.0,2026-04-27T23:39:17.576413
TRK000001537,2024-12-07,2024-12-11,2024-12-16,In Transit,USPS,West Coast,303.55,226.93,13,False,False,9.0,False,5.0,2026-04-27T23:39:17.576413
TRK000000600,2024-12-06,2024-12-10,2024-12-12,Delivered,FEDEX,Southeast,453.32,165.28,29,False,False,6.0,False,2.0,2026-04-27T23:39:17.576413
TRK000000644,2024-12-06,2024-12-11,2024-12-16,Cancelled,UPS,Southeast,93.69,682.88,13,False,False,10.0,False,5.0,2026-04-27T23:39:17.576413
TRK000002231,2024-12-06,2024-06-17,2024-06-19,Delivered,XPO,West Coast,241.86,587.0,3,False,False,-170.0,False,2.0,2026-04-27T23:39:17.576413
TRK000001936,2024-12-06,2024-06-18,2024-06-19,Delivered,DHL,Midwest,84.11,334.26,20,False,False,-170.0,False,1.0,2026-04-27T23:39:17.576413
TRK000001824,2024-12-06,2024-06-16,,Delivered,DHL,Northeast,97.47,416.45,39,False,False,,False,,2026-04-27T23:39:17.576413
TRK000000410,2024-12-06,2024-12-13,,Cancelled,FEDEX,Midwest,541.63,530.53,41,False,False,,False,,2026-04-27T23:39:17.576413
TRK000002349,2024-12-06,2024-06-16,2024-06-14,Delivered,FEDEX,Northeast,580.4,158.35,5,False,False,-175.0,True,0.0,2026-04-27T23:39:17.576413
TRK000003538,2024-12-05,2024-12-12,2024-12-17,Delayed,DHL,Midwest,466.33,144.57,30,False,False,12.0,False,5.0,2026-04-27T23:39:17.576413
TRK000001351,2024-12-05,2024-12-10,2024-12-11,In Transit,FEDEX,West Coast,189.37,433.36,5,False,False,6.0,False,1.0,2026-04-27T23:39:17.576413
TRK000000913,2024-12-05,2024-05-13,2024-05-14,Delivered,FEDEX,Midwest,86.45,375.94,46,False,False,-205.0,False,1.0,2026-04-27T23:39:17.576413
TRK000003949,2024-12-05,2024-08-12,2024-12-06,Delivered,FEDEX,Southwest,541.67,539.29,33,False,False,1.0,False,116.0,2026-04-27T23:39:17.576413
TRK000000073,2024-12-05,2024-05-18,2024-05-22,Delivered,FEDEX,Northeast,9.87,729.71,11,False,False,-197.0,False,4.0,2026-04-27T23:39:17.576413
TRK000000454,2024-12-05,2024-12-11,2024-12-09,In Transit,USPS,Midwest,193.74,103.03,3,False,False,4.0,False,0.0,2026-04-27T23:39:17.576413
TRK000002634,2024-12-05,2024-12-12,,Cancelled,FEDEX,Northeast,535.31,797.85,39,False,False,,False,,2026-04-27T23:39:17.576413
API000185,2024-12-05,2024-12-07,,Delivered,FEDEX,Midwest,147.51,435.93,19,False,False,,False,,2026-04-27T23:39:17.576413
TRK000001323,2024-12-05,2024-12-12,2024-12-16,Delayed,FEDEX,West Coast,132.04,687.57,2,False,False,11.0,False,4.0,2026-04-27T23:39:17.576413
TRK000004040,2024-12-05,2024-12-10,2024-12-14,Cancelled,FEDEX,Southwest,591.8,691.18,31,False,False,9.0,False,4.0,2026-04-27T23:39:17.576413
TRK000003068,2024-12-05,2024-07-12,,Delayed,XPO,Midwest,482.91,847.23,28,False,False,,False,,2026-04-27T23:39:17.576413
TRK000004889,2024-12-04,2024-12-10,2024-08-12,In Transit,DHL,Northeast,105.89,135.0,24,False,False,-114.0,False,0.0,2026-04-27T23:39:17.576413
TRK000001757,2024-12-04,2024-04-14,2024-04-15,Delivered,USPS,Southeast,542.15,394.41,44,False,False,-233.0,False,1.0,2026-04-27T23:39:17.576413
TRK000000216,2024-12-04,2024-12-07,2024-12-12,Cancelled,FEDEX,Midwest,558.54,317.61,22,False,False,8.0,False,5.0,2026-04-27T23:39:17.576413
TRK000001327,2024-12-04,2024-04-13,2024-04-17,In Transit,FEDEX,Midwest,153.68,897.25,5,False,False,-231.0,False,4.0,2026-04-27T23:39:17.576413
TRK000002230,2024-12-04,2024-12-07,2024-12-09,Delayed,UPS,Southeast,89.52,346.13,29,False,False,5.0,False,2.0,2026-04-27T23:39:17.576413
TRK000000530,2024-12-04,2024-12-10,2024-12-08,Delayed,FEDEX,Midwest,224.57,263.99,18,False,False,4.0,False,0.0,2026-04-27T23:39:17.576413
TRK000000282,2024-12-04,2024-12-11,2024-12-15,Cancelled,DHL,West Coast,131.53,129.83,38,False,False,11.0,False,4.0,2026-04-27T23:39:17.576413
TRK000002398,2024-12-04,2024-12-09,,Delivered,XPO,Midwest,337.64,858.25,28,False,False,,False,,2026-04-27T23:39:17.576413
TRK000001232,2024-12-04,2024-12-08,2024-12-13,Delivered,UPS,Southeast,293.39,888.54,22,False,False,9.0,False,5.0,2026-04-27T23:39:17.576413
TRK000001288,2024-12-04,2024-12-10,2024-12-10,Delivered,FEDEX,West Coast,311.0,244.56,23,False,False,6.0,True,0.0,2026-04-27T23:39:17.576413
TRK000000608,2024-12-04,2024-11-12,2024-12-15,Delivered,FEDEX,Midwest,295.5,297.0,7,False,False,11.0,False,33.0,2026-04-27T23:39:17.576413
TRK000004888,2024-12-04,2024-04-13,2024-04-17,Delivered,FEDEX,Southeast,407.03,561.15,33,False,False,-231.0,False,4.0,2026-04-27T23:39:17.576413
TRK000004535,2024-12-04,2024-04-17,2024-04-16,Delayed,FEDEX,Southeast,556.72,727.84,33,False,False,-232.0,False,0.0,2026-04-27T23:39:17.576413
TRK000002705,2024-12-03,2024-12-04,2024-12-03,Delivered,XPO,Southwest,322.3,356.65,27,False,False,0.0,True,0.0,2026-04-27T23:39:17.576413
TRK000001137,2024-12-03,2024-12-09,2024-12-14,Cancelled,XPO,Midwest,78.35,588.66,39,False,False,11.0,False,5.0,2026-04-27T23:39:17.576413
API000399,2024-12-03,2024-12-05,2024-12-06,Delayed,UPS,West Coast,159.54,295.88,24,False,False,3.0,False,1.0,2026-04-27T23:39:17.576413
API000360,2024-12-03,2024-12-04,2024-12-10,Delivered,DHL,Northeast,323.12,566.55,15,False,False,7.0,False,6.0,2026-04-27T23:39:17.576413
TRK000002680,2024-12-03,2024-12-05,2024-12-05,In Transit,FEDEX,Midwest,439.49,64.14,30,False,False,2.0,False,0.0,2026-04-27T23:39:17.576413
TRK000000459,2024-12-03,2024-03-18,,Delivered,FEDEX,Southeast,272.09,511.82,36,False,False,,False,,2026-04-27T23:39:17.576413
TRK000002824,2024-12-03,2024-12-06,2024-12-05,Delayed,FEDEX,West Coast,380.59,53.23,39,False,False,2.0,False,0.0,2026-04-27T23:39:17.576413
API000254,2024-12-02,2024-12-05,2024-12-03,In Transit,DHL,Midwest,395.75,197.49,17,False,False,1.0,False,0.0,2026-04-27T23:39:17.576413
TRK000000934,2024-12-02,2024-12-09,2024-12-13,Delivered,UPS,Southeast,266.25,772.5,2,False,False,11.0,False,4.0,2026-04-27T23:39:17.576413
TRK000004822,2024-12-02,2024-02-17,2024-02-16,Cancelled,FEDEX,Midwest,235.07,470.22,47,False,False,-290.0,False,0.0,2026-04-27T23:39:17.576413
API000447,2024-12-02,2024-12-06,2024-12-09,Delivered,DHL,Northeast,256.37,289.71,16,False,False,7.0,False,3.0,2026-04-27T23:39:17.576413
TRK000001431,2024-12-02,2024-12-06,2024-05-12,Delivered,FEDEX,Southeast,136.43,361.97,28,False,False,-204.0,True,0.0,2026-04-27T23:39:17.576413
TRK000002022,2024-12-02,2024-12-05,2024-12-04,Delivered,FEDEX,Southwest,277.42,161.34,45,False,False,2.0,True,0.0,2026-04-27T23:39:17.576413
TRK000003266,2024-12-02,2024-12-08,2024-12-11,Cancelled,UPS,West Coast,538.68,688.76,11,False,False,9.0,False,3.0,2026-04-27T23:39:17.576413
TRK000000793,2024-12-02,2024-02-17,2024-02-22,Cancelled,FEDEX,Midwest,254.97,504.21,15,False,False,-284.0,False,5.0,2026-04-27T23:39:17.576413
TRK000002388,2024-12-02,2024-12-06,2024-12-10,In Transit,FEDEX,Southwest,228.53,82.87,22,False,False,8.0,False,4.0,2026-04-27T23:39:17.576413
TRK000002575,2024-12-02,2024-06-12,2024-12-06,Cancelled,FEDEX,Midwest,328.55,252.13,10,False,False,4.0,False,177.0,2026-04-27T23:39:17.576413
API000463,2024-12-01,2024-12-04,2024-12-02,In Transit,FEDEX,Northeast,109.89,301.45,5,False,False,1.0,False,0.0,2026-04-27T23:39:17.576413
TRK000004598,2024-12-01,2024-12-07,2024-12-08,Cancelled,FEDEX,Midwest,212.2,750.71,2,False,False,7.0,False,1.0,2026-04-27T23:39:17.576413
TRK000002991,2024-12-01,2024-12-04,2024-12-09,Delayed,DHL,Midwest,149.26,778.24,38,False,False,8.0,False,5.0,2026-04-27T23:39:17.576413
TRK000003075,2024-12-01,2024-12-04,2024-12-02,Delivered,FEDEX,West Coast,226.6,14920.98,20,False,True,1.0,True,0.0,2026-04-27T23:39:17.576413
TRK000000311,2024-12-01,2024-12-06,2024-09-12,Delivered,XPO,Southwest,558.02,535.77,42,False,False,-80.0,True,0.0,2026-04-27T23:39:17.576413
TRK000000048,2024-12-01,2024-12-03,,Delivered,FEDEX,Midwest,494.58,52.91,31,False,False,,False,,2026-04-27T23:39:17.576413
TRK000004202,2024-12-01,2024-01-13,,Delayed,FEDEX,Midwest,142.83,78.59,18,False,False,,False,,2026-04-27T23:39:17.576413
TRK000002044,2024-12-01,2024-07-12,2024-12-07,Delivered,FEDEX,West Coast,161.03,377.71,48,False,False,6.0,False,148.0,2026-04-27T23:39:17.576413
TRK000002347,2024-12-01,2024-12-05,2024-12-07,In Transit,XPO,Southwest,379.48,449.78,6,False,False,6.0,False,2.0,2026-04-27T23:39:17.576413
TRK000001495,2024-12-01,2024-01-18,,Cancelled,USPS,Midwest,217.22,446.28,24,False,False,,False,,2026-04-27T23:39:17.576413
TRK000001851,2024-12-01,2024-01-13,2024-01-14,Cancelled,UPS,Northeast,474.39,284.86,23,False,False,-322.0,False,1.0,2026-04-27T23:39:17.576413
TRK000000641,2024-12-01,2024-12-05,2024-12-04,Cancelled,FEDEX,Southwest,222.86,200.81,3,False,False,3.0,False,0.0,2026-04-27T23:39:17.576413
TRK000002461,2024-11-30,2024-05-12,2024-12-03,Delayed,UPS,Southeast,576.43,765.98,34,False,False,3.0,False,205.0,2026-04-27T23:39:17.576413
TRK000003232,2024-11-30,2024-12-06,2024-11-12,Delivered,FEDEX,West Coast,545.78,843.51,37,False,False,-18.0,True,0.0,2026-04-27T23:39:17.576413
TRK000004735,2024-11-30,2024-12-02,2024-04-12,Delayed,UPS,Midwest,369.46,269.51,19,False,False,-232.0,False,0.0,2026-04-27T23:39:17.576413
TRK000003000,2024-11-30,2024-12-05,,Delayed,UPS,West Coast,192.36,596.47,25,False,False,,False,,2026-04-27T23:39:17.576413
TRK000003994,2024-11-30,2024-12-07,2024-12-08,Delivered,FEDEX,West Coast,414.29,184.83,13,False,False,8.0,False,1.0,2026-04-27T23:39:17.576413
TRK000003615,2024-11-30,2024-12-01,2024-12-05,Cancelled,XPO,Northeast,177.43,543.76,16,False,False,5.0,False,4.0,2026-04-27T23:39:17.576413
TRK000000085,2024-11-29,2024-12-02,2024-12-07,Delivered,DHL,West Coast,286.44,282.06,1,False,False,8.0,False,5.0,2026-04-27T23:39:17.576413
TRK000002891,2024-11-29,2024-11-30,2024-05-12,Delivered,DHL,Southeast,95.52,295.38,27,False,False,-201.0,True,0.0,2026-04-27T23:39:17.576413
API000098,2024-11-29,2024-12-03,2024-12-07,Delayed,UPS,West Coast,381.02,562.6,17,False,False,8.0,False,4.0,2026-04-27T23:39:17.576413
TRK000000131,2024-11-29,2024-11-30,,Delivered,FEDEX,Southwest,574.75,457.56,30,False,False,,False,,2026-04-27T23:39:17.576413
TRK000000798,2024-11-29,2024-12-02,2024-12-02,Cancelled,XPO,Midwest,319.2,266.81,33,False,False,3.0,False,0.0,2026-04-27T23:39:17.576413
TRK000001476,2024-11-29,2024-12-01,2024-12-01,In Transit,DHL,Midwest,156.82,-403.25,47,True,False,2.0,False,0.0,2026-04-27T23:39:17.576413
TRK000000290,2024-11-29,2024-01-12,2024-11-30,In Transit,DHL,Midwest,551.17,312.81,49,False,False,1.0,False,323.0,2026-04-27T23:39:17.576413
TRK000002838,2024-11-29,2024-12-06,,Delivered,FEDEX,Midwest,168.77,250.3,6,False,False,,False,,2026-04-27T23:39:17.576413
TRK000000426,2024-11-29,2024-12-05,2024-12-09,Delivered,FEDEX,Midwest,303.78,401.58,13,False,False,10.0,False,4.0,2026-04-27T23:39:17.576413
TRK000003436,2024-11-28,2024-12-01,2024-12-04,Delayed,UPS,Southwest,420.37,244.57,26,False,False,6.0,False,3.0,2026-04-27T23:39:17.576413
TRK000004870,2024-11-28,2024-11-30,2024-12-01,Cancelled,UPS,Midwest,334.49,80.96,15,False,False,3.0,False,1.0,2026-04-27T23:39:17.576413
TRK000004951,2024-11-28,2024-12-01,2024-12-06,Delayed,UPS,Midwest,409.47,178.33,15,False,False,8.0,False,5.0,2026-04-27T23:39:17.576413
TRK000000755,2024-11-28,2024-11-30,2024-11-28,Cancelled,FEDEX,Southwest,372.09,119.93,43,False,False,0.0,False,0.0,2026-04-27T23:39:17.576413
TRK000004236,2024-11-28,2024-11-29,,In Transit,UPS,Midwest,208.77,245.84,29,False,False,,False,,2026-04-27T23:39:17.576413
TRK000000979,2024-11-28,2024-12-01,2024-11-30,Cancelled,USPS,Southeast,244.37,758.51,36,False,False,2.0,False,0.0,2026-04-27T23:39:17.576413
TRK000003462,2024-11-28,2024-12-01,2024-12-06,Delayed,DHL,Midwest,144.8,414.22,33,False,False,8.0,False,5.0,2026-04-27T23:39:17.576413
TRK000000193,2024-11-28,2024-12-04,2024-06-12,In Transit,DHL,Northeast,331.47,249.52,32,False,False,-169.0,False,0.0,2026-04-27T23:39:17.576413
TRK000001311,2024-11-28,2024-12-01,2024-11-29,Delivered,USPS,Midwest,30.82,321.12,41,False,False,1.0,True,0.0,2026-04-27T23:39:17.576413
API000192,2024-11-27,2024-11-28,2024-12-03,In Transit,DHL,Midwest,12.49,372.22,8,False,False,6.0,False,5.0,2026-04-27T23:39:17.576413
TRK000003354,2024-11-27,2024-11-28,,In Transit,UPS,Southeast,125.86,434.71,28,False,False,,False,,2026-04-27T23:39:17.576413
TRK000002161,2024-11-27,2024-02-12,,Delayed,UPS,Southeast,428.37,181.55,43,False,False,,False,,2026-04-27T23:39:17.576413
TRK000001642,2024-11-27,2024-11-30,2024-12-01,Delivered,FEDEX,Midwest,590.08,222.13,22,False,False,4.0,False,1.0,2026-04-27T23:39:17.576413
TRK000001520,2024-11-27,2024-12-03,2024-12-03,Delayed,DHL,West Coast,72.57,352.36,8,False,False,6.0,False,0.0,2026-04-27T23:39:17.576413
TRK000001069,2024-11-27,2024-12-01,,Delivered,DHL,Midwest,426.5,602.12,41,False,False,,False,,2026-04-27T23:39:17.576413
TRK000004874,2024-11-27,2024-12-04,2024-03-12,Cancelled,FEDEX,West Coast,427.59,306.11,15,False,False,-260.0,False,0.0,2026-04-27T23:39:17.576413
TRK000002800,2024-11-27,2024-11-28,2024-11-29,Delivered,UPS,Northeast,431.89,356.16,46,False,False,2.0,False,1.0,2026-04-27T23:39:17.576413
TRK000000520,2024-11-27,2024-12-03,2024-05-12,Delayed,XPO,Midwest,554.86,259.55,28,False,False,-199.0,False,0.0,2026-04-27T23:39:17.576413
TRK000004051,2024-11-26,2024-11-27,2024-11-25,Delayed,UPS,Midwest,500.41,554.6,12,False,False,-1.0,False,0.0,2026-04-27T23:39:17.576413
TRK000000239,2024-11-26,2024-11-28,2024-11-27,Cancelled,UPS,Midwest,536.16,296.56,30,False,False,1.0,False,0.0,2026-04-27T23:39:17.576413
TRK000002495,2024-11-26,2024-11-30,2024-11-30,In Transit,UPS,Northeast,310.6,755.5,6,False,False,4.0,False,0.0,2026-04-27T23:39:17.576413
TRK000001146,2024-11-26,2024-11-30,2024-12-05,Cancelled,FEDEX,Midwest,514.12,532.37,37,False,False,9.0,False,5.0,2026-04-27T23:39:17.576413
TRK000004337,2024-11-26,2024-11-30,2024-12-05,Delivered,UPS,Midwest,382.24,639.24,26,False,False,9.0,False,5.0,2026-04-27T23:39:17.576413
TRK000003479,2024-11-26,2024-12-03,2024-06-12,Cancelled,DHL,West Coast,302.38,874.11,49,False,False,-167.0,False,0.0,2026-04-27T23:39:17.576413
TRK000002146,2024-11-26,2024-12-03,2024-12-01,In Transit,FEDEX,Midwest,411.25,364.79,1,False,False,5.0,False,0.0,2026-04-27T23:39:17.576413
TRK000004459,2024-11-25,2024-11-26,2024-12-01,In Transit,FEDEX,Southwest,219.49,771.45,40,False,False,6.0,False,5.0,2026-04-27T23:39:17.576413
TRK000000338,2024-11-25,2024-11-26,2024-11-28,Delayed,UPS,Midwest,39.05,358.85,25,False,False,3.0,False,2.0,2026-04-27T23:39:17.576413
TRK000001074,2024-11-25,2024-12-01,2024-11-29,Cancelled,DHL,Southwest,68.42,580.51,15,False,False,4.0,False,0.0,2026-04-27T23:39:17.576413
TRK000001430,2024-11-25,2024-11-28,,Delivered,USPS,West Coast,397.61,852.17,20,False,False,,False,,2026-04-27T23:39:17.576413
TRK000002998,2024-11-25,2024-11-28,2024-12-03,Cancelled,FEDEX,Midwest,305.0,732.55,27,False,False,8.0,False,5.0,2026-04-27T23:39:17.576413
API000054,2024-11-25,2024-11-26,2024-11-30,Delivered,FEDEX,Midwest,113.86,167.67,9,False,False,5.0,False,4.0,2026-04-27T23:39:17.576413
API000488,2024-11-25,2024-11-26,,Delayed,FEDEX,Midwest,345.88,605.03,12,False,False,,False,,2026-04-27T23:39:17.576413
TRK000004480,2024-11-25,2024-12-02,2024-12-01,In Transit,USPS,Midwest,280.91,482.02,17,False,False,6.0,False,0.0,2026-04-27T23:39:17.576413
TRK000002708,2024-11-25,2024-11-29,2024-11-28,In Transit,FEDEX,Midwest,492.49,748.92,14,False,False,3.0,False,0.0,2026-04-27T23:39:17.576413
TRK000001128,2024-11-25,2024-11-29,,In Transit,DHL,Midwest,570.75,669.56,43,False,False,,False,,2026-04-27T23:39:17.576413
TRK000001433,2024-11-24,2024-11-28,2024-11-28,Delayed,UPS,Southeast,278.36,409.04,26,False,False,4.0,False,0.0,2026-04-27T23:39:17.576413
TRK000000115,2024-11-24,2024-12-01,2024-12-06,Delivered,USPS,West Coast,304.09,461.43,14,False,False,12.0,False,5.0,2026-04-27T23:39:17.576413
TRK000004688,2024-11-24,2024-11-28,2024-02-12,In Transit,UPS,Southeast,261.85,243.67,43,False,False,-286.0,False,0.0,2026-04-27T23:39:17.576413
TRK000003087,2024-11-24,2024-11-26,,Delivered,USPS,West Coast,288.81,470.86,10,False,False,,False,,2026-04-27T23:39:17.576413
TRK000000369,2024-11-24,2024-11-28,2024-11-30,Delayed,UPS,Midwest,236.75,174.13,29,False,False,6.0,False,2.0,2026-04-27T23:39:17.576413
TRK000002303,2024-11-24,2024-11-27,2024-11-29,Delivered,UPS,Southeast,436.71,466.56,2,False,False,5.0,False,2.0,2026-04-27T23:39:17.576413
TRK000004997,2024-11-24,2024-11-30,2024-11-29,Cancelled,DHL,Midwest,404.11,724.45,16,False,False,5.0,False,0.0,2026-04-27T23:39:17.576413
TRK000004193,2024-11-24,2024-11-30,2024-11-30,Delayed,FEDEX,Midwest,129.4,327.58,31,False,False,6.0,False,0.0,2026-04-27T23:39:17.576413
TRK000000268,2024-11-24,2024-11-27,2024-11-25,In Transit,DHL,Northeast,81.91,169.89,32,False,False,1.0,False,0.0,2026-04-27T23:39:17.576413
TRK000002095,2024-11-24,2024-11-27,2024-11-29,Delivered,UPS,Midwest,520.39,807.05,10,False,False,5.0,False,2.0,2026-04-27T23:39:17.576413
TRK000000107,2024-11-23,2024-11-30,2024-11-30,In Transit,UPS,Midwest,152.83,584.33,27,False,False,7.0,False,0.0,2026-04-27T23:39:17.576413
API000401,2024-11-23,2024-11-27,,Delayed,DHL,Northeast,307.62,541.85,26,False,False,,False,,2026-04-27T23:39:17.576413
TRK000004290,2024-11-23,2024-11-28,2024-11-26,Delivered,DHL,Midwest,506.46,379.13,41,False,False,3.0,True,0.0,2026-04-27T23:39:17.576413
TRK000000329,2024-11-23,2024-11-27,2024-11-29,Delayed,UPS,Southeast,313.33,204.37,14,False,False,6.0,False,2.0,2026-04-27T23:39:17.576413
TRK000004665,2024-11-23,2024-11-26,2024-11-29,Delayed,DHL,Northeast,561.79,529.24,48,False,False,6.0,False,3.0,2026-04-27T23:39:17.576413
TRK000000252,2024-11-23,2024-11-27,2024-11-27,Delivered,DHL,Midwest,260.74,505.52,2,False,False,4.0,True,0.0,2026-04-27T23:39:17.576413
API000036,2024-11-23,2024-11-26,2024-11-29,Delivered,FEDEX,Midwest,325.64,308.25,29,False,False,6.0,False,3.0,2026-04-27T23:39:17.576413
TRK000000742,2024-11-23,2024-11-29,2024-11-27,Delayed,FEDEX,Northeast,590.65,699.61,33,False,False,4.0,False,0.0,2026-04-27T23:39:17.576413
API000051,2024-11-22,2024-11-23,2024-11-24,Delayed,FEDEX,Midwest,395.52,293.28,17,False,False,2.0,False,1.0,2026-04-27T23:39:17.576413
TRK000003937,2024-11-22,2024-11-26,2024-11-27,Delivered,FEDEX,Southwest,463.62,123.27,30,False,False,5.0,False,1.0,2026-04-27T23:39:17.576413
TRK000003876,2024-11-22,2024-11-27,2024-12-01,Delivered,UPS,Southeast,36.67,649.62,23,False,False,9.0,False,4.0,2026-04-27T23:39:17.576413
TRK000001616,2024-11-22,2024-11-27,2024-12-01,Delivered,FEDEX,West Coast,551.06,123.48,41,False,False,9.0,False,4.0,2026-04-27T23:39:17.576413
TRK000003478,2024-11-22,2024-11-29,2024-12-03,Delayed,XPO,Midwest,572.15,641.63,39,False,False,11.0,False,4.0,2026-04-27T23:39:17.576413
TRK000003578,2024-11-22,2024-11-28,2024-11-30,Delivered,FEDEX,Midwest,185.83,654.27,31,False,False,8.0,False,2.0,2026-04-27T23:39:17.576413
TRK000002472,2024-11-22,2024-11-28,,Delivered,FEDEX,Midwest,198.49,487.48,38,False,False,,False,,2026-04-27T23:39:17.576413
TRK000001621,2024-11-21,2024-11-26,2024-11-30,Delivered,UPS,West Coast,560.89,875.63,26,False,False,9.0,False,4.0,2026-04-27T23:39:17.576413
TRK000000676,2024-11-21,2024-11-25,2024-11-29,Delivered,UPS,West Coast,594.89,800.4,21,False,False,8.0,False,4.0,2026-04-27T23:39:17.576413
API000111,2024-11-21,2024-11-26,2024-11-22,In Transit,FEDEX,Northeast,393.92,81.29,16,False,False,1.0,False,0.0,2026-04-27T23:39:17.576413
TRK000004148,2024-11-21,2024-11-24,2024-11-23,Delivered,FEDEX,Northeast,324.24,375.51,42,False,False,2.0,True,0.0,2026-04-27T23:39:17.576413
TRK000000514,2024-11-21,2024-11-24,2024-11-26,Delayed,DHL,Midwest,247.75,657.9,29,False,False,5.0,False,2.0,2026-04-27T23:39:17.576413
TRK000000489,2024-11-21,2024-11-24,2024-11-27,Delivered,DHL,Southwest,589.78,806.25,32,False,False,6.0,False,3.0,2026-04-27T23:39:17.576413
TRK000001729,2024-11-21,2024-11-26,,Cancelled,UPS,Southeast,95.87,462.3,42,False,False,,False,,2026-04-27T23:39:17.576413
TRK000000461,2024-11-20,2024-11-22,,Delayed,FEDEX,West Coast,595.7,822.7,16,False,False,,False,,2026-04-27T23:39:17.576413
TRK000002365,2024-11-20,2024-11-25,2024-11-25,Delayed,DHL,West Coast,483.87,548.12,1,False,False,5.0,False,0.0,2026-04-27T23:39:17.576413
TRK000003332,2024-11-20,2024-11-26,2024-11-28,Cancelled,DHL,Midwest,316.2,633.8,38,False,False,8.0,False,2.0,2026-04-27T23:39:17.576413
TRK000002166,2024-11-20,2024-11-24,2024-11-28,Delayed,FEDEX,Midwest,369.02,817.76,48,False,False,8.0,False,4.0,2026-04-27T23:39:17.576413
TRK000004454,2024-11-20,2024-11-24,2024-11-28,In Transit,UPS,West Coast,436.65,620.09,46,False,False,8.0,False,4.0,2026-04-27T23:39:17.576413
TRK000000314,2024-11-20,2024-11-25,,Delivered,XPO,Southeast,214.02,618.65,10,False,False,,False,,2026-04-27T23:39:17.576413
TRK000002697,2024-11-20,2024-11-27,2024-12-01,Delivered,DHL,Midwest,64.78,88.65,13,False,False,11.0,False,4.0,2026-04-27T23:39:17.576413
TRK000001344,2024-11-20,2024-11-24,,Cancelled,FEDEX,Midwest,349.32,791.31,41,False,False,,False,,2026-04-27T23:39:17.576413
API000326,2024-11-19,2024-11-22,2024-11-20,Delivered,UPS,West Coast,94.01,97.71,29,False,False,1.0,True,0.0,2026-04-27T23:39:17.576413
TRK000000546,2024-11-19,2024-11-20,2024-11-20,Delayed,USPS,West Coast,466.8,688.09,17,False,False,1.0,False,0.0,2026-04-27T23:39:17.576413
TRK000001350,2024-11-19,2024-11-20,2024-11-24,Delivered,XPO,Northeast,376.7,376.3,42,False,False,5.0,False,4.0,2026-04-27T23:39:17.576413
TRK000004289,2024-11-19,2024-11-25,2024-11-29,Delayed,XPO,Midwest,415.59,723.03,50,False,False,10.0,False,4.0,2026-04-27T23:39:17.576413
TRK000002952,2024-11-19,2024-11-26,2024-11-29,Delivered,UPS,West Coast,13.47,94.74,33,False,False,10.0,False,3.0,2026-04-27T23:39:17.576413
TRK000003137,2024-11-19,2024-11-21,2024-11-26,In Transit,FEDEX,Midwest,361.19,698.1,25,False,False,7.0,False,5.0,2026-04-27T23:39:17.576413
TRK000000889,2024-11-18,2024-11-23,2024-11-25,Delivered,UPS,Northeast,134.78,150.38,43,False,False,7.0,False,2.0,2026-04-27T23:39:17.576413
TRK000002538,2024-11-18,2024-11-23,2024-11-26,Cancelled,USPS,Midwest,193.1,889.64,46,False,False,8.0,False,3.0,2026-04-27T23:39:17.576413
TRK000002636,2024-11-18,2024-11-25,,Delivered,XPO,Northeast,406.68,682.75,49,False,False,,False,,2026-04-27T23:39:17.576413
TRK000004990,2024-11-18,2024-11-25,2024-11-27,In Transit,USPS,Southwest,286.04,491.5,18,False,False,9.0,False,2.0,2026-04-27T23:39:17.576413
TRK000002483,2024-11-18,2024-11-23,2024-11-24,Delayed,UPS,Southwest,63.97,55.98,22,False,False,6.0,False,1.0,2026-04-27T23:39:17.576413
TRK000005000,2024-11-18,2024-11-19,2024-11-22,Delivered,USPS,West Coast,413.11,79.53,3,False,False,4.0,False,3.0,2026-04-27T23:39:17.576413
TRK000002249,2024-11-18,2024-11-25,2024-11-28,Delivered,FEDEX,Northeast,82.88,372.0,27,False,False,10.0,False,3.0,2026-04-27T23:39:17.576413
TRK000002925,2024-11-18,2024-11-21,2024-11-25,Delivered,UPS,Northeast,551.01,193.69,21,False,False,7.0,False,4.0,2026-04-27T23:39:17.576413
TRK000002228,2024-11-18,2024-11-23,2024-11-28,Delivered,FEDEX,Southeast,122.31,886.77,34,False,False,10.0,False,5.0,2026-04-27T23:39:17.576413
TRK000000287,2024-11-18,2024-11-25,2024-11-26,Delivered,FEDEX,West Coast,7.87,758.32,20,False,False,8.0,False,1.0,2026-04-27T23:39:17.576413
TRK000001609,2024-11-18,2024-11-25,2024-11-23,Delivered,FEDEX,West Coast,121.19,583.67,30,False,False,5.0,True,0.0,2026-04-27T23:39:17.576413
TRK000002011,2024-11-18,2024-11-21,2024-11-25,In Transit,UPS,Midwest,325.22,429.24,18,False,False,7.0,False,4.0,2026-04-27T23:39:17.576413
TRK000002200,2024-11-18,2024-11-22,2024-11-26,Delivered,FEDEX,Northeast,411.03,543.0,23,False,False,8.0,False,4.0,2026-04-27T23:39:17.576413
TRK000004877,2024-11-18,2024-11-23,2024-11-28,Cancelled,XPO,Midwest,270.88,224.5,17,False,False,10.0,False,5.0,2026-04-27T23:39:17.576413
TRK000002153,2024-11-18,2024-11-25,2024-11-25,Cancelled,FEDEX,Midwest,188.04,8990.81,12,False,True,7.0,False,0.0,2026-04-27T23:39:17.576413
TRK000001205,2024-11-17,2024-11-21,2024-11-23,Cancelled,DHL,Midwest,4.5,340.13,8,False,False,6.0,False,2.0,2026-04-27T23:39:17.576413
TRK000000800,2024-11-17,2024-11-21,2024-11-23,Delivered,UPS,Southwest,123.2,847.53,49,False,False,6.0,False,2.0,2026-04-27T23:39:17.576413
TRK000000877,2024-11-17,2024-11-21,2024-11-20,Cancelled,DHL,Midwest,463.24,647.46,27,False,False,3.0,False,0.0,2026-04-27T23:39:17.576413
TRK000004734,2024-11-17,2024-11-24,,Delayed,FEDEX,Southwest,514.83,7651.69,42,False,True,,False,,2026-04-27T23:39:17.576413
TRK000001116,2024-11-16,2024-11-19,2024-11-22,Delayed,DHL,Midwest,360.47,558.19,7,False,False,6.0,False,3.0,2026-04-27T23:39:17.576413
TRK000001034,2024-11-16,2024-11-18,,Delivered,FEDEX,Northeast,472.71,260.83,33,False,False,,False,,2026-04-27T23:39:17.576413
TRK000002793,2024-11-16,2024-11-23,,Delayed,XPO,Midwest,26.25,721.07,30,False,False,,False,,2026-04-27T23:39:17.576413
TRK000002845,2024-11-16,2024-11-17,2024-11-15,Delivered,FEDEX,Northeast,47.08,564.46,15,False,False,-1.0,True,0.0,2026-04-27T23:39:17.576413
TRK000004792,2024-11-15,2024-11-16,2024-11-15,Delivered,USPS,Midwest,260.59,682.64,46,False,False,0.0,True,0.0,2026-04-27T23:39:17.576413
TRK000003685,2024-11-15,2024-11-19,2024-11-22,Delivered,UPS,Southwest,443.23,848.29,39,False,False,7.0,False,3.0,2026-04-27T23:39:17.576413
TRK000002108,2024-11-15,2024-11-20,2024-11-21,In Transit,UPS,Northeast,510.45,224.05,7,False,False,6.0,False,1.0,2026-04-27T23:39:17.576413
TRK000002892,2024-11-15,2024-11-20,2024-11-22,Cancelled,USPS,Northeast,9.58,695.91,41,False,False,7.0,False,2.0,2026-04-27T23:39:17.576413
TRK000003108,2024-11-15,2024-11-21,2024-11-25,Delivered,USPS,West Coast,309.11,196.51,42,False,False,10.0,False,4.0,2026-04-27T23:39:17.576413
TRK000004859,2024-11-14,2024-11-19,2024-11-21,Delivered,USPS,Midwest,56.78,331.44,20,False,False,7.0,False,2.0,2026-04-27T23:39:17.576413
TRK000004006,2024-11-14,2024-11-15,2024-11-14,Delivered,USPS,West Coast,209.35,832.08,11,False,False,0.0,True,0.0,2026-04-27T23:39:17.576413
TRK000002182,2024-11-14,2024-11-15,2024-11-17,Delayed,UPS,Midwest,374.06,83.43,34,False,False,3.0,False,2.0,2026-04-27T23:39:17.576413
TRK000004095,2024-11-14,2024-11-21,2024-11-25,In Transit,FEDEX,Midwest,116.81,821.24,40,False,False,11.0,False,4.0,2026-04-27T23:39:17.576413
TRK000000106,2024-11-14,2024-11-19,2024-11-19,Delivered,FEDEX,West Coast,221.58,396.34,37,False,False,5.0,True,0.0,2026-04-27T23:39:17.576413
TRK000004345,2024-11-14,2024-11-15,2024-11-18,Cancelled,FEDEX,Midwest,471.79,351.82,37,False,False,4.0,False,3.0,2026-04-27T23:39:17.576413
TRK000000245,2024-11-14,2024-11-18,2024-11-21,In Transit,DHL,West Coast,98.81,651.13,11,False,False,7.0,False,3.0,2026-04-27T23:39:17.576413
TRK000002930,2024-11-14,2024-11-17,2024-11-18,Delivered,DHL,Southwest,253.08,641.09,5,False,False,4.0,False,1.0,2026-04-27T23:39:17.576413
TRK000002094,2024-11-14,2024-11-16,2024-11-16,Delayed,USPS,Southeast,366.6,595.05,49,False,False,2.0,False,0.0,2026-04-27T23:39:17.576413
TRK000000805,2024-11-14,2024-11-18,2024-11-17,In Transit,FEDEX,Midwest,216.29,308.64,40,False,False,3.0,False,0.0,2026-04-27T23:39:17.576413
TRK000004242,2024-11-14,2024-11-16,2024-11-14,Cancelled,DHL,Northeast,407.06,78.52,35,False,False,0.0,False,0.0,2026-04-27T23:39:17.576413
TRK000000476,2024-11-13,2024-11-19,,In Transit,USPS,Southwest,498.45,220.74,38,False,False,,False,,2026-04-27T23:39:17.576413
API000000,2024-11-13,2024-11-14,,Delivered,DHL,Midwest,291.65,421.65,25,False,False,,False,,2026-04-27T23:39:17.576413
TRK000003528,2024-11-13,2024-11-15,,Delivered,UPS,Southwest,250.75,92.92,5,False,False,,False,,2026-04-27T23:39:17.576413
TRK000004016,2024-11-13,2024-11-14,2024-11-12,Cancelled,XPO,Southwest,582.33,169.63,9,False,False,-1.0,False,0.0,2026-04-27T23:39:17.576413
TRK000003140,2024-11-13,2024-11-17,,Delivered,DHL,Southeast,150.33,264.47,46,False,False,,False,,2026-04-27T23:39:17.576413
TRK000004090,2024-11-13,2024-11-14,2024-12-11,Delivered,UPS,Southeast,71.22,-599.62,18,True,False,28.0,False,27.0,2026-04-27T23:39:17.576413
API000285,2024-11-13,2024-11-17,2024-11-17,Delivered,UPS,West Coast,298.88,536.39,17,False,False,4.0,True,0.0,2026-04-27T23:39:17.576413
TRK000002396,2024-11-13,2024-11-14,2024-11-12,In Transit,FEDEX,Midwest,266.71,703.67,43,False,False,-1.0,False,0.0,2026-04-27T23:39:17.576413
TRK000000908,2024-11-13,2024-11-14,2024-11-15,In Transit,FEDEX,Midwest,326.21,459.08,32,False,False,2.0,False,1.0,2026-04-27T23:39:17.576413
TRK000000652,2024-11-12,2024-11-19,2024-11-18,Cancelled,UPS,West Coast,101.92,690.62,46,False,False,6.0,False,0.0,2026-04-27T23:39:17.576413
TRK000001376,2024-11-12,2024-11-13,2024-11-14,In Transit,UPS,Midwest,256.18,466.18,3,False,False,2.0,False,1.0,2026-04-27T23:39:17.576413
TRK000002744,2024-11-12,2024-11-17,2024-11-17,Cancelled,DHL,Southeast,455.32,333.89,15,False,False,5.0,False,0.0,2026-04-27T23:39:17.576413
TRK000004791,2024-11-12,2024-12-15,2024-12-14,Cancelled,USPS,Midwest,269.55,550.08,38,False,False,32.0,False,0.0,2026-04-27T23:39:17.576413
TRK000002252,2024-11-12,2024-11-19,2024-11-17,Delivered,FEDEX,Midwest,579.93,559.05,4,False,False,5.0,True,0.0,2026-04-27T23:39:17.576413
TRK000002922,2024-11-12,2024-11-19,2024-11-22,Delivered,UPS,West Coast,9.2,234.36,1,False,False,10.0,False,3.0,2026-04-27T23:39:17.576413
TRK000004419,2024-11-11,2024-11-12,2024-11-13,Delayed,FEDEX,Southwest,288.72,315.28,40,False,False,2.0,False,1.0,2026-04-27T23:39:17.576413
TRK000002730,2024-11-11,2024-11-15,2024-11-19,Cancelled,FEDEX,Midwest,96.22,441.23,1,False,False,8.0,False,4.0,2026-04-27T23:39:17.576413
TRK000001278,2024-11-11,2024-11-18,,In Transit,FEDEX,Southwest,231.58,137.53,15,False,False,,False,,2026-04-27T23:39:17.576413
TRK000001343,2024-11-11,2024-11-16,,Cancelled,USPS,Midwest,75.54,83.13,45,False,False,,False,,2026-04-27T23:39:17.576413
API000221,2024-11-11,2024-11-12,2024-11-12,Delayed,DHL,West Coast,199.3,605.71,20,False,False,1.0,False,0.0,2026-04-27T23:39:17.576413
TRK000000948,2024-11-11,2024-12-11,2024-11-10,Delivered,FEDEX,Southwest,503.77,179.95,9,False,False,-1.0,True,0.0,2026-04-27T23:39:17.576413
API000394,2024-11-11,2024-11-13,2024-11-14,Delayed,UPS,Northeast,256.23,398.75,10,False,False,3.0,False,1.0,2026-04-27T23:39:17.576413
TRK000004758,2024-11-10,2024-12-11,2024-11-13,In Transit,FEDEX,Midwest,459.61,312.83,42,False,False,3.0,False,0.0,2026-04-27T23:39:17.576413
TRK000003211,2024-11-10,2024-11-11,2024-11-13,Cancelled,XPO,Midwest,106.52,570.42,40,False,False,3.0,False,2.0,2026-04-27T23:39:17.576413
TRK000001928,2024-11-10,2024-11-17,,Delivered,UPS,Midwest,589.74,326.76,11,False,False,,False,,2026-04-27T23:39:17.576413
TRK000003166,2024-11-10,2024-11-15,2024-11-14,Delivered,FEDEX,Southwest,283.8,333.47,44,False,False,4.0,True,0.0,2026-04-27T23:39:17.576413
TRK000004977,2024-11-10,2024-11-16,2024-11-21,Cancelled,FEDEX,Southeast,572.72,625.62,23,False,False,11.0,False,5.0,2026-04-27T23:39:17.576413
TRK000000577,2024-11-10,2024-11-12,2024-11-12,Delayed,FEDEX,Midwest,114.74,640.76,47,False,False,2.0,False,0.0,2026-04-27T23:39:17.576413
TRK000000143,2024-11-09,2024-11-15,2024-11-16,Delivered,USPS,Southeast,27.6,239.72,22,False,False,7.0,False,1.0,2026-04-27T23:39:17.576413
TRK000000036,2024-11-09,2024-11-11,2024-11-12,In Transit,UPS,Midwest,10.41,522.11,47,False,False,3.0,False,1.0,2026-04-27T23:39:17.576413
API000039,2024-11-09,2024-11-14,2024-11-16,Delayed,UPS,Midwest,143.88,315.62,11,False,False,7.0,False,2.0,2026-04-27T23:39:17.576413
TRK000000515,2024-11-09,2024-11-14,2024-11-15,In Transit,FEDEX,Midwest,168.93,194.87,47,False,False,6.0,False,1.0,2026-04-27T23:39:17.576413
TRK000003583,2024-11-09,2024-11-14,2024-11-16,Delivered,FEDEX,Midwest,159.04,667.84,9,False,False,7.0,False,2.0,2026-04-27T23:39:17.576413
TRK000001637,2024-11-09,2024-11-11,2024-11-14,Delivered,UPS,Midwest,416.94,688.05,20,False,False,5.0,False,3.0,2026-04-27T23:39:17.576413
TRK000003306,2024-11-09,2024-11-14,2024-11-17,Delayed,FEDEX,Southeast,137.16,804.63,42,False,False,8.0,False,3.0,2026-04-27T23:39:17.576413
TRK000004895,2024-11-09,2024-11-14,,Delivered,FEDEX,West Coast,498.81,761.82,27,False,False,,False,,2026-04-27T23:39:17.576413
TRK000002120,2024-11-09,2024-11-10,,Delayed,FEDEX,Northeast,200.61,295.71,13,False,False,,False,,2026-04-27T23:39:17.576413
TRK000002602,2024-11-09,2024-11-11,2024-11-14,In Transit,XPO,Midwest,271.4,833.61,42,False,False,5.0,False,3.0,2026-04-27T23:39:17.576413
TRK000003176,2024-11-08,2024-11-14,,Cancelled,UPS,Southeast,141.16,344.15,15,False,False,,False,,2026-04-27T23:39:17.576413
TRK000001164,2024-11-08,2024-11-15,,In Transit,FEDEX,Midwest,468.84,656.67,21,False,False,,False,,2026-04-27T23:39:17.576413
TRK000001062,2024-11-08,2024-11-10,2024-11-10,Delayed,XPO,Southeast,498.04,234.44,36,False,False,2.0,False,0.0,2026-04-27T23:39:17.576413
TRK000002528,2024-11-08,2024-11-11,2024-11-15,Cancelled,DHL,Northeast,18.55,585.48,43,False,False,7.0,False,4.0,2026-04-27T23:39:17.576413
TRK000002013,2024-11-08,2024-11-11,2024-11-16,Delivered,USPS,Midwest,567.48,165.27,6,False,False,8.0,False,5.0,2026-04-27T23:39:17.576413
TRK000004804,2024-11-08,2024-11-12,,Delivered,UPS,Midwest,512.9,742.68,13,False,False,,False,,2026-04-27T23:39:17.576413
TRK000000256,2024-11-08,2024-11-13,2024-11-13,Delivered,FEDEX,Midwest,469.87,555.07,17,False,False,5.0,True,0.0,2026-04-27T23:39:17.576413
TRK000000032,2024-11-07,2024-11-13,2024-11-17,In Transit,FEDEX,Northeast,49.35,793.76,42,False,False,10.0,False,4.0,2026-04-27T23:39:17.576413
TRK000002980,2024-11-07,2024-07-16,2024-07-18,In Transit,FEDEX,Midwest,260.34,827.39,3,False,False,-112.0,False,2.0,2026-04-27T23:39:17.576413
TRK000000911,2024-11-07,2024-11-08,2024-12-11,Delivered,FEDEX,West Coast,129.85,649.1,27,False,False,34.0,False,33.0,2026-04-27T23:39:17.576413
API000059,2024-11-07,2024-11-11,,Delayed,DHL,Midwest,261.66,174.71,4,False,False,,False,,2026-04-27T23:39:17.576413
TRK000000973,2024-11-07,2024-11-09,2024-07-11,Cancelled,USPS,Midwest,320.29,812.98,22,False,False,-119.0,False,0.0,2026-04-27T23:39:17.576413
TRK000000022,2024-11-07,2024-11-14,2024-11-16,Delivered,DHL,Northeast,161.17,883.4,42,False,False,9.0,False,2.0,2026-04-27T23:39:17.576413
API000210,2024-11-06,2024-11-11,,Delayed,DHL,West Coast,26.12,466.95,16,False,False,,False,,2026-04-27T23:39:17.576413
TRK000001300,2024-11-06,2024-12-06,2024-06-15,Cancelled,FEDEX,Southwest,126.25,477.82,17,False,False,-144.0,False,0.0,2026-04-27T23:39:17.576413
TRK000002624,2024-11-06,2024-06-14,,Delayed,FEDEX,Midwest,380.09,176.21,38,False,False,,False,,2026-04-27T23:39:17.576413
TRK000003500,2024-11-06,2024-11-09,2024-11-07,In Transit,FEDEX,Midwest,271.56,787.78,33,False,False,1.0,False,0.0,2026-04-27T23:39:17.576413
TRK000000433,2024-11-06,2024-11-13,2024-11-11,Delivered,XPO,Midwest,513.55,534.22,16,False,False,5.0,True,0.0,2026-04-27T23:39:17.576413
TRK000004574,2024-11-06,2024-10-11,2024-11-15,Cancelled,UPS,Midwest,481.88,608.68,29,False,False,9.0,False,35.0,2026-04-27T23:39:17.576413
TRK000000878,2024-11-06,2024-11-10,2024-11-08,Delayed,FEDEX,Midwest,481.53,795.1,31,False,False,2.0,False,0.0,2026-04-27T23:39:17.576413
TRK000003398,2024-11-06,2024-06-16,2024-06-19,Delivered,FEDEX,Midwest,354.34,768.29,33,False,False,-140.0,False,3.0,2026-04-27T23:39:17.576413
TRK000002111,2024-11-06,2024-12-06,2024-06-13,Delivered,XPO,Midwest,170.64,581.24,31,False,False,-146.0,True,0.0,2026-04-27T23:39:17.576413
TRK000004818,2024-11-05,2024-05-13,,Delayed,USPS,West Coast,408.82,437.0,31,False,False,,False,,2026-04-27T23:39:17.576413
TRK000000425,2024-11-05,2024-11-08,2024-07-11,Delayed,UPS,Midwest,281.07,560.6,23,False,False,-117.0,False,0.0,2026-04-27T23:39:17.576413
API000490,2024-11-05,2024-11-07,2024-11-09,In Transit,DHL,West Coast,188.43,416.64,22,False,False,4.0,False,2.0,2026-04-27T23:39:17.576413
TRK000002865,2024-11-05,2024-05-14,2024-05-14,Delivered,UPS,Midwest,56.34,351.35,41,False,False,-175.0,True,0.0,2026-04-27T23:39:17.576413
TRK000004206,2024-11-05,2024-11-12,2024-11-15,Cancelled,XPO,West Coast,138.95,208.7,26,False,False,10.0,False,3.0,2026-04-27T23:39:17.576413
TRK000004957,2024-11-05,2024-07-11,2024-11-09,Delivered,UPS,Midwest,300.29,54.9,10,False,False,4.0,False,121.0,2026-04-27T23:39:17.576413
TRK000000390,2024-11-05,2024-10-11,2024-10-11,Delivered,FEDEX,Midwest,475.02,535.88,39,False,False,-25.0,True,0.0,2026-04-27T23:39:17.576413
TRK000001316,2024-11-05,2024-11-07,2024-11-11,Delivered,UPS,West Coast,446.21,158.01,9,False,False,6.0,False,4.0,2026-04-27T23:39:17.576413
TRK000003510,2024-11-04,2024-11-08,,Delivered,UPS,Midwest,308.03,143.97,5,False,False,,False,,2026-04-27T23:39:17.576413
TRK000004660,2024-11-04,2024-11-08,2024-11-06,Delayed,FEDEX,Midwest,328.37,639.05,48,False,False,2.0,False,0.0,2026-04-27T23:39:17.576413
TRK000000828,2024-11-04,2024-11-05,2024-04-11,Delivered,UPS,West Coast,381.05,249.7,26,False,False,-207.0,True,0.0,2026-04-27T23:39:17.576413
TRK000002059,2024-11-04,2024-11-09,2024-11-08,In Transit,UPS,Southwest,322.26,436.02,24,False,False,4.0,False,0.0,2026-04-27T23:39:17.576413
TRK000001206,2024-11-04,2024-11-11,2024-11-09,Delivered,UPS,Midwest,256.84,837.29,23,False,False,5.0,True,0.0,2026-04-27T23:39:17.576413
TRK000002729,2024-11-03,2024-11-06,2024-11-11,In Transit,UPS,Southeast,13.74,126.21,33,False,False,8.0,False,5.0,2026-04-27T23:39:17.576413
TRK000004622,2024-11-03,2024-03-13,2024-03-13,In Transit,XPO,Southwest,88.37,682.13,5,False,False,-235.0,False,0.0,2026-04-27T23:39:17.576413
TRK000003965,2024-11-03,2024-11-09,2024-11-13,Delivered,UPS,West Coast,473.4,118.9,46,False,False,10.0,False,4.0,2026-04-27T23:39:17.576413
API000035,2024-11-03,2024-11-06,2024-11-08,Delivered,DHL,Northeast,177.12,506.77,6,False,False,5.0,False,2.0,2026-04-27T23:39:17.576413
TRK000001019,2024-11-03,2024-11-09,2024-11-11,In Transit,UPS,Midwest,457.57,622.96,4,False,False,8.0,False,2.0,2026-04-27T23:39:17.576413
TRK000004583,2024-11-03,2024-11-09,2024-11-08,Delivered,FEDEX,West Coast,430.98,513.76,1,False,False,5.0,True,0.0,2026-04-27T23:39:17.576413
TRK000000954,2024-11-03,2024-11-05,2024-11-07,Delivered,FEDEX,Southwest,74.43,423.32,26,False,False,4.0,False,2.0,2026-04-27T23:39:17.576413
TRK000000571,2024-11-03,2024-11-05,2024-11-10,Delivered,FEDEX,Midwest,455.3,699.37,12,False,False,7.0,False,5.0,2026-04-27T23:39:17.576413
TRK000000194,2024-11-02,2024-06-11,2024-11-09,Delivered,UPS,Midwest,129.96,191.71,47,False,False,7.0,False,151.0,2026-04-27T23:39:17.576413
TRK000004906,2024-11-02,2024-11-06,2024-11-04,Delayed,FEDEX,Southwest,501.21,605.56,5,False,False,2.0,False,0.0,2026-04-27T23:39:17.576413
TRK000002366,2024-11-02,2024-11-05,2024-04-11,Delivered,DHL,Southeast,71.89,578.24,48,False,False,-205.0,True,0.0,2026-04-27T23:39:17.576413
TRK000001828,2024-11-02,2024-02-15,2024-02-20,Delivered,UPS,Southwest,416.18,66.31,9,False,False,-256.0,False,5.0,2026-04-27T23:39:17.576413
TRK000003687,2024-11-02,2024-07-11,2024-11-12,Delayed,XPO,West Coast,250.77,691.62,39,False,False,10.0,False,124.0,2026-04-27T23:39:17.576413
TRK000001660,2024-11-02,2024-08-11,2024-11-06,Cancelled,FEDEX,Midwest,556.42,370.27,41,False,False,4.0,False,87.0,2026-04-27T23:39:17.576413
TRK000000716,2024-11-02,2024-11-03,2024-11-03,Cancelled,FEDEX,Midwest,224.92,889.5,49,False,False,1.0,False,0.0,2026-04-27T23:39:17.576413
API000344,2024-11-01,2024-11-05,2024-11-05,In Transit,FEDEX,West Coast,323.93,125.07,15,False,False,4.0,False,0.0,2026-04-27T23:39:17.576413
TRK000002977,2024-11-01,2024-01-15,,Delivered,UPS,Midwest,38.94,592.32,35,False,False,,False,,2026-04-27T23:39:17.576413
TRK000002654,2024-10-31,2024-07-11,2024-11-09,Delivered,XPO,Southwest,242.39,315.74,11,False,False,9.0,False,121.0,2026-04-27T23:39:17.576413
TRK000004915,2024-10-31,2024-11-02,2024-11-04,In Transit,XPO,Midwest,310.89,314.43,7,False,False,4.0,False,2.0,2026-04-27T23:39:17.576413
TRK000001580,2024-10-31,2024-05-11,2024-11-06,In Transit,XPO,Southwest,460.74,619.22,10,False,False,6.0,False,179.0,2026-04-27T23:39:17.576413
TRK000002923,2024-10-31,2024-07-11,2024-11-08,Cancelled,FEDEX,Midwest,503.94,774.07,48,False,False,8.0,False,120.0,2026-04-27T23:39:17.576413
TRK000000786,2024-10-31,2024-03-11,2024-03-11,In Transit,UPS,Northeast,262.1,178.27,30,False,False,-234.0,False,0.0,2026-04-27T23:39:17.576413
TRK000002204,2024-10-31,2024-11-07,2024-10-11,Delayed,UPS,West Coast,29.85,140.28,28,False,False,-20.0,False,0.0,2026-04-27T23:39:17.576413
TRK000001961,2024-10-31,2024-11-05,2024-11-09,In Transit,UPS,Midwest,344.22,875.99,16,False,False,9.0,False,4.0,2026-04-27T23:39:17.576413
TRK000003819,2024-10-31,2024-11-02,2024-11-06,Delivered,USPS,Southwest,455.81,172.67,23,False,False,6.0,False,4.0,2026-04-27T23:39:17.576413
TRK000002374,2024-10-31,2024-11-02,2024-11-04,Delayed,FEDEX,Southeast,263.5,449.35,18,False,False,4.0,False,2.0,2026-04-27T23:39:17.576413
TRK000003419,2024-10-30,2024-11-02,2024-11-06,Delayed,FEDEX,Midwest,14.84,280.56,47,False,False,7.0,False,4.0,2026-04-27T23:39:17.576413
TRK000000605,2024-10-30,2024-11-06,2024-11-04,Cancelled,XPO,Midwest,74.05,80.21,35,False,False,5.0,False,0.0,2026-04-27T23:39:17.576413
TRK000004980,2024-10-30,2024-11-04,2024-11-03,In Transit,XPO,Midwest,561.47,757.64,32,False,False,4.0,False,0.0,2026-04-27T23:39:17.576413
TRK000002964,2024-10-30,2024-11-01,2024-10-30,Delayed,UPS,Northeast,598.76,374.41,32,False,False,0.0,False,0.0,2026-04-27T23:39:17.576413
TRK000003593,2024-10-30,2024-02-11,,Delayed,FEDEX,Northeast,171.17,668.78,14,False,False,,False,,2026-04-27T23:39:17.576413
API000313,2024-10-30,2024-11-01,,In Transit,DHL,Northeast,340.74,696.09,12,False,False,,False,,2026-04-27T23:39:17.576413
TRK000004748,2024-10-30,2024-11-02,2024-11-07,Delayed,USPS,Northeast,228.72,99.48,25,False,False,8.0,False,5.0,2026-04-27T23:39:17.576413
TRK000000270,2024-10-30,2024-11-03,2024-05-11,In Transit,XPO,Midwest,182.89,216.03,30,False,False,-172.0,False,0.0,2026-04-27T23:39:17.576413
TRK000002907,2024-10-30,2024-11-03,2024-11-03,Delivered,XPO,Midwest,199.81,419.16,23,False,False,4.0,True,0.0,2026-04-27T23:39:17.576413
TRK000002049,2024-10-30,2024-04-11,,Delivered,FEDEX,West Coast,175.74,893.64,18,False,False,,False,,2026-04-27T23:39:17.576413
TRK000000882,2024-10-30,2024-11-01,2024-11-03,Delivered,UPS,Southwest,585.61,490.61,22,False,False,4.0,False,2.0,2026-04-27T23:39:17.576413
TRK000001299,2024-10-30,2024-11-04,2024-03-11,Delivered,FEDEX,Midwest,48.44,319.42,16,False,False,-233.0,True,0.0,2026-04-27T23:39:17.576413
TRK000000414,2024-10-29,2024-11-04,2024-11-08,In Transit,UPS,Southeast,278.66,859.39,23,False,False,10.0,False,4.0,2026-04-27T23:39:17.576413
TRK000003040,2024-10-29,2024-05-11,,Delayed,UPS,Northeast,543.01,364.59,18,False,False,,False,,2026-04-27T23:39:17.576413
TRK000000893,2024-10-29,2024-11-05,2024-10-11,In Transit,DHL,Midwest,369.72,742.05,10,False,False,-18.0,False,0.0,2026-04-27T23:39:17.576413
TRK000001211,2024-10-29,2024-10-30,,In Transit,XPO,Midwest,485.05,531.66,50,False,False,,False,,2026-04-27T23:39:17.576413
TRK000000471,2024-10-29,2024-11-04,2024-02-11,Cancelled,XPO,Northeast,566.67,343.01,38,False,False,-261.0,False,0.0,2026-04-27T23:39:17.576413
TRK000002939,2024-10-29,2024-11-05,,Delivered,FEDEX,Midwest,440.53,463.71,35,False,False,,False,,2026-04-27T23:39:17.576413
TRK000002766,2024-10-29,2024-11-01,2024-11-06,Delayed,FEDEX,Midwest,343.57,689.28,18,False,False,8.0,False,5.0,2026-04-27T23:39:17.576413
TRK000001632,2024-10-29,2024-02-11,2024-11-02,Delivered,USPS,Midwest,154.02,341.53,34,False,False,4.0,False,265.0,2026-04-27T23:39:17.576413
TRK000001544,2024-10-28,2024-11-04,2024-07-11,Cancelled,DHL,Southeast,453.68,65.13,15,False,False,-109.0,False,0.0,2026-04-27T23:39:17.576413
TRK000000162,2024-10-28,2024-10-30,2024-10-31,In Transit,FEDEX,Midwest,144.36,293.8,22,False,False,3.0,False,1.0,2026-04-27T23:39:17.576413
API000491,2024-10-28,2024-11-02,2024-10-30,In Transit,FEDEX,Northeast,289.22,447.51,22,False,False,2.0,False,0.0,2026-04-27T23:39:17.576413
TRK000002724,2024-10-28,2024-11-03,,Delivered,UPS,Midwest,211.92,476.3,4,False,False,,False,,2026-04-27T23:39:17.576413
TRK000002496,2024-10-28,2024-10-31,2024-05-11,Delivered,USPS,Southwest,489.45,427.08,14,False,False,-170.0,True,0.0,2026-04-27T23:39:17.576413
API000373,2024-10-28,2024-10-30,2024-10-31,In Transit,DHL,Midwest,46.87,479.26,9,False,False,3.0,False,1.0,2026-04-27T23:39:17.576413
TRK000004110,2024-10-27,2024-11-01,2024-11-02,Cancelled,FEDEX,Southeast,35.72,829.64,9,False,False,6.0,False,1.0,2026-04-27T23:39:17.576413
TRK000002768,2024-10-27,2024-10-28,2024-11-01,Delivered,UPS,Southeast,436.42,59.58,11,False,False,5.0,False,4.0,2026-04-27T23:39:17.576413
TRK000002850,2024-10-27,2024-10-30,2024-10-30,In Transit,DHL,Midwest,278.74,582.93,42,False,False,3.0,False,0.0,2026-04-27T23:39:17.576413
TRK000004057,2024-10-27,2024-10-31,,Delivered,FEDEX,West Coast,67.86,263.36,37,False,False,,False,,2026-04-27T23:39:17.576413
TRK000002962,2024-10-27,2024-11-02,2024-10-31,In Transit,FEDEX,Midwest,12.7,518.01,35,False,False,4.0,False,0.0,2026-04-27T23:39:17.576413
TRK000004372,2024-10-27,2024-11-03,,In Transit,UPS,Midwest,403.59,468.98,29,False,False,,False,,2026-04-27T23:39:17.576413
TRK000003323,2024-10-27,2024-02-11,2024-07-11,Delayed,DHL,West Coast,586.54,804.45,41,False,False,-108.0,False,151.0,2026-04-27T23:39:17.576413
TRK000003530,2024-10-27,2024-01-11,2024-11-04,Delivered,XPO,West Coast,511.39,396.7,6,False,False,8.0,False,298.0,2026-04-27T23:39:17.576413
TRK000001700,2024-10-27,2024-11-01,2024-11-05,Delivered,UPS,Southeast,542.88,638.03,15,False,False,9.0,False,4.0,2026-04-27T23:39:17.576413
TRK000003897,2024-10-27,2024-10-28,2024-10-29,Cancelled,UPS,Midwest,81.46,434.27,6,False,False,2.0,False,1.0,2026-04-27T23:39:17.576413
TRK000001885,2024-10-26,2024-11-01,2024-11-05,In Transit,USPS,Southeast,193.97,478.73,19,False,False,10.0,False,4.0,2026-04-27T23:39:17.576413
TRK000003134,2024-10-26,2024-10-28,2024-10-26,Delivered,UPS,West Coast,244.15,497.73,45,False,False,0.0,True,0.0,2026-04-27T23:39:17.576413
TRK000003203,2024-10-26,2024-10-30,2024-10-31,Delayed,FEDEX,West Coast,9.87,698.77,16,False,False,5.0,False,1.0,2026-04-27T23:39:17.576413
API000277,2024-10-26,2024-10-28,,Delivered,UPS,West Coast,237.01,286.32,21,False,False,,False,,2026-04-27T23:39:17.576413
TRK000001489,2024-10-26,2024-11-01,2024-10-30,Cancelled,UPS,Southeast,425.65,587.97,23,False,False,4.0,False,0.0,2026-04-27T23:39:17.576413
TRK000003100,2024-10-26,2024-02-11,2024-11-05,Delivered,UPS,West Coast,490.02,-797.34,47,True,False,10.0,False,268.0,2026-04-27T23:39:17.576413
TRK000004024,2024-10-25,2024-11-01,2024-10-30,Delivered,USPS,West Coast,86.13,193.97,6,False,False,5.0,True,0.0,2026-04-27T23:39:17.576413
TRK000002278,2024-10-25,2024-10-27,2024-10-27,In Transit,XPO,Midwest,17.83,270.51,20,False,False,2.0,False,0.0,2026-04-27T23:39:17.576413
TRK000000916,2024-10-25,2024-10-27,,Delivered,UPS,Midwest,82.4,542.38,34,False,False,,False,,2026-04-27T23:39:17.576413
TRK000003750,2024-10-25,2024-10-28,2024-10-27,Delivered,FEDEX,Midwest,282.35,788.6,2,False,False,2.0,True,0.0,2026-04-27T23:39:17.576413
TRK000001672,2024-10-25,2024-10-26,2024-10-25,Delivered,DHL,Northeast,290.16,126.85,41,False,False,0.0,True,0.0,2026-04-27T23:39:17.576413
TRK000000094,2024-10-25,2024-10-30,2024-10-31,Delivered,USPS,Southwest,343.73,850.5,16,False,False,6.0,False,1.0,2026-04-27T23:39:17.576413
TRK000002003,2024-10-25,2024-11-01,2024-10-31,Delayed,UPS,Midwest,242.32,229.94,14,False,False,6.0,False,0.0,2026-04-27T23:39:17.576413
API000262,2024-10-24,2024-10-29,,Delivered,FEDEX,Northeast,211.72,453.4,29,False,False,,False,,2026-04-27T23:39:17.576413
TRK000001777,2024-10-24,2024-10-30,2024-10-29,In Transit,DHL,Southeast,125.99,113.87,38,False,False,5.0,False,0.0,2026-04-27T23:39:17.576413
TRK000004863,2024-10-24,2024-10-31,2024-11-01,Delivered,UPS,Northeast,310.47,86.67,26,False,False,8.0,False,1.0,2026-04-27T23:39:17.576413
TRK000000665,2024-10-24,2024-10-27,2024-11-01,In Transit,FEDEX,Southwest,217.02,614.53,35,False,False,8.0,False,5.0,2026-04-27T23:39:17.576413
TRK000001281,2024-10-24,2024-10-28,,In Transit,FEDEX,Midwest,566.07,738.12,31,False,False,,False,,2026-04-27T23:39:17.576413
TRK000004827,2024-10-23,2024-10-28,2024-10-28,In Transit,FEDEX,Midwest,1.9,149.09,21,False,False,5.0,False,0.0,2026-04-27T23:39:17.576413
TRK000004108,2024-10-23,2024-10-25,2024-10-28,Delayed,UPS,Midwest,548.83,114.68,8,False,False,5.0,False,3.0,2026-04-27T23:39:17.576413
TRK000004322,2024-10-23,2024-10-26,2024-10-29,Delivered,XPO,Midwest,218.45,476.06,21,False,False,6.0,False,3.0,2026-04-27T23:39:17.576413
TRK000000039,2024-10-23,2024-10-30,2024-10-29,In Transit,FEDEX,Midwest,410.47,637.38,32,False,False,6.0,False,0.0,2026-04-27T23:39:17.576413
TRK000004523,2024-10-23,2024-10-25,2024-10-26,In Transit,DHL,Southwest,236.34,147.91,15,False,False,3.0,False,1.0,2026-04-27T23:39:17.576413
TRK000003960,2024-10-22,2024-10-27,2024-10-31,Delivered,USPS,Southeast,317.51,288.36,39,False,False,9.0,False,4.0,2026-04-27T23:39:17.576413
TRK000000764,2024-10-22,2024-10-25,2024-10-30,Cancelled,FEDEX,West Coast,485.07,664.24,47,False,False,8.0,False,5.0,2026-04-27T23:39:17.576413
TRK000002572,2024-10-22,2024-10-27,,Cancelled,USPS,West Coast,486.57,280.01,35,False,False,,False,,2026-04-27T23:39:17.576413
API000013,2024-10-22,2024-10-26,2024-10-23,Delivered,UPS,Midwest,351.66,488.48,11,False,False,1.0,True,0.0,2026-04-27T23:39:17.576413
TRK000004473,2024-10-22,2024-10-27,2024-10-25,Delivered,UPS,Southwest,581.68,334.49,37,False,False,3.0,True,0.0,2026-04-27T23:39:17.576413
TRK000002808,2024-10-22,2024-10-24,2024-10-28,Delayed,FEDEX,West Coast,504.33,216.78,27,False,False,6.0,False,4.0,2026-04-27T23:39:17.576413
TRK000002935,2024-10-22,2024-10-28,2024-10-27,In Transit,XPO,Southwest,20.92,698.16,6,False,False,5.0,False,0.0,2026-04-27T23:39:17.576413
TRK000001226,2024-10-22,2024-10-28,2024-10-31,Cancelled,FEDEX,Midwest,298.43,171.68,20,False,False,9.0,False,3.0,2026-04-27T23:39:17.576413
API000180,2024-10-22,2024-10-26,2024-10-30,Delayed,UPS,Midwest,280.04,582.3,16,False,False,8.0,False,4.0,2026-04-27T23:39:17.576413
TRK000000597,2024-10-21,2024-10-27,2024-10-30,Delayed,XPO,Midwest,51.01,673.01,37,False,False,9.0,False,3.0,2026-04-27T23:39:17.576413
TRK000004065,2024-10-21,2024-10-27,2024-10-31,Cancelled,FEDEX,Southwest,98.58,383.34,50,False,False,10.0,False,4.0,2026-04-27T23:39:17.576413
API000012,2024-10-21,2024-10-23,2024-10-25,Delayed,UPS,Northeast,366.65,250.48,17,False,False,4.0,False,2.0,2026-04-27T23:39:17.576413
TRK000002125,2024-10-21,2024-10-26,,Delayed,FEDEX,Midwest,86.73,852.88,24,False,False,,False,,2026-04-27T23:39:17.576413
TRK000002271,2024-10-21,2024-10-25,2024-10-26,Cancelled,XPO,Northeast,99.84,351.05,34,False,False,5.0,False,1.0,2026-04-27T23:39:17.576413
TRK000001598,2024-10-21,2024-10-27,2024-01-11,Delivered,XPO,Southwest,293.02,246.94,5,False,False,-284.0,True,0.0,2026-04-27T23:39:17.576413
TRK000002225,2024-10-21,2024-10-24,2024-10-25,Delayed,UPS,Southeast,221.89,138.22,4,False,False,4.0,False,1.0,2026-04-27T23:39:17.576413
TRK000002364,2024-10-21,2024-10-24,2024-10-28,Delivered,USPS,West Coast,110.41,302.55,22,False,False,7.0,False,4.0,2026-04-27T23:39:17.576413
TRK000002651,2024-10-21,2024-10-22,2024-10-25,Cancelled,FEDEX,Midwest,318.85,193.78,29,False,False,4.0,False,3.0,2026-04-27T23:39:17.576413
TRK000004617,2024-10-21,2024-10-27,2024-10-25,Delivered,UPS,Midwest,272.45,191.16,35,False,False,4.0,True,0.0,2026-04-27T23:39:17.576413
TRK000004186,2024-10-20,2024-10-27,,Delayed,DHL,Northeast,2.51,155.17,43,False,False,,False,,2026-04-27T23:39:17.576413
TRK000001337,2024-10-20,2024-10-26,2024-10-28,Delivered,UPS,Southeast,214.82,599.87,38,False,False,8.0,False,2.0,2026-04-27T23:39:17.576413
TRK000003487,2024-10-20,2024-10-25,2024-10-30,In Transit,USPS,Midwest,395.92,862.34,27,False,False,10.0,False,5.0,2026-04-27T23:39:17.576413
API000168,2024-10-20,2024-10-23,2024-10-21,In Transit,DHL,West Coast,306.12,288.57,4,False,False,1.0,False,0.0,2026-04-27T23:39:17.576413
API000388,2024-10-20,2024-10-23,,Delayed,UPS,Northeast,143.46,130.78,22,False,False,,False,,2026-04-27T23:39:17.576413
TRK000003353,2024-10-20,2024-10-27,2024-10-28,Cancelled,UPS,Midwest,108.71,380.92,2,False,False,8.0,False,1.0,2026-04-27T23:39:17.576413
TRK000001266,2024-10-20,2024-10-21,2024-10-25,In Transit,UPS,Southwest,42.13,357.42,9,False,False,5.0,False,4.0,2026-04-27T23:39:17.576413
TRK000002990,2024-10-20,2024-10-22,2024-10-24,Delivered,UPS,Midwest,572.05,347.45,26,False,False,4.0,False,2.0,2026-04-27T23:39:17.576413
TRK000003975,2024-10-20,2024-10-23,2024-10-22,Delayed,FEDEX,West Coast,434.1,131.08,37,False,False,2.0,False,0.0,2026-04-27T23:39:17.576413
TRK000000356,2024-10-19,2024-10-21,2024-10-22,In Transit,DHL,Midwest,299.84,184.81,23,False,False,3.0,False,1.0,2026-04-27T23:39:17.576413
TRK000000186,2024-10-19,2024-10-24,2024-10-24,In Transit,FEDEX,Northeast,191.58,444.54,50,False,False,5.0,False,0.0,2026-04-27T23:39:17.576413
TRK000002841,2024-10-19,2024-10-25,,Delivered,UPS,Southeast,471.26,729.68,2,False,False,,False,,2026-04-27T23:39:17.576413
TRK000002743,2024-10-19,2024-10-24,2024-10-24,Cancelled,DHL,Southeast,420.09,81.22,33,False,False,5.0,False,0.0,2026-04-27T23:39:17.576413
TRK000000120,2024-10-18,2024-10-20,2024-10-25,Delayed,FEDEX,Northeast,292.02,699.22,17,False,False,7.0,False,5.0,2026-04-27T23:39:17.576413
TRK000001246,2024-10-18,2024-10-25,2024-10-28,Cancelled,UPS,West Coast,156.59,835.58,24,False,False,10.0,False,3.0,2026-04-27T23:39:17.576413
TRK000001895,2024-10-18,2024-10-19,2024-10-22,Delayed,XPO,Northeast,147.2,665.28,49,False,False,4.0,False,3.0,2026-04-27T23:39:17.576413
TRK000003837,2024-10-18,2024-10-22,2024-10-22,Delayed,UPS,Midwest,252.2,415.47,11,False,False,4.0,False,0.0,2026-04-27T23:39:17.576413
TRK000004146,2024-10-18,2024-10-20,2024-10-25,In Transit,DHL,Midwest,311.99,470.44,24,False,False,7.0,False,5.0,2026-04-27T23:39:17.576413
TRK000000501,2024-10-18,2024-10-21,2024-10-20,Delivered,FEDEX,Midwest,123.03,285.81,25,False,False,2.0,True,0.0,2026-04-27T23:39:17.576413
TRK000004247,2024-10-18,2024-10-19,2024-10-19,Delivered,XPO,Midwest,2.12,588.39,34,False,False,1.0,True,0.0,2026-04-27T23:39:17.576413
TRK000002630,2024-10-17,2024-10-19,2024-10-20,Delivered,FEDEX,West Coast,74.53,258.91,29,False,False,3.0,False,1.0,2026-04-27T23:39:17.576413
TRK000000456,2024-10-17,2024-10-21,2024-10-24,Cancelled,FEDEX,Midwest,305.0,299.37,13,False,False,7.0,False,3.0,2026-04-27T23:39:17.576413
TRK000000364,2024-10-17,2024-10-23,2024-10-25,Cancelled,FEDEX,Southwest,495.15,201.56,48,False,False,8.0,False,2.0,2026-04-27T23:39:17.576413
TRK000002601,2024-10-17,2024-10-23,2024-10-25,Delivered,UPS,Southeast,89.14,625.31,3,False,False,8.0,False,2.0,2026-04-27T23:39:17.576413
TRK000000340,2024-10-17,2024-10-24,2024-10-25,Delivered,UPS,Southeast,193.41,657.52,33,False,False,8.0,False,1.0,2026-04-27T23:39:17.576413
API000318,2024-10-17,2024-10-22,2024-10-21,Delivered,DHL,Northeast,248.45,630.18,28,False,False,4.0,True,0.0,2026-04-27T23:39:17.576413
TRK000004305,2024-10-17,2024-10-20,2024-10-24,Delivered,UPS,Southeast,102.09,417.29,33,False,False,7.0,False,4.0,2026-04-27T23:39:17.576413
TRK000003852,2024-10-17,2024-10-19,2024-10-23,In Transit,UPS,Midwest,569.81,196.11,21,False,False,6.0,False,4.0,2026-04-27T23:39:17.576413
TRK000004081,2024-10-16,2024-10-23,2024-10-22,Cancelled,FEDEX,Northeast,489.15,508.34,11,False,False,6.0,False,0.0,2026-04-27T23:39:17.576413
TRK000002454,2024-10-16,2024-10-17,2024-10-16,Cancelled,UPS,Midwest,117.06,91.25,37,False,False,0.0,False,0.0,2026-04-27T23:39:17.576413
TRK000003743,2024-10-16,2024-10-17,,In Transit,DHL,Southeast,559.27,592.18,10,False,False,,False,,2026-04-27T23:39:17.576413
TRK000003296,2024-10-16,2024-10-18,2024-10-21,In Transit,UPS,Southeast,584.14,633.9,30,False,False,5.0,False,3.0,2026-04-27T23:39:17.576413
TRK000003150,2024-10-16,2024-10-18,2024-10-18,In Transit,FEDEX,Southwest,11.91,721.94,26,False,False,2.0,False,0.0,2026-04-27T23:39:17.576413
TRK000000235,2024-10-15,2024-10-17,2024-10-19,Delivered,UPS,Midwest,382.11,750.87,47,False,False,4.0,False,2.0,2026-04-27T23:39:17.576413
TRK000001573,2024-10-15,2024-10-16,2024-10-18,In Transit,UPS,Northeast,124.11,600.15,3,False,False,3.0,False,2.0,2026-04-27T23:39:17.576413
TRK000001477,2024-10-15,2024-10-21,2024-10-25,Delayed,UPS,West Coast,350.56,599.3,47,False,False,10.0,False,4.0,2026-04-27T23:39:17.576413
TRK000000961,2024-10-15,2024-10-16,2024-10-17,Delivered,FEDEX,Southwest,340.45,680.17,16,False,False,2.0,False,1.0,2026-04-27T23:39:17.576413
TRK000000349,2024-10-15,2024-10-17,2024-10-15,In Transit,XPO,Midwest,399.39,750.3,48,False,False,0.0,False,0.0,2026-04-27T23:39:17.576413
TRK000001177,2024-10-15,2024-10-16,2024-10-18,Delivered,DHL,Southwest,588.07,663.61,25,False,False,3.0,False,2.0,2026-04-27T23:39:17.576413
TRK000004772,2024-10-15,2024-10-17,2024-10-21,In Transit,FEDEX,Midwest,199.78,184.29,7,False,False,6.0,False,4.0,2026-04-27T23:39:17.576413
TRK000003855,2024-10-15,2024-10-18,2024-10-22,Delivered,XPO,Midwest,290.28,802.06,41,False,False,7.0,False,4.0,2026-04-27T23:39:17.576413
TRK000002042,2024-10-15,2024-10-22,2024-10-24,Delivered,XPO,Midwest,359.1,346.8,9,False,False,9.0,False,2.0,2026-04-27T23:39:17.576413
TRK000004964,2024-10-15,2024-10-22,2024-10-26,Delayed,UPS,Southeast,252.76,612.94,9,False,False,11.0,False,4.0,2026-04-27T23:39:17.576413
TRK000004696,2024-10-15,2024-10-22,2024-10-25,Delayed,FEDEX,Midwest,437.21,508.45,41,False,False,10.0,False,3.0,2026-04-27T23:39:17.576413
TRK000001793,2024-10-14,2024-10-16,2024-10-20,In Transit,DHL,Southwest,18.15,644.54,28,False,False,6.0,False,4.0,2026-04-27T23:39:17.576413
TRK000002350,2024-10-14,2024-10-17,2024-10-21,In Transit,XPO,Midwest,338.56,662.25,17,False,False,7.0,False,4.0,2026-04-27T23:39:17.576413
TRK000003891,2024-10-14,2024-10-16,2024-10-16,Cancelled,FEDEX,Northeast,331.44,858.38,22,False,False,2.0,False,0.0,2026-04-27T23:39:17.576413
TRK000003297,2024-10-14,2024-10-16,2024-10-14,Cancelled,FEDEX,Southwest,354.18,504.23,31,False,False,0.0,False,0.0,2026-04-27T23:39:17.576413
TRK000004139,2024-10-14,2024-10-18,2024-10-19,Delayed,XPO,Midwest,27.06,156.26,3,False,False,5.0,False,1.0,2026-04-27T23:39:17.576413
TRK000000817,2024-10-14,2024-10-17,2024-10-18,Delivered,FEDEX,Southeast,133.98,667.11,32,False,False,4.0,False,1.0,2026-04-27T23:39:17.576413
TRK000002045,2024-10-14,2024-10-20,2024-10-23,Delivered,XPO,Southwest,149.0,580.75,42,False,False,9.0,False,3.0,2026-04-27T23:39:17.576413
TRK000002424,2024-10-14,2024-10-19,2024-10-22,Delivered,FEDEX,Midwest,8.16,213.57,45,False,False,8.0,False,3.0,2026-04-27T23:39:17.576413
TRK000002521,2024-10-14,2024-10-16,2024-10-15,Cancelled,UPS,Midwest,79.27,303.44,34,False,False,1.0,False,0.0,2026-04-27T23:39:17.576413
TRK000004041,2024-10-14,2024-10-21,2024-10-21,Cancelled,FEDEX,West Coast,507.04,602.36,4,False,False,7.0,False,0.0,2026-04-27T23:39:17.576413
API000458,2024-10-14,2024-10-15,,Delayed,FEDEX,West Coast,334.59,259.78,21,False,False,,False,,2026-04-27T23:39:17.576413
TRK000002478,2024-10-14,2024-10-15,2024-10-15,Delayed,FEDEX,Midwest,582.98,384.43,4,False,False,1.0,False,0.0,2026-04-27T23:39:17.576413
TRK000002160,2024-10-13,2024-10-15,,In Transit,UPS,Midwest,37.57,122.85,49,False,False,,False,,2026-04-27T23:39:17.576413
TRK000002818,2024-10-13,2024-10-19,2024-10-17,Delivered,FEDEX,Midwest,422.02,798.25,31,False,False,4.0,True,0.0,2026-04-27T23:39:17.576413
TRK000003228,2024-10-13,2024-10-19,,Cancelled,DHL,Southwest,180.56,547.56,27,False,False,,False,,2026-04-27T23:39:17.576413
TRK000000087,2024-10-13,2024-10-20,,Cancelled,UPS,Midwest,526.58,174.72,20,False,False,,False,,2026-04-27T23:39:17.576413
TRK000003680,2024-10-13,2024-10-19,2024-10-20,Delivered,USPS,Southeast,199.02,340.8,22,False,False,7.0,False,1.0,2026-04-27T23:39:17.576413
TRK000003722,2024-10-13,2024-10-20,2024-10-24,In Transit,UPS,Midwest,74.52,200.88,43,False,False,11.0,False,4.0,2026-04-27T23:39:17.576413
TRK000000213,2024-10-13,2024-10-17,2024-10-16,Cancelled,UPS,Midwest,136.49,474.14,43,False,False,3.0,False,0.0,2026-04-27T23:39:17.576413
TRK000003981,2024-10-13,2024-10-19,2024-10-19,In Transit,FEDEX,Midwest,59.64,691.69,29,False,False,6.0,False,0.0,2026-04-27T23:39:17.576413
TRK000002788,2024-10-13,2024-10-18,2024-10-21,Delivered,XPO,Midwest,563.44,401.97,16,False,False,8.0,False,3.0,2026-04-27T23:39:17.576413
TRK000001500,2024-10-13,2024-10-14,2024-10-19,Delivered,FEDEX,Midwest,427.02,856.77,43,False,False,6.0,False,5.0,2026-04-27T23:39:17.576413
TRK000001753,2024-10-13,2024-10-20,2024-10-25,Delayed,USPS,Midwest,517.16,138.29,8,False,False,12.0,False,5.0,2026-04-27T23:39:17.576413
TRK000004385,2024-10-13,2024-10-15,,Delivered,FEDEX,Midwest,91.62,354.94,45,False,False,,False,,2026-04-27T23:39:17.576413
TRK000004333,2024-10-12,2024-12-16,2024-12-16,Delivered,XPO,Southeast,463.22,180.33,31,False,False,65.0,True,0.0,2026-04-27T23:39:17.576413
TRK000001395,2024-10-12,2024-12-16,2024-12-19,Delayed,FEDEX,Southwest,398.2,594.0,44,False,False,68.0,False,3.0,2026-04-27T23:39:17.576413
TRK000001441,2024-10-12,2024-10-15,2024-10-20,Delivered,FEDEX,West Coast,567.76,61.79,7,False,False,8.0,False,5.0,2026-04-27T23:39:17.576413
TRK000000653,2024-10-12,2024-12-12,2024-12-17,In Transit,FEDEX,Northeast,599.89,617.96,48,False,False,66.0,False,5.0,2026-04-27T23:39:17.576413
TRK000000534,2024-10-12,2024-12-13,2024-12-12,In Transit,UPS,Northeast,28.36,585.47,8,False,False,61.0,False,0.0,2026-04-27T23:39:17.576413
TRK000000987,2024-10-12,2024-10-16,2024-10-15,In Transit,FEDEX,Midwest,555.29,723.49,23,False,False,3.0,False,0.0,2026-04-27T23:39:17.576413
TRK000004485,2024-10-12,2024-10-19,2024-10-20,Cancelled,DHL,Northeast,57.67,562.75,33,False,False,8.0,False,1.0,2026-04-27T23:39:17.576413
TRK000004412,2024-10-11,2024-10-12,,In Transit,XPO,Midwest,586.63,326.21,27,False,False,,False,,2026-04-27T23:39:17.576413
TRK000004838,2024-10-11,2024-10-16,2024-10-20,Delivered,XPO,Midwest,194.62,399.19,29,False,False,9.0,False,4.0,2026-04-27T23:39:17.576413
TRK000002714,2024-10-11,2024-10-14,2024-10-12,Delayed,UPS,Southeast,141.69,141.01,36,False,False,1.0,False,0.0,2026-04-27T23:39:17.576413
TRK000001539,2024-10-11,2024-10-13,2024-11-10,Delivered,UPS,Southwest,126.9,632.66,46,False,False,30.0,False,28.0,2026-04-27T23:39:17.576413
TRK000002281,2024-10-11,2024-10-14,2024-10-12,Delayed,DHL,Northeast,436.43,724.33,26,False,False,1.0,False,0.0,2026-04-27T23:39:17.576413
TRK000001470,2024-10-11,2024-10-16,,In Transit,UPS,Northeast,160.29,481.99,36,False,False,,False,,2026-04-27T23:39:17.576413
TRK000001910,2024-10-11,2024-10-13,2024-10-13,Delivered,UPS,Southeast,553.22,134.97,39,False,False,2.0,True,0.0,2026-04-27T23:39:17.576413
TRK000003523,2024-10-11,2024-11-11,,In Transit,DHL,Midwest,536.76,857.28,17,False,False,,False,,2026-04-27T23:39:17.576413
TRK000000768,2024-10-11,2024-10-17,2024-10-19,Delayed,FEDEX,Midwest,210.28,468.39,6,False,False,8.0,False,2.0,2026-04-27T23:39:17.576413
TRK000000632,2024-10-11,2024-10-14,2024-10-16,In Transit,FEDEX,Southeast,514.08,12574.16,38,False,True,5.0,False,2.0,2026-04-27T23:39:17.576413
TRK000002979,2024-10-11,2024-10-14,2024-10-15,In Transit,DHL,Southeast,349.29,782.77,42,False,False,4.0,False,1.0,2026-04-27T23:39:17.576413
TRK000003317,2024-10-10,2024-10-11,2024-10-14,Delivered,FEDEX,Southwest,24.09,833.39,24,False,False,4.0,False,3.0,2026-04-27T23:39:17.576413
TRK000003587,2024-10-10,2024-10-17,2024-10-17,Cancelled,XPO,Southeast,164.03,839.39,5,False,False,7.0,False,0.0,2026-04-27T23:39:17.576413
API000088,2024-10-10,2024-10-14,2024-10-15,Delivered,DHL,West Coast,40.81,171.59,20,False,False,5.0,False,1.0,2026-04-27T23:39:17.576413
TRK000001926,2024-10-10,2024-10-15,2024-10-13,Delivered,USPS,Midwest,382.25,761.03,39,False,False,3.0,True,0.0,2026-04-27T23:39:17.576413
TRK000002878,2024-10-09,2024-09-16,2024-09-19,Cancelled,FEDEX,Midwest,215.51,74.52,27,False,False,-20.0,False,3.0,2026-04-27T23:39:17.576413
TRK000000932,2024-10-09,2024-10-15,2024-10-18,In Transit,XPO,Midwest,537.32,64.55,29,False,False,9.0,False,3.0,2026-04-27T23:39:17.576413
TRK000003798,2024-10-09,2024-10-11,2024-10-13,In Transit,XPO,Northeast,366.66,88.66,21,False,False,4.0,False,2.0,2026-04-27T23:39:17.576413
TRK000004518,2024-10-09,2024-12-10,2024-10-17,In Transit,DHL,Southeast,516.25,843.8,13,False,False,8.0,False,0.0,2026-04-27T23:39:17.576413
API000069,2024-10-09,2024-10-10,,Delayed,DHL,West Coast,268.3,129.23,23,False,False,,False,,2026-04-27T23:39:17.576413
TRK000001016,2024-10-09,2024-10-11,2024-10-10,Cancelled,USPS,Southwest,525.27,553.55,9,False,False,1.0,False,0.0,2026-04-27T23:39:17.576413
TRK000000901,2024-10-09,2024-12-10,,Delayed,DHL,Midwest,416.81,827.59,42,False,False,,False,,2026-04-27T23:39:17.576413
TRK000002241,2024-10-09,2024-10-13,2024-10-13,Cancelled,FEDEX,Midwest,369.57,801.11,27,False,False,4.0,False,0.0,2026-04-27T23:39:17.576413
TRK000000125,2024-10-08,2024-08-15,2024-08-13,In Transit,UPS,Midwest,425.8,357.32,16,False,False,-56.0,False,0.0,2026-04-27T23:39:17.576413
TRK000003494,2024-10-08,2024-10-15,,Delivered,USPS,Southwest,263.07,197.96,19,False,False,,False,,2026-04-27T23:39:17.576413
TRK000002720,2024-10-08,2024-08-15,2024-08-20,Delayed,USPS,Northeast,289.57,790.51,45,False,False,-49.0,False,5.0,2026-04-27T23:39:17.576413
TRK000002993,2024-10-08,2024-09-10,2024-10-11,In Transit,XPO,Southeast,211.67,882.98,34,False,False,3.0,False,31.0,2026-04-27T23:39:17.576413
TRK000002733,2024-10-08,2024-10-11,,Delivered,DHL,Midwest,276.17,633.03,22,False,False,,False,,2026-04-27T23:39:17.576413
TRK000001421,2024-10-08,2024-10-13,2024-10-14,In Transit,FEDEX,Midwest,37.32,253.21,25,False,False,6.0,False,1.0,2026-04-27T23:39:17.576413
TRK000004280,2024-10-08,2024-08-12,,In Transit,DHL,Northeast,194.67,882.33,18,False,False,,False,,2026-04-27T23:39:17.576413
TRK000004670,2024-10-08,2024-08-15,2024-08-17,In Transit,DHL,Midwest,68.67,443.41,40,False,False,-52.0,False,2.0,2026-04-27T23:39:17.576413
TRK000001093,2024-10-08,2024-10-09,2024-07-10,In Transit,FEDEX,Southwest,13.12,711.35,22,False,False,-90.0,False,0.0,2026-04-27T23:39:17.576413
TRK000004712,2024-10-08,2024-10-11,,Delayed,FEDEX,Midwest,41.17,735.3,45,False,False,,False,,2026-04-27T23:39:17.576413
TRK000001398,2024-10-08,2024-10-14,2024-10-13,Delivered,UPS,West Coast,389.96,153.09,38,False,False,5.0,True,0.0,2026-04-27T23:39:17.576413
TRK000002403,2024-10-07,2024-12-10,2024-10-11,Delivered,FEDEX,Midwest,62.94,513.9,38,False,False,4.0,True,0.0,2026-04-27T23:39:17.576413
TRK000001078,2024-10-07,2024-10-10,,In Transit,FEDEX,Midwest,546.71,386.1,46,False,False,,False,,2026-04-27T23:39:17.576413
TRK000000031,2024-10-07,2024-10-08,2024-11-10,Delivered,FEDEX,Midwest,83.53,183.48,13,False,False,34.0,False,33.0,2026-04-27T23:39:17.576413
TRK000003453,2024-10-07,2024-07-12,2024-07-15,Delivered,XPO,Midwest,325.31,812.99,7,False,False,-84.0,False,3.0,2026-04-27T23:39:17.576413
TRK000000398,2024-10-07,2024-10-14,2024-10-14,Delayed,FEDEX,West Coast,202.0,509.16,6,False,False,7.0,False,0.0,2026-04-27T23:39:17.576413
TRK000003967,2024-10-06,2024-10-09,2024-12-10,Delayed,UPS,West Coast,440.83,594.09,43,False,False,65.0,False,62.0,2026-04-27T23:39:17.576413
TRK000004826,2024-10-06,2024-10-11,2024-10-13,Cancelled,FEDEX,Southwest,40.31,858.1,43,False,False,7.0,False,2.0,2026-04-27T23:39:17.576413
TRK000002883,2024-10-06,2024-10-11,2024-10-11,Delayed,UPS,Midwest,132.03,567.62,22,False,False,5.0,False,0.0,2026-04-27T23:39:17.576413
TRK000000638,2024-10-06,2024-06-11,2024-06-12,In Transit,XPO,Southeast,295.53,823.79,34,False,False,-116.0,False,1.0,2026-04-27T23:39:17.576413
TRK000000645,2024-10-06,2024-10-07,2024-10-08,Delivered,FEDEX,Midwest,438.03,587.1,9,False,False,2.0,False,1.0,2026-04-27T23:39:17.576413
TRK000004157,2024-10-05,2024-10-12,2024-10-10,In Transit,FEDEX,West Coast,145.44,691.36,38,False,False,5.0,False,0.0,2026-04-27T23:39:17.576413
TRK000001954,2024-10-05,2024-10-12,2024-10-10,Delayed,FEDEX,Northeast,391.86,575.38,15,False,False,5.0,False,0.0,2026-04-27T23:39:17.576413
TRK000001879,2024-10-05,2024-11-05,2024-05-14,Delivered,UPS,Midwest,118.7,166.37,17,False,False,-144.0,True,0.0,2026-04-27T23:39:17.576413
TRK000003544,2024-10-05,2024-10-11,,In Transit,UPS,Southwest,354.57,427.69,20,False,False,,False,,2026-04-27T23:39:17.576413
TRK000004386,2024-10-05,2024-10-08,2024-10-09,Delivered,FEDEX,Midwest,396.8,790.86,22,False,False,4.0,False,1.0,2026-04-27T23:39:17.576413
TRK000002410,2024-10-05,2024-11-10,2024-10-10,Cancelled,FEDEX,West Coast,20.63,537.51,21,False,False,5.0,False,0.0,2026-04-27T23:39:17.576413
TRK000000783,2024-10-05,2024-12-10,2024-10-17,Cancelled,UPS,West Coast,69.27,583.37,42,False,False,12.0,False,0.0,2026-04-27T23:39:17.576413
API000245,2024-10-04,2024-10-06,2024-10-08,In Transit,FEDEX,Midwest,68.49,378.7,10,False,False,4.0,False,2.0,2026-04-27T23:39:17.576413
TRK000002795,2024-10-04,2024-10-11,,Delivered,DHL,Southeast,535.02,755.12,3,False,False,,False,,2026-04-27T23:39:17.576413
TRK000003116,2024-10-04,2024-10-08,2024-10-11,In Transit,FEDEX,Southeast,19.04,311.09,14,False,False,7.0,False,3.0,2026-04-27T23:39:17.576413
TRK000003917,2024-10-04,2024-10-10,2024-08-10,In Transit,UPS,Southwest,508.72,182.21,28,False,False,-55.0,False,0.0,2026-04-27T23:39:17.576413
TRK000001253,2024-10-04,2024-10-07,2024-10-09,Delivered,FEDEX,Midwest,13.97,273.89,28,False,False,5.0,False,2.0,2026-04-27T23:39:17.576413
TRK000003457,2024-10-04,2024-11-10,2024-10-11,Cancelled,FEDEX,Midwest,124.4,237.47,43,False,False,7.0,False,0.0,2026-04-27T23:39:17.576413
TRK000001438,2024-10-04,2024-10-10,,Delivered,UPS,West Coast,401.43,626.16,24,False,False,,False,,2026-04-27T23:39:17.576413
TRK000003775,2024-10-04,2024-10-06,,In Transit,UPS,Midwest,465.85,240.15,3,False,False,,False,,2026-04-27T23:39:17.576413
TRK000001912,2024-10-04,2024-10-05,2024-10-09,Delayed,USPS,Northeast,429.01,333.96,11,False,False,5.0,False,4.0,2026-04-27T23:39:17.576413
TRK000002499,2024-10-03,2024-05-10,2024-10-04,Delivered,UPS,Northeast,263.22,473.36,10,False,False,1.0,False,147.0,2026-04-27T23:39:17.576413
API000239,2024-10-03,2024-10-06,2024-10-04,In Transit,FEDEX,West Coast,72.94,244.65,4,False,False,1.0,False,0.0,2026-04-27T23:39:17.576413
TRK000000971,2024-10-03,2024-03-17,2024-03-18,Cancelled,FEDEX,Southwest,258.92,718.59,34,False,False,-199.0,False,1.0,2026-04-27T23:39:17.576413
TRK000000812,2024-10-03,2024-10-08,2024-10-08,Cancelled,USPS,Midwest,21.63,741.7,30,False,False,5.0,False,0.0,2026-04-27T23:39:17.576413
TRK000004414,2024-10-03,2024-10-07,2024-07-10,Cancelled,XPO,Midwest,510.13,794.81,32,False,False,-85.0,False,0.0,2026-04-27T23:39:17.576413
TRK000003964,2024-10-03,2024-03-16,2024-03-17,Delayed,FEDEX,West Coast,10.49,815.02,16,False,False,-200.0,False,1.0,2026-04-27T23:39:17.576413
TRK000003484,2024-10-03,2024-03-16,2024-03-15,In Transit,FEDEX,Northeast,321.47,375.87,48,False,False,-202.0,False,0.0,2026-04-27T23:39:17.576413
TRK000002292,2024-10-03,2024-09-10,2024-10-10,Delivered,UPS,Midwest,476.35,116.44,16,False,False,7.0,False,30.0,2026-04-27T23:39:17.576413
TRK000003093,2024-10-03,2024-03-13,2024-03-11,Delivered,XPO,Southeast,203.44,445.38,2,False,False,-206.0,True,0.0,2026-04-27T23:39:17.576413
TRK000002580,2024-10-03,2024-10-09,,Delayed,FEDEX,Northeast,575.32,457.97,4,False,False,,False,,2026-04-27T23:39:17.576413
TRK000004666,2024-10-03,2024-10-08,2024-10-12,Delivered,XPO,West Coast,43.88,570.71,22,False,False,9.0,False,4.0,2026-04-27T23:39:17.576413
TRK000001547,2024-10-02,2024-10-09,2024-10-11,In Transit,UPS,Midwest,206.38,148.43,6,False,False,9.0,False,2.0,2026-04-27T23:39:17.576413
TRK000000225,2024-10-02,2024-10-07,2024-10-08,Delivered,FEDEX,Southwest,137.08,514.37,48,False,False,6.0,False,1.0,2026-04-27T23:39:17.576413
TRK000000055,2024-10-02,2024-10-03,2024-10-04,In Transit,FEDEX,West Coast,10.92,423.9,42,False,False,2.0,False,1.0,2026-04-27T23:39:17.576413
TRK000002988,2024-10-02,2024-10-05,,Delayed,DHL,Midwest,529.09,596.25,30,False,False,,False,,2026-04-27T23:39:17.576413
TRK000001834,2024-10-02,2024-10-08,2024-10-08,Delayed,FEDEX,Southwest,476.97,63.82,2,False,False,6.0,False,0.0,2026-04-27T23:39:17.576413
TRK000001975,2024-10-02,2024-02-17,2024-02-15,Cancelled,USPS,Southeast,455.84,122.98,48,False,False,-230.0,False,0.0,2026-04-27T23:39:17.576413
TRK000000920,2024-10-02,2024-02-11,,Cancelled,FEDEX,West Coast,241.45,659.11,49,False,False,,False,,2026-04-27T23:39:17.576413
TRK000000448,2024-10-02,2024-02-17,2024-02-18,Delivered,XPO,Midwest,242.88,421.4,13,False,False,-227.0,False,1.0,2026-04-27T23:39:17.576413
TRK000001436,2024-10-02,2024-10-04,2024-10-06,Delivered,DHL,West Coast,112.89,343.16,35,False,False,4.0,False,2.0,2026-04-27T23:39:17.576413
API000451,2024-10-01,2024-10-06,2024-10-07,Delayed,FEDEX,West Coast,165.14,672.6,3,False,False,6.0,False,1.0,2026-04-27T23:39:17.576413
TRK000001381,2024-10-01,2024-02-10,2024-09-30,Delivered,XPO,West Coast,419.89,339.29,12,False,False,-1.0,False,233.0,2026-04-27T23:39:17.576413
API000475,2024-10-01,2024-10-05,2024-10-08,In Transit,DHL,Midwest,322.03,559.55,26,False,False,7.0,False,3.0,2026-04-27T23:39:17.576413
TRK000000292,2024-10-01,2024-10-06,2024-10-06,Delivered,FEDEX,Midwest,307.48,271.95,50,False,False,5.0,True,0.0,2026-04-27T23:39:17.576413
TRK000001915,2024-09-30,2024-10-01,2024-04-10,Delivered,FEDEX,Midwest,90.99,151.68,2,False,False,-173.0,True,0.0,2026-04-27T23:39:17.576413
TRK000003754,2024-09-30,2024-10-05,2024-10-07,Delayed,FEDEX,Southeast,4.05,463.8,23,False,False,7.0,False,2.0,2026-04-27T23:39:17.576413
TRK000001587,2024-09-30,2024-10-04,2024-06-10,Delayed,UPS,Midwest,430.72,595.45,47,False,False,-112.0,False,0.0,2026-04-27T23:39:17.576413
TRK000000862,2024-09-30,2024-10-06,2024-11-10,Cancelled,FEDEX,Southeast,445.87,334.8,23,False,False,41.0,False,35.0,2026-04-27T23:39:17.576413
TRK000004527,2024-09-30,2024-10-03,,Cancelled,XPO,Southwest,545.87,387.95,36,False,False,,False,,2026-04-27T23:39:17.576413
API000446,2024-09-30,2024-10-02,,Delivered,UPS,West Coast,283.36,469.04,18,False,False,,False,,2026-04-27T23:39:17.576413
TRK000004096,2024-09-29,2024-10-02,2024-10-03,In Transit,FEDEX,Midwest,349.52,133.03,49,False,False,4.0,False,1.0,2026-04-27T23:39:17.576413
TRK000000315,2024-09-29,2024-06-10,2024-10-04,Delivered,UPS,Southeast,402.53,99.04,39,False,False,5.0,False,116.0,2026-04-27T23:39:17.576413
TRK000000347,2024-09-29,2024-10-03,2024-10-02,In Transit,FEDEX,Midwest,154.06,651.8,33,False,False,3.0,False,0.0,2026-04-27T23:39:17.576413
TRK000004547,2024-09-29,2024-10-03,2024-10-02,Delivered,FEDEX,Midwest,199.68,475.84,34,False,False,3.0,True,0.0,2026-04-27T23:39:17.576413
TRK000003389,2024-09-29,2024-10-05,,Cancelled,DHL,Midwest,393.59,603.19,14,False,False,,False,,2026-04-27T23:39:17.576413
TRK000000526,2024-09-29,2024-10-04,2024-10-08,Cancelled,FEDEX,Midwest,315.24,482.5,7,False,False,9.0,False,4.0,2026-04-27T23:39:17.576413
TRK000004470,2024-09-29,2024-10-05,2024-10-07,Delayed,FEDEX,Midwest,598.32,779.85,37,False,False,8.0,False,2.0,2026-04-27T23:39:17.576413
TRK000001485,2024-09-29,2024-03-10,2024-10-04,In Transit,UPS,Midwest,463.57,108.73,41,False,False,5.0,False,208.0,2026-04-27T23:39:17.576413
TRK000003143,2024-09-29,2024-10-03,2024-10-07,Delayed,XPO,Southeast,498.09,459.63,48,False,False,8.0,False,4.0,2026-04-27T23:39:17.576413
TRK000001873,2024-09-28,2024-04-10,2024-05-10,Cancelled,FEDEX,Midwest,152.06,720.95,7,False,False,-141.0,False,30.0,2026-04-27T23:39:17.576413
API000351,2024-09-28,2024-10-01,2024-10-03,In Transit,FEDEX,Northeast,345.74,310.12,3,False,False,5.0,False,2.0,2026-04-27T23:39:17.576413
TRK000002650,2024-09-28,2024-10-04,,Cancelled,FEDEX,Midwest,160.39,677.07,9,False,False,,False,,2026-04-27T23:39:17.576413
TRK000001333,2024-09-28,2024-01-10,2024-09-29,In Transit,FEDEX,Midwest,548.49,819.0,8,False,False,1.0,False,263.0,2026-04-27T23:39:17.576413
TRK000002399,2024-09-28,2024-10-05,2024-10-06,Delayed,DHL,Southwest,549.71,50.4,35,False,False,8.0,False,1.0,2026-04-27T23:39:17.576413
TRK000004749,2024-09-28,2024-02-10,2024-05-10,In Transit,USPS,Southeast,293.27,394.05,25,False,False,-141.0,False,90.0,2026-04-27T23:39:17.576413
TRK000002875,2024-09-28,2024-10-01,,Cancelled,USPS,Northeast,95.75,71.96,1,False,False,,False,,2026-04-27T23:39:17.576413
TRK000000848,2024-09-27,2024-10-03,2024-10-05,Delivered,UPS,Northeast,451.69,7979.69,20,False,True,8.0,False,2.0,2026-04-27T23:39:17.576413
TRK000004373,2024-09-27,2024-09-30,2024-02-10,Cancelled,FEDEX,Midwest,377.89,350.44,9,False,False,-230.0,False,0.0,2026-04-27T23:39:17.576413
API000119,2024-09-27,2024-10-01,,Delayed,FEDEX,Northeast,215.53,279.86,26,False,False,,False,,2026-04-27T23:39:17.576413
TRK000004059,2024-09-27,2024-10-02,,Delivered,XPO,West Coast,448.49,767.97,10,False,False,,False,,2026-04-27T23:39:17.576413
TRK000003327,2024-09-27,2024-09-29,2024-09-30,In Transit,FEDEX,Southeast,181.5,534.88,23,False,False,3.0,False,1.0,2026-04-27T23:39:17.576413
TRK000004613,2024-09-27,2024-09-30,2024-09-30,Delivered,USPS,Southeast,31.81,70.88,24,False,False,3.0,True,0.0,2026-04-27T23:39:17.576413
TRK000000320,2024-09-27,2024-10-02,2024-10-03,Delivered,FEDEX,Midwest,578.74,169.71,39,False,False,6.0,False,1.0,2026-04-27T23:39:17.576413
TRK000004782,2024-09-27,2024-10-04,2024-10-08,In Transit,FEDEX,Midwest,395.61,109.04,30,False,False,11.0,False,4.0,2026-04-27T23:39:17.576413
TRK000003049,2024-09-27,2024-09-30,2024-10-03,Delayed,FEDEX,Southwest,540.77,744.94,37,False,False,6.0,False,3.0,2026-04-27T23:39:17.576413
TRK000001662,2024-09-26,2024-10-01,2024-09-29,In Transit,FEDEX,Midwest,352.69,627.25,23,False,False,3.0,False,0.0,2026-04-27T23:39:17.576413
TRK000001627,2024-09-26,2024-09-29,2024-03-10,Cancelled,DHL,Midwest,278.27,330.84,45,False,False,-200.0,False,0.0,2026-04-27T23:39:17.576413
TRK000000067,2024-09-26,2024-09-29,2024-09-30,Delivered,UPS,Midwest,85.28,129.65,1,False,False,4.0,False,1.0,2026-04-27T23:39:17.576413
TRK000000902,2024-09-26,2024-09-29,2024-09-28,Cancelled,UPS,Southeast,120.33,434.72,6,False,False,2.0,False,0.0,2026-04-27T23:39:17.576413
TRK000000127,2024-09-26,2024-09-27,2024-09-26,Cancelled,DHL,Southwest,262.26,618.88,22,False,False,0.0,False,0.0,2026-04-27T23:39:17.576413
TRK000001567,2024-09-26,2024-09-30,2024-10-03,In Transit,UPS,Midwest,224.26,769.91,16,False,False,7.0,False,3.0,2026-04-27T23:39:17.576413
TRK000001362,2024-09-26,2024-02-10,2024-05-10,Cancelled,UPS,Northeast,61.39,859.61,48,False,False,-139.0,False,90.0,2026-04-27T23:39:17.576413
TRK000000211,2024-09-26,2024-09-30,2024-10-01,Delivered,DHL,Southeast,413.24,775.25,30,False,False,5.0,False,1.0,2026-04-27T23:39:17.576413
TRK000001721,2024-09-26,2024-09-29,2024-09-27,Cancelled,XPO,Southeast,599.01,5418.95,50,False,True,1.0,False,0.0,2026-04-27T23:39:17.576413
TRK000000521,2024-09-25,2024-09-29,2024-09-30,Delivered,XPO,Northeast,578.72,527.64,23,False,False,5.0,False,1.0,2026-04-27T23:39:17.576413
TRK000004899,2024-09-25,2024-09-30,,Delayed,USPS,Northeast,229.34,613.3,18,False,False,,False,,2026-04-27T23:39:17.576413
TRK000004803,2024-09-25,2024-09-27,,Delayed,UPS,West Coast,375.67,576.93,44,False,False,,False,,2026-04-27T23:39:17.576413
TRK000003367,2024-09-25,2024-09-26,2024-09-25,Delivered,UPS,Southeast,61.9,584.9,38,False,False,0.0,True,0.0,2026-04-27T23:39:17.576413
TRK000003369,2024-09-25,2024-09-28,2024-09-27,In Transit,USPS,Midwest,454.78,60.82,49,False,False,2.0,False,0.0,2026-04-27T23:39:17.576413
TRK000002418,2024-09-25,2024-09-26,2024-09-28,In Transit,UPS,Southeast,595.85,839.02,13,False,False,3.0,False,2.0,2026-04-27T23:39:17.576413
TRK000004761,2024-09-25,2024-09-30,2024-09-29,In Transit,FEDEX,Southwest,137.31,420.45,7,False,False,4.0,False,0.0,2026-04-27T23:39:17.576413
TRK000002436,2024-09-24,2024-09-27,,Delivered,UPS,Midwest,234.35,673.67,44,False,False,,False,,2026-04-27T23:39:17.576413
TRK000003325,2024-09-24,2024-10-01,2024-04-10,Delivered,FEDEX,Midwest,259.05,55.01,13,False,False,-167.0,True,0.0,2026-04-27T23:39:17.576413
TRK000001846,2024-09-24,2024-09-25,2024-09-28,In Transit,FEDEX,Midwest,349.87,773.83,17,False,False,4.0,False,3.0,2026-04-27T23:39:17.576413
TRK000001035,2024-09-24,2024-10-01,2024-09-29,Cancelled,UPS,Midwest,486.47,428.88,15,False,False,5.0,False,0.0,2026-04-27T23:39:17.576413
TRK000002401,2024-09-24,2024-09-27,2024-09-25,Cancelled,FEDEX,Midwest,163.66,815.19,44,False,False,1.0,False,0.0,2026-04-27T23:39:17.576413
TRK000004002,2024-09-24,2024-10-01,,Delivered,FEDEX,Northeast,593.94,212.43,37,False,False,,False,,2026-04-27T23:39:17.576413
TRK000001867,2024-09-24,2024-10-01,2024-09-29,Cancelled,FEDEX,Midwest,62.51,435.4,39,False,False,5.0,False,0.0,2026-04-27T23:39:17.576413
TRK000002029,2024-09-24,2024-09-28,2024-09-29,Delayed,FEDEX,Midwest,320.8,608.49,10,False,False,5.0,False,1.0,2026-04-27T23:39:17.576413
TRK000002982,2024-09-24,2024-09-29,2024-10-01,Delayed,FEDEX,Northeast,168.81,140.81,39,False,False,7.0,False,2.0,2026-04-27T23:39:17.576413
TRK000003329,2024-09-24,2024-09-25,2024-09-28,Cancelled,XPO,Southwest,377.88,309.26,3,False,False,4.0,False,3.0,2026-04-27T23:39:17.576413
TRK000002016,2024-09-24,2024-09-27,,In Transit,FEDEX,Northeast,587.9,8886.45,33,False,True,,False,,2026-04-27T23:39:17.576413
TRK000000827,2024-09-24,2024-09-30,2024-09-30,Cancelled,FEDEX,Midwest,473.8,758.39,6,False,False,6.0,False,0.0,2026-04-27T23:39:17.576413
TRK000004932,2024-09-24,2024-09-25,2024-09-28,Delivered,UPS,Midwest,14.81,305.17,39,False,False,4.0,False,3.0,2026-04-27T23:39:17.576413
TRK000001722,2024-09-23,2024-09-27,,In Transit,UPS,Midwest,233.92,456.63,12,False,False,,False,,2026-04-27T23:39:17.576413
TRK000003465,2024-09-23,2024-09-26,2024-09-25,In Transit,FEDEX,Southeast,137.74,613.69,37,False,False,2.0,False,0.0,2026-04-27T23:39:17.576413
TRK000001932,2024-09-23,2024-09-30,2024-09-29,Delivered,UPS,West Coast,125.51,586.03,26,False,False,6.0,True,0.0,2026-04-27T23:39:17.576413
TRK000002963,2024-09-23,2024-09-28,2024-09-30,Delivered,UPS,Southwest,367.57,287.93,42,False,False,7.0,False,2.0,2026-04-27T23:39:17.576413
TRK000002291,2024-09-23,2024-09-29,2024-03-10,Delayed,XPO,Southwest,535.16,297.7,27,False,False,-197.0,False,0.0,2026-04-27T23:39:17.576413
TRK000004515,2024-09-23,2024-09-26,2024-01-10,Cancelled,USPS,Midwest,33.53,211.37,10,False,False,-257.0,False,0.0,2026-04-27T23:39:17.576413
TRK000003026,2024-09-23,2024-09-29,2024-09-29,Cancelled,FEDEX,Southwest,344.49,547.6,9,False,False,6.0,False,0.0,2026-04-27T23:39:17.576413
TRK000003252,2024-09-23,2024-09-25,2024-09-24,Delivered,FEDEX,Midwest,8.12,612.78,44,False,False,1.0,True,0.0,2026-04-27T23:39:17.576413
TRK000000568,2024-09-23,2024-09-29,,Delivered,UPS,Southeast,450.99,218.15,16,False,False,,False,,2026-04-27T23:39:17.576413
TRK000000110,2024-09-22,2024-09-25,2024-09-23,Delivered,FEDEX,West Coast,181.49,711.9,12,False,False,1.0,True,0.0,2026-04-27T23:39:17.576413
TRK000002573,2024-09-22,2024-09-26,2024-09-24,In Transit,UPS,West Coast,530.83,781.44,2,False,False,2.0,False,0.0,2026-04-27T23:39:17.576413
TRK000003935,2024-09-22,2024-09-23,2024-09-21,Delivered,FEDEX,West Coast,455.86,246.44,16,False,False,-1.0,True,0.0,2026-04-27T23:39:17.576413
TRK000001860,2024-09-22,2024-09-27,2024-09-29,Delayed,XPO,Midwest,398.44,721.15,5,False,False,7.0,False,2.0,2026-04-27T23:39:17.576413
TRK000003726,2024-09-22,2024-09-25,2024-09-27,Cancelled,UPS,Midwest,131.84,602.57,15,False,False,5.0,False,2.0,2026-04-27T23:39:17.576413
TRK000000097,2024-09-22,2024-09-23,2024-09-24,Delayed,FEDEX,Midwest,322.64,330.94,22,False,False,2.0,False,1.0,2026-04-27T23:39:17.576413
TRK000001223,2024-09-22,2024-09-24,2024-09-22,Delivered,USPS,Midwest,596.99,460.67,21,False,False,0.0,True,0.0,2026-04-27T23:39:17.576413
TRK000000072,2024-09-22,2024-09-28,2024-10-01,Cancelled,DHL,Midwest,53.12,142.42,37,False,False,9.0,False,3.0,2026-04-27T23:39:17.576413
TRK000003874,2024-09-22,2024-09-29,2024-09-29,Delivered,FEDEX,Midwest,472.36,97.73,24,False,False,7.0,True,0.0,2026-04-27T23:39:17.576413
TRK000000684,2024-09-22,2024-09-24,2024-09-26,Delivered,DHL,Southwest,480.2,563.46,15,False,False,4.0,False,2.0,2026-04-27T23:39:17.576413
TRK000001976,2024-09-21,2024-09-28,2024-10-03,In Transit,XPO,Southwest,122.33,850.15,45,False,False,12.0,False,5.0,2026-04-27T23:39:17.576413
TRK000000613,2024-09-21,2024-09-24,,Cancelled,USPS,Midwest,23.28,340.88,16,False,False,,False,,2026-04-27T23:39:17.576413
TRK000004259,2024-09-21,2024-09-23,2024-09-24,Delivered,UPS,Northeast,33.85,184.32,46,False,False,3.0,False,1.0,2026-04-27T23:39:17.576413
TRK000000533,2024-09-21,2024-09-26,2024-10-01,In Transit,FEDEX,Southeast,129.52,540.83,16,False,False,10.0,False,5.0,2026-04-27T23:39:17.576413
TRK000003924,2024-09-21,2024-09-22,2024-09-27,Delivered,UPS,West Coast,399.48,345.13,21,False,False,6.0,False,5.0,2026-04-27T23:39:17.576413
TRK000001992,2024-09-20,2024-09-25,2024-09-27,Delayed,USPS,Midwest,581.12,770.88,43,False,False,7.0,False,2.0,2026-04-27T23:39:17.576413
TRK000000771,2024-09-20,2024-09-25,2024-09-26,Delayed,USPS,Midwest,31.14,106.12,50,False,False,6.0,False,1.0,2026-04-27T23:39:17.576413
TRK000002765,2024-09-20,2024-09-24,2024-09-22,Cancelled,FEDEX,Midwest,322.28,717.73,40,False,False,2.0,False,0.0,2026-04-27T23:39:17.576413
TRK000002600,2024-09-20,2024-09-24,2024-09-28,Delivered,DHL,Midwest,178.95,141.85,5,False,False,8.0,False,4.0,2026-04-27T23:39:17.576413
TRK000002599,2024-09-20,2024-09-26,2024-09-24,In Transit,FEDEX,Southeast,133.84,186.63,6,False,False,4.0,False,0.0,2026-04-27T23:39:17.576413
TRK000002433,2024-09-20,2024-09-21,2024-09-23,Cancelled,DHL,Northeast,481.01,521.3,28,False,False,3.0,False,2.0,2026-04-27T23:39:17.576413
API000283,2024-09-20,2024-09-24,2024-09-23,Delayed,DHL,West Coast,223.7,363.67,8,False,False,3.0,False,0.0,2026-04-27T23:39:17.576413
TRK000004027,2024-09-20,2024-09-23,2024-09-26,Cancelled,UPS,Southeast,425.71,569.97,5,False,False,6.0,False,3.0,2026-04-27T23:39:17.576413
TRK000002176,2024-09-19,2024-09-22,2024-09-27,In Transit,FEDEX,Midwest,556.3,801.31,17,False,False,8.0,False,5.0,2026-04-27T23:39:17.576413
TRK000004775,2024-09-19,2024-09-23,,Cancelled,UPS,Midwest,186.57,667.27,48,False,False,,False,,2026-04-27T23:39:17.576413
TRK000002817,2024-09-19,2024-09-26,2024-09-24,In Transit,UPS,Southwest,277.66,61.39,21,False,False,5.0,False,0.0,2026-04-27T23:39:17.576413
TRK000003277,2024-09-19,2024-09-22,,Delivered,FEDEX,Southwest,511.44,442.99,43,False,False,,False,,2026-04-27T23:39:17.576413
TRK000002189,2024-09-19,2024-09-21,2024-09-24,Delayed,USPS,Midwest,412.95,222.44,45,False,False,5.0,False,3.0,2026-04-27T23:39:17.576413
TRK000004941,2024-09-19,2024-09-24,2024-09-22,Delivered,UPS,Southeast,122.6,624.76,10,False,False,3.0,True,0.0,2026-04-27T23:39:17.576413
TRK000003843,2024-09-19,2024-09-21,2024-09-25,Delayed,XPO,Midwest,273.49,616.08,38,False,False,6.0,False,4.0,2026-04-27T23:39:17.576413
TRK000002842,2024-09-19,2024-09-20,2024-09-20,In Transit,UPS,Midwest,98.83,606.71,13,False,False,1.0,False,0.0,2026-04-27T23:39:17.576413
TRK000003033,2024-09-18,2024-09-24,2024-09-29,In Transit,FEDEX,Southwest,374.0,247.12,42,False,False,11.0,False,5.0,2026-04-27T23:39:17.576413
API000106,2024-09-18,2024-09-19,,Delivered,UPS,Midwest,227.26,223.56,1,False,False,,False,,2026-04-27T23:39:17.576413
API000381,2024-09-18,2024-09-23,2024-09-25,Delayed,UPS,West Coast,169.32,235.67,13,False,False,7.0,False,2.0,2026-04-27T23:39:17.576413
TRK000001399,2024-09-18,2024-09-22,2024-09-23,In Transit,UPS,Midwest,363.15,101.36,46,False,False,5.0,False,1.0,2026-04-27T23:39:17.576413
TRK000001382,2024-09-18,2024-09-22,2024-09-26,Delivered,USPS,Midwest,481.23,522.87,28,False,False,8.0,False,4.0,2026-04-27T23:39:17.576413
TRK000004215,2024-09-18,2024-09-19,,In Transit,XPO,Southwest,510.79,211.13,15,False,False,,False,,2026-04-27T23:39:17.576413
API000288,2024-09-18,2024-09-19,2024-09-26,Delayed,DHL,West Coast,91.41,170.42,8,False,False,8.0,False,7.0,2026-04-27T23:39:17.576413
TRK000004490,2024-09-18,2024-09-20,,In Transit,FEDEX,West Coast,252.72,372.97,38,False,False,,False,,2026-04-27T23:39:17.576413
TRK000004985,2024-09-18,2024-09-24,2024-09-22,Delivered,USPS,Southeast,44.87,836.01,35,False,False,4.0,True,0.0,2026-04-27T23:39:17.576413
TRK000000298,2024-09-18,2024-09-25,2024-09-28,Cancelled,UPS,Midwest,16.91,892.71,2,False,False,10.0,False,3.0,2026-04-27T23:39:17.576413
API000172,2024-09-17,2024-09-22,,Delayed,UPS,Northeast,233.94,524.67,7,False,False,,False,,2026-04-27T23:39:17.576413
TRK000004526,2024-09-17,2024-09-23,2024-09-28,Delivered,USPS,Midwest,142.55,408.34,39,False,False,11.0,False,5.0,2026-04-27T23:39:17.576413
TRK000003719,2024-09-16,2024-09-17,2024-09-17,Delayed,XPO,Midwest,119.67,271.91,1,False,False,1.0,False,0.0,2026-04-27T23:39:17.576413
TRK000002470,2024-09-16,2024-09-22,2024-09-25,In Transit,XPO,Northeast,314.31,843.01,5,False,False,9.0,False,3.0,2026-04-27T23:39:17.576413
TRK000001555,2024-09-16,2024-09-22,2024-09-22,Delivered,FEDEX,Midwest,207.54,404.03,41,False,False,6.0,True,0.0,2026-04-27T23:39:17.576413
TRK000003868,2024-09-16,2024-09-21,,Cancelled,XPO,Midwest,216.85,590.79,4,False,False,,False,,2026-04-27T23:39:17.576413
TRK000004785,2024-09-16,2024-09-21,,Cancelled,UPS,Midwest,451.12,861.36,37,False,False,,False,,2026-04-27T23:39:17.576413
TRK000004210,2024-09-16,2024-09-18,2024-09-19,Delayed,FEDEX,West Coast,132.78,651.07,9,False,False,3.0,False,1.0,2026-04-27T23:39:17.576413
TRK000004938,2024-09-16,2024-09-19,2024-09-22,Cancelled,FEDEX,Midwest,155.73,261.75,32,False,False,6.0,False,3.0,2026-04-27T23:39:17.576413
TRK000001772,2024-09-16,2024-09-22,2024-09-20,Delivered,FEDEX,Midwest,22.32,343.97,33,False,False,4.0,True,0.0,2026-04-27T23:39:17.576413
TRK000001801,2024-09-16,2024-09-18,,Delivered,XPO,Midwest,541.85,743.3,50,False,False,,False,,2026-04-27T23:39:17.576413
API000427,2024-09-16,2024-09-19,,In Transit,UPS,West Coast,110.23,655.66,6,False,False,,False,,2026-04-27T23:39:17.576413
TRK000002453,2024-09-15,2024-09-21,2024-09-21,Cancelled,USPS,Southeast,374.68,555.8,18,False,False,6.0,False,0.0,2026-04-27T23:39:17.576413
TRK000000709,2024-09-15,2024-09-16,2024-09-20,Delivered,UPS,Northeast,510.49,571.87,34,False,False,5.0,False,4.0,2026-04-27T23:39:17.576413
TRK000004365,2024-09-15,2024-09-20,2024-09-20,In Transit,XPO,Midwest,252.33,50.07,19,False,False,5.0,False,0.0,2026-04-27T23:39:17.576413
TRK000002799,2024-09-15,2024-09-16,2024-09-15,In Transit,FEDEX,Southeast,432.03,613.22,39,False,False,0.0,False,0.0,2026-04-27T23:39:17.576413
TRK000001251,2024-09-14,2024-09-19,2024-09-18,Cancelled,UPS,Southeast,248.3,101.55,32,False,False,4.0,False,0.0,2026-04-27T23:39:17.576413
TRK000001006,2024-09-14,2024-09-21,2024-09-24,Delivered,FEDEX,Midwest,538.19,220.12,19,False,False,10.0,False,3.0,2026-04-27T23:39:17.576413
TRK000002608,2024-09-14,2024-09-21,2024-09-19,Cancelled,UPS,West Coast,562.97,84.75,17,False,False,5.0,False,0.0,2026-04-27T23:39:17.576413
TRK000000819,2024-09-14,2024-09-21,2024-09-26,In Transit,UPS,Southwest,118.58,878.13,31,False,False,12.0,False,5.0,2026-04-27T23:39:17.576413
TRK000001224,2024-09-14,2024-09-20,2024-09-21,Cancelled,FEDEX,Southwest,191.34,714.09,39,False,False,7.0,False,1.0,2026-04-27T23:39:17.576413
TRK000001865,2024-09-13,2024-09-20,2024-09-24,In Transit,DHL,Midwest,221.1,159.57,12,False,False,11.0,False,4.0,2026-04-27T23:39:17.576413
TRK000004121,2024-09-13,2024-09-14,2024-09-14,Delivered,XPO,Midwest,137.37,164.98,11,False,False,1.0,True,0.0,2026-04-27T23:39:17.576413
API000141,2024-09-13,2024-09-14,2024-09-19,In Transit,UPS,Northeast,52.43,361.62,14,False,False,6.0,False,5.0,2026-04-27T23:39:17.576413
TRK000003376,2024-09-13,2024-09-16,2024-09-20,Cancelled,FEDEX,Midwest,495.92,135.84,44,False,False,7.0,False,4.0,2026-04-27T23:39:17.576413
TRK000004129,2024-09-13,2024-09-14,2024-09-13,Delayed,UPS,Northeast,428.93,504.46,44,False,False,0.0,False,0.0,2026-04-27T23:39:17.576413
API000354,2024-09-13,2024-09-16,2024-09-21,Delivered,UPS,Midwest,113.93,394.12,11,False,False,8.0,False,5.0,2026-04-27T23:39:17.576413
API000330,2024-09-13,2024-09-15,2024-09-17,Delivered,DHL,Midwest,271.19,598.2,28,False,False,4.0,False,2.0,2026-04-27T23:39:17.576413
TRK000001158,2024-09-13,2024-09-20,2024-09-21,Delivered,FEDEX,West Coast,536.38,752.7,22,False,False,8.0,False,1.0,2026-04-27T23:39:17.576413
TRK000002315,2024-09-13,2024-09-15,2024-09-15,Delayed,USPS,West Coast,90.0,465.28,16,False,False,2.0,False,0.0,2026-04-27T23:39:17.576413
TRK000003315,2024-09-13,2024-09-15,2024-09-13,Delayed,UPS,Northeast,123.17,582.88,36,False,False,0.0,False,0.0,2026-04-27T23:39:17.576413
TRK000004861,2024-09-12,2024-09-13,2024-09-18,Cancelled,DHL,Northeast,452.77,500.64,48,False,False,6.0,False,5.0,2026-04-27T23:39:17.576413
TRK000003383,2024-09-12,2024-09-13,,Delayed,FEDEX,Midwest,6.41,796.07,35,False,False,,False,,2026-04-27T23:39:17.576413
TRK000002340,2024-09-12,2024-11-12,,Delayed,XPO,Midwest,145.94,203.41,35,False,False,,False,,2026-04-27T23:39:17.576413
TRK000004359,2024-09-12,2024-09-14,2024-09-16,Cancelled,FEDEX,Midwest,316.37,624.24,18,False,False,4.0,False,2.0,2026-04-27T23:39:17.576413
TRK000001536,2024-09-12,2024-09-19,2024-09-18,Delivered,FEDEX,Midwest,48.44,123.43,12,False,False,6.0,True,0.0,2026-04-27T23:39:17.576413
API000147,2024-09-12,2024-09-14,2024-09-16,Delivered,DHL,West Coast,344.08,107.09,29,False,False,4.0,False,2.0,2026-04-27T23:39:17.576413
TRK000000078,2024-09-12,2024-09-19,2024-09-20,Delayed,FEDEX,Midwest,550.81,500.94,19,False,False,8.0,False,1.0,2026-04-27T23:39:17.576413
TRK000002513,2024-09-11,2024-09-18,2024-09-16,Delivered,UPS,Southeast,98.8,799.25,5,False,False,5.0,True,0.0,2026-04-27T23:39:17.576413
TRK000004928,2024-09-11,2024-09-15,2024-09-14,In Transit,USPS,Southwest,278.94,426.23,50,False,False,3.0,False,0.0,2026-04-27T23:39:17.576413
TRK000001217,2024-09-11,2024-09-16,,Delivered,FEDEX,Northeast,165.78,630.52,34,False,False,,False,,2026-04-27T23:39:17.576413
TRK000001724,2024-09-11,2024-09-14,2024-09-17,Delivered,FEDEX,Southwest,482.24,402.86,26,False,False,6.0,False,3.0,2026-04-27T23:39:17.576413
TRK000004143,2024-09-11,2024-09-15,,Delayed,USPS,Midwest,25.08,147.42,16,False,False,,False,,2026-04-27T23:39:17.576413
TRK000001730,2024-09-11,2024-09-16,2024-09-20,Delivered,FEDEX,West Coast,357.75,584.74,22,False,False,9.0,False,4.0,2026-04-27T23:39:17.576413
TRK000001472,2024-09-11,2024-09-15,,Delivered,XPO,Southeast,545.09,154.81,30,False,False,,False,,2026-04-27T23:39:17.576413
TRK000002535,2024-09-11,2024-09-12,2024-11-09,Delayed,FEDEX,Northeast,385.21,81.88,8,False,False,59.0,False,58.0,2026-04-27T23:39:17.576413
TRK000003475,2024-09-11,2024-09-16,2024-09-17,In Transit,UPS,Southwest,420.69,864.07,1,False,False,6.0,False,1.0,2026-04-27T23:39:17.576413
TRK000000615,2024-09-10,2024-09-13,2024-11-09,Delivered,FEDEX,West Coast,467.22,549.33,37,False,False,60.0,False,57.0,2026-04-27T23:39:17.576413
TRK000001825,2024-09-10,2024-10-13,2024-10-15,Delayed,UPS,Northeast,381.64,458.01,37,False,False,35.0,False,2.0,2026-04-27T23:39:17.576413
API000243,2024-09-10,2024-09-14,,Delivered,UPS,West Coast,267.89,684.59,3,False,False,,False,,2026-04-27T23:39:17.576413
TRK000003384,2024-09-10,2024-12-09,,Delivered,FEDEX,Midwest,164.68,155.93,15,False,False,,False,,2026-04-27T23:39:17.576413
TRK000003835,2024-09-10,2024-09-16,2024-09-20,Delivered,FEDEX,Southeast,507.34,507.24,36,False,False,10.0,False,4.0,2026-04-27T23:39:17.576413
TRK000001185,2024-09-10,2024-09-16,2024-09-15,Cancelled,USPS,Southwest,87.12,344.9,44,False,False,5.0,False,0.0,2026-04-27T23:39:17.576413
TRK000003904,2024-09-10,2024-09-16,2024-09-16,Delivered,FEDEX,Northeast,272.03,520.25,12,False,False,6.0,True,0.0,2026-04-27T23:39:17.576413
TRK000001221,2024-09-10,2024-09-12,2024-09-17,Delivered,USPS,Southwest,501.12,619.7,41,False,False,7.0,False,5.0,2026-04-27T23:39:17.576413
TRK000002543,2024-09-09,2024-09-14,2024-09-14,In Transit,FEDEX,Midwest,571.08,227.11,10,False,False,5.0,False,0.0,2026-04-27T23:39:17.576413
TRK000001893,2024-09-09,2024-09-16,2024-09-17,Cancelled,FEDEX,Midwest,443.05,637.81,44,False,False,8.0,False,1.0,2026-04-27T23:39:17.576413
TRK000000785,2024-09-09,2024-09-14,2024-09-17,In Transit,UPS,Southwest,109.72,884.05,3,False,False,8.0,False,3.0,2026-04-27T23:39:17.576413
TRK000004174,2024-09-09,2024-09-13,2024-09-17,Delivered,UPS,West Coast,423.5,440.28,1,False,False,8.0,False,4.0,2026-04-27T23:39:17.576413
TRK000002719,2024-09-09,2024-09-16,2024-09-21,In Transit,USPS,Northeast,508.09,668.67,43,False,False,12.0,False,5.0,2026-04-27T23:39:17.576413
TRK000003363,2024-09-09,2024-09-16,2024-09-17,In Transit,FEDEX,Midwest,400.47,457.93,14,False,False,8.0,False,1.0,2026-04-27T23:39:17.576413
TRK000004339,2024-09-09,2024-09-16,,Delivered,UPS,Northeast,110.8,151.83,36,False,False,,False,,2026-04-27T23:39:17.576413
TRK000002397,2024-09-08,2024-09-13,2024-09-13,Delivered,FEDEX,Midwest,86.95,171.86,7,False,False,5.0,True,0.0,2026-04-27T23:39:17.576413
TRK000000003,2024-09-08,2024-08-12,2024-08-13,Delivered,UPS,Northeast,254.57,70.36,40,False,False,-26.0,False,1.0,2026-04-27T23:39:17.576413
TRK000004382,2024-09-08,2024-08-15,,In Transit,DHL,Northeast,427.27,371.02,27,False,False,,False,,2026-04-27T23:39:17.576413
TRK000000872,2024-09-07,2024-07-15,2024-07-17,Delivered,UPS,Southeast,366.98,589.04,24,False,False,-52.0,False,2.0,2026-04-27T23:39:17.576413
TRK000000117,2024-09-07,2024-09-09,2024-09-09,Cancelled,UPS,Southeast,34.79,108.86,10,False,False,2.0,False,0.0,2026-04-27T23:39:17.576413
TRK000004631,2024-09-07,2024-09-09,2024-09-11,In Transit,DHL,Southeast,207.97,123.04,43,False,False,4.0,False,2.0,2026-04-27T23:39:17.576413
TRK000002597,2024-09-07,2024-09-09,,Delivered,UPS,Midwest,116.36,62.07,19,False,False,,False,,2026-04-27T23:39:17.576413
API000370,2024-09-07,2024-09-11,2024-09-09,Delayed,UPS,West Coast,336.39,82.55,2,False,False,2.0,False,0.0,2026-04-27T23:39:17.576413
TRK000002331,2024-09-07,2024-09-11,2024-09-13,Cancelled,UPS,West Coast,396.2,757.99,22,False,False,6.0,False,2.0,2026-04-27T23:39:17.576413
TRK000002763,2024-09-07,2024-09-08,2024-09-13,Delivered,XPO,Midwest,103.89,629.39,22,False,False,6.0,False,5.0,2026-04-27T23:39:17.576413
TRK000002116,2024-09-07,2024-09-12,,Delivered,DHL,Midwest,88.08,799.84,3,False,False,,False,,2026-04-27T23:39:17.576413
API000435,2024-09-06,2024-09-08,2024-09-11,Delayed,FEDEX,Northeast,172.67,133.66,19,False,False,5.0,False,3.0,2026-04-27T23:39:17.576413
TRK000003820,2024-09-06,2024-12-09,,Delivered,UPS,Midwest,142.98,666.23,23,False,False,,False,,2026-04-27T23:39:17.576413
TRK000003601,2024-09-06,2024-12-09,2024-11-09,Cancelled,FEDEX,Midwest,51.31,273.17,37,False,False,64.0,False,0.0,2026-04-27T23:39:17.576413
TRK000002405,2024-09-06,2024-09-13,2024-09-18,Cancelled,FEDEX,West Coast,288.75,658.02,43,False,False,12.0,False,5.0,2026-04-27T23:39:17.576413
TRK000001639,2024-09-06,2024-09-13,,Delivered,FEDEX,West Coast,89.98,597.58,41,False,False,,False,,2026-04-27T23:39:17.576413
API000278,2024-09-05,2024-09-06,,In Transit,FEDEX,Midwest,257.94,265.53,26,False,False,,False,,2026-04-27T23:39:17.576413
TRK000003969,2024-09-05,2024-09-06,2024-09-11,Delivered,USPS,Southwest,505.58,825.59,26,False,False,6.0,False,5.0,2026-04-27T23:39:17.576413
TRK000004293,2024-09-05,2024-09-10,2024-09-12,Delayed,FEDEX,Midwest,350.01,855.17,50,False,False,7.0,False,2.0,2026-04-27T23:39:17.576413
TRK000002703,2024-09-05,2024-09-10,,Delivered,UPS,West Coast,390.41,661.01,7,False,False,,False,,2026-04-27T23:39:17.576413
TRK000004347,2024-09-05,2024-09-09,2024-09-08,In Transit,DHL,Midwest,389.63,375.03,10,False,False,3.0,False,0.0,2026-04-27T23:39:17.576413
TRK000004319,2024-09-04,2024-04-12,2024-04-14,In Transit,UPS,West Coast,513.83,167.5,2,False,False,-143.0,False,2.0,2026-04-27T23:39:17.576413
TRK000003196,2024-09-04,2024-04-14,2024-04-18,Delivered,USPS,Midwest,350.38,593.01,1,False,False,-139.0,False,4.0,2026-04-27T23:39:17.576413
TRK000002783,2024-09-04,2024-09-09,2024-07-09,In Transit,UPS,Southwest,518.45,419.13,7,False,False,-57.0,False,0.0,2026-04-27T23:39:17.576413
TRK000003362,2024-09-04,2024-04-12,2024-04-15,Delivered,UPS,Northeast,264.9,268.74,32,False,False,-142.0,False,3.0,2026-04-27T23:39:17.576413
API000382,2024-09-03,2024-09-08,2024-09-04,In Transit,UPS,Midwest,133.94,400.17,8,False,False,1.0,False,0.0,2026-04-27T23:39:17.576413
API000472,2024-09-03,2024-09-07,2024-09-06,Delayed,DHL,West Coast,394.69,108.69,2,False,False,3.0,False,0.0,2026-04-27T23:39:17.576413
TRK000003922,2024-09-03,2024-09-05,2024-09-08,In Transit,FEDEX,Midwest,27.12,459.01,19,False,False,5.0,False,3.0,2026-04-27T23:39:17.576413
TRK000003580,2024-09-03,2024-09-10,,Delayed,DHL,Southeast,515.83,843.57,17,False,False,,False,,2026-04-27T23:39:17.576413
TRK000002885,2024-09-03,2024-09-09,2024-10-09,Delayed,FEDEX,Midwest,208.32,858.77,26,False,False,36.0,False,30.0,2026-04-27T23:39:17.576413
API000061,2024-09-03,2024-09-07,,Delayed,UPS,Northeast,380.26,107.52,6,False,False,,False,,2026-04-27T23:39:17.576413
TRK000001798,2024-09-03,2024-09-04,2024-09-06,Delivered,UPS,Midwest,156.88,863.62,16,False,False,3.0,False,2.0,2026-04-27T23:39:17.576413
TRK000002981,2024-09-03,2024-03-16,,Delivered,FEDEX,Southeast,509.68,81.04,28,False,False,,False,,2026-04-27T23:39:17.576413
TRK000001454,2024-09-03,2024-09-09,2024-09-12,Delivered,DHL,Southwest,271.4,412.03,43,False,False,9.0,False,3.0,2026-04-27T23:39:17.576413
API000154,2024-09-03,2024-09-08,2024-09-11,Delayed,DHL,Midwest,370.42,82.53,15,False,False,8.0,False,3.0,2026-04-27T23:39:17.576413
TRK000003318,2024-09-03,2024-09-06,2024-09-07,Cancelled,DHL,West Coast,475.44,163.38,43,False,False,4.0,False,1.0,2026-04-27T23:39:17.576413
TRK000000880,2024-09-03,2024-03-10,2024-03-13,Delayed,FEDEX,Midwest,262.65,541.99,49,False,False,-174.0,False,3.0,2026-04-27T23:39:17.576413
TRK000004654,2024-09-03,2024-03-15,2024-03-19,Delayed,FEDEX,Southeast,385.21,208.71,4,False,False,-168.0,False,4.0,2026-04-27T23:39:17.576413
TRK000003950,2024-09-02,2024-09-05,2024-03-09,In Transit,FEDEX,Southwest,342.12,824.49,33,False,False,-177.0,False,0.0,2026-04-27T23:39:17.576413
TRK000004164,2024-09-02,2024-02-12,2024-02-16,Delivered,FEDEX,Southwest,562.8,863.94,29,False,False,-199.0,False,4.0,2026-04-27T23:39:17.576413
TRK000004987,2024-09-02,2024-02-15,2024-02-17,Delivered,UPS,Southeast,452.82,561.32,5,False,False,-198.0,False,2.0,2026-04-27T23:39:17.576413
API000205,2024-09-02,2024-09-04,2024-09-09,Delayed,DHL,West Coast,30.26,606.85,6,False,False,7.0,False,5.0,2026-04-27T23:39:17.576413
API000403,2024-09-02,2024-09-07,2024-09-08,Delivered,FEDEX,Northeast,179.0,380.33,2,False,False,6.0,False,1.0,2026-04-27T23:39:17.576413
API000148,2024-09-02,2024-09-05,2024-09-07,In Transit,UPS,Northeast,281.21,361.38,1,False,False,5.0,False,2.0,2026-04-27T23:39:17.576413
TRK000002591,2024-09-02,2024-09-07,2024-09-05,Cancelled,FEDEX,Midwest,540.7,316.64,5,False,False,3.0,False,0.0,2026-04-27T23:39:17.576413
TRK000002216,2024-09-01,2024-09-05,2024-09-05,Delivered,FEDEX,Midwest,397.49,595.64,43,False,False,4.0,True,0.0,2026-04-27T23:39:17.576413
TRK000001940,2024-09-01,2024-09-04,2024-09-09,Delayed,USPS,Southwest,308.05,289.8,34,False,False,8.0,False,5.0,2026-04-27T23:39:17.576413
TRK000003598,2024-08-31,2024-09-03,2024-09-07,Delivered,UPS,Southwest,32.12,442.9,43,False,False,7.0,False,4.0,2026-04-27T23:39:17.576413
TRK000003167,2024-08-31,2024-09-04,2024-09-09,Delayed,FEDEX,Midwest,563.73,526.12,16,False,False,9.0,False,5.0,2026-04-27T23:39:17.576413
TRK000001168,2024-08-31,2024-01-09,2024-08-31,Delivered,UPS,Southwest,493.18,585.01,5,False,False,0.0,False,235.0,2026-04-27T23:39:17.576413
TRK000000549,2024-08-31,2024-09-06,2024-09-05,In Transit,UPS,Midwest,316.46,486.59,22,False,False,5.0,False,0.0,2026-04-27T23:39:17.576413
TRK000000241,2024-08-31,2024-09-01,2024-09-05,Delivered,FEDEX,Midwest,266.43,426.08,46,False,False,5.0,False,4.0,2026-04-27T23:39:17.576413
TRK000003496,2024-08-31,2024-09-03,2024-02-09,Cancelled,FEDEX,Midwest,556.03,510.35,50,False,False,-204.0,False,0.0,2026-04-27T23:39:17.576413
TRK000000478,2024-08-31,2024-09-07,2024-09-10,Delivered,FEDEX,Southwest,572.06,744.98,37,False,False,10.0,False,3.0,2026-04-27T23:39:17.576413
API000224,2024-08-30,2024-09-03,,Delivered,FEDEX,Midwest,380.46,439.66,4,False,False,,False,,2026-04-27T23:39:17.576413
TRK000003611,2024-08-30,2024-09-01,2024-09-01,Cancelled,UPS,Southeast,126.59,791.74,28,False,False,2.0,False,0.0,2026-04-27T23:39:17.576413
TRK000004897,2024-08-30,2024-02-09,2024-05-09,Delayed,UPS,Southeast,39.03,438.65,17,False,False,-113.0,False,90.0,2026-04-27T23:39:17.576413
TRK000000015,2024-08-30,2024-02-09,2024-09-06,In Transit,USPS,Midwest,407.79,551.55,22,False,False,7.0,False,210.0,2026-04-27T23:39:17.576413
TRK000001405,2024-08-30,2024-02-09,2024-08-31,Cancelled,FEDEX,Midwest,387.87,863.43,37,False,False,1.0,False,204.0,2026-04-27T23:39:17.576413
TRK000004497,2024-08-30,2024-09-06,2024-09-06,Delayed,UPS,Southeast,212.88,385.96,12,False,False,7.0,False,0.0,2026-04-27T23:39:17.576413
TRK000001334,2024-08-29,2024-09-01,2024-09-06,Cancelled,UPS,Midwest,230.63,480.69,10,False,False,8.0,False,5.0,2026-04-27T23:39:17.576413
TRK000004366,2024-08-29,2024-03-09,2024-04-09,Delivered,DHL,Southeast,480.03,602.67,6,False,False,-142.0,False,31.0,2026-04-27T23:39:17.576413
TRK000001478,2024-08-29,2024-09-01,2024-08-30,Cancelled,FEDEX,Midwest,92.88,327.54,44,False,False,1.0,False,0.0,2026-04-27T23:39:17.576413
TRK000004930,2024-08-29,2024-08-30,,Delivered,FEDEX,Midwest,1.76,271.42,14,False,False,,False,,2026-04-27T23:39:17.576413
TRK000004224,2024-08-29,2024-09-02,2024-09-03,Delayed,FEDEX,West Coast,126.84,252.53,12,False,False,5.0,False,1.0,2026-04-27T23:39:17.576413
API000171,2024-08-29,2024-08-31,2024-09-05,In Transit,DHL,Northeast,343.78,555.47,22,False,False,7.0,False,5.0,2026-04-27T23:39:17.576413
TRK000002237,2024-08-29,2024-09-02,,In Transit,DHL,Midwest,245.85,728.91,19,False,False,,False,,2026-04-27T23:39:17.576413
TRK000003575,2024-08-29,2024-08-30,2024-08-30,Cancelled,UPS,Northeast,10.83,444.06,41,False,False,1.0,False,0.0,2026-04-27T23:39:17.576413
TRK000001373,2024-08-28,2024-09-04,2024-09-04,Delivered,FEDEX,Midwest,105.05,730.44,16,False,False,7.0,True,0.0,2026-04-27T23:39:17.576413
TRK000002457,2024-08-28,2024-02-09,,Delivered,FEDEX,Northeast,538.12,566.89,4,False,False,,False,,2026-04-27T23:39:17.576413
TRK000001174,2024-08-28,2024-09-04,2024-09-04,Delivered,DHL,Midwest,18.71,505.61,47,False,False,7.0,True,0.0,2026-04-27T23:39:17.576413
TRK000000182,2024-08-28,2024-08-29,2024-08-29,Cancelled,UPS,Southwest,437.59,127.14,25,False,False,1.0,False,0.0,2026-04-27T23:39:17.576413
TRK000003648,2024-08-28,2024-09-03,2024-09-05,Delivered,UPS,Southeast,91.51,159.53,39,False,False,8.0,False,2.0,2026-04-27T23:39:17.576413
TRK000004126,2024-08-28,2024-08-29,2024-08-28,Delayed,UPS,Midwest,87.5,768.36,11,False,False,0.0,False,0.0,2026-04-27T23:39:17.576413
TRK000000248,2024-08-28,2024-09-03,2024-07-09,Delivered,FEDEX,Southeast,483.17,462.2,30,False,False,-50.0,True,0.0,2026-04-27T23:39:17.576413
TRK000003562,2024-08-28,2024-02-09,,In Transit,FEDEX,Midwest,533.94,206.72,41,False,False,,False,,2026-04-27T23:39:17.576413
TRK000001422,2024-08-28,2024-08-31,2024-09-01,Delayed,FEDEX,Southwest,503.95,893.93,43,False,False,4.0,False,1.0,2026-04-27T23:39:17.576413
TRK000001026,2024-08-28,2024-02-09,2024-08-31,Delayed,UPS,Midwest,110.89,112.69,50,False,False,3.0,False,204.0,2026-04-27T23:39:17.576413
TRK000001125,2024-08-27,2024-08-28,2024-09-02,In Transit,UPS,Southeast,253.81,680.81,37,False,False,6.0,False,5.0,2026-04-27T23:39:17.576413
TRK000000844,2024-08-27,2024-02-09,2024-05-09,In Transit,USPS,Southwest,356.88,754.34,15,False,False,-110.0,False,90.0,2026-04-27T23:39:17.576413
TRK000001649,2024-08-27,2024-08-31,2024-09-04,Delayed,UPS,Southeast,571.58,374.89,32,False,False,8.0,False,4.0,2026-04-27T23:39:17.576413
TRK000004854,2024-08-27,2024-09-02,2024-09-06,Delayed,FEDEX,West Coast,225.38,107.53,3,False,False,10.0,False,4.0,2026-04-27T23:39:17.576413
TRK000000601,2024-08-27,2024-03-09,2024-09-07,Delivered,FEDEX,Northeast,43.06,280.24,7,False,False,11.0,False,182.0,2026-04-27T23:39:17.576413
TRK000000859,2024-08-27,2024-09-02,,Delivered,XPO,West Coast,17.61,321.42,21,False,False,,False,,2026-04-27T23:39:17.576413
TRK000003591,2024-08-27,2024-08-30,,In Transit,DHL,Midwest,197.19,740.55,29,False,False,,False,,2026-04-27T23:39:17.576413
TRK000001742,2024-08-26,2024-09-02,2024-09-01,In Transit,XPO,Southeast,490.04,808.15,47,False,False,6.0,False,0.0,2026-04-27T23:39:17.576413
TRK000003553,2024-08-26,2024-09-02,2024-01-09,In Transit,FEDEX,Northeast,179.11,10930.48,22,False,True,-230.0,False,0.0,2026-04-27T23:39:17.576413
TRK000000823,2024-08-26,2024-09-01,,Cancelled,XPO,West Coast,225.88,448.97,21,False,False,,False,,2026-04-27T23:39:17.576413
TRK000003017,2024-08-26,2024-09-02,2024-04-09,Cancelled,UPS,Midwest,512.01,702.98,21,False,False,-139.0,False,0.0,2026-04-27T23:39:17.576413
TRK000003628,2024-08-26,2024-01-09,2024-01-09,Delivered,FEDEX,Midwest,174.08,448.93,33,False,False,-230.0,True,0.0,2026-04-27T23:39:17.576413
TRK000004496,2024-08-25,2024-08-28,2024-02-09,Delivered,UPS,Midwest,481.31,269.3,45,False,False,-198.0,True,0.0,2026-04-27T23:39:17.576413
TRK000002188,2024-08-25,2024-08-27,2024-08-26,Delivered,XPO,Northeast,145.48,515.79,34,False,False,1.0,True,0.0,2026-04-27T23:39:17.576413
TRK000001071,2024-08-25,2024-08-28,2024-08-27,In Transit,XPO,West Coast,80.33,820.45,26,False,False,2.0,False,0.0,2026-04-27T23:39:17.576413
TRK000001967,2024-08-25,2024-08-31,2024-09-02,In Transit,FEDEX,West Coast,518.11,458.95,1,False,False,8.0,False,2.0,2026-04-27T23:39:17.576413
TRK000003442,2024-08-24,2024-08-31,2024-08-29,Delivered,DHL,Southwest,471.78,846.72,47,False,False,5.0,True,0.0,2026-04-27T23:39:17.576413
TRK000000847,2024-08-24,2024-08-27,2024-08-26,Delivered,FEDEX,Midwest,236.61,308.11,29,False,False,2.0,True,0.0,2026-04-27T23:39:17.576413
TRK000000720,2024-08-24,2024-08-28,2024-09-02,Cancelled,DHL,Midwest,217.1,717.08,8,False,False,9.0,False,5.0,2026-04-27T23:39:17.576413
TRK000003302,2024-08-24,2024-08-26,,Delivered,FEDEX,Southeast,205.82,205.92,42,False,False,,False,,2026-04-27T23:39:17.576413
TRK000004494,2024-08-24,2024-08-27,2024-08-28,In Transit,UPS,Southwest,120.63,860.7,23,False,False,4.0,False,1.0,2026-04-27T23:39:17.576413
TRK000001631,2024-08-24,2024-08-29,2024-08-31,Delivered,DHL,Southwest,85.86,381.54,7,False,False,7.0,False,2.0,2026-04-27T23:39:17.576413
TRK000004439,2024-08-23,2024-08-27,,Delayed,FEDEX,Midwest,45.32,97.7,50,False,False,,False,,2026-04-27T23:39:17.576413
TRK000003840,2024-08-23,2024-08-24,2024-08-27,Cancelled,UPS,Southwest,497.11,339.58,8,False,False,4.0,False,3.0,2026-04-27T23:39:17.576413
TRK000002548,2024-08-23,2024-08-24,2024-08-28,Delayed,UPS,Southeast,437.83,145.21,39,False,False,5.0,False,4.0,2026-04-27T23:39:17.576413
TRK000001426,2024-08-23,2024-08-25,2024-08-27,Delivered,UPS,Southwest,295.84,192.65,34,False,False,4.0,False,2.0,2026-04-27T23:39:17.576413
TRK000001705,2024-08-23,2024-08-29,2024-08-30,Delivered,FEDEX,Southwest,113.66,759.33,37,False,False,7.0,False,1.0,2026-04-27T23:39:17.576413
TRK000002796,2024-08-23,2024-08-29,2024-09-03,In Transit,FEDEX,Midwest,491.39,207.4,27,False,False,11.0,False,5.0,2026-04-27T23:39:17.576413
TRK000001723,2024-08-23,2024-08-28,2024-09-02,Delayed,DHL,Midwest,4.81,172.46,24,False,False,10.0,False,5.0,2026-04-27T23:39:17.576413
TRK000002488,2024-08-23,2024-08-24,2024-08-22,Delivered,XPO,Midwest,30.92,708.41,9,False,False,-1.0,True,0.0,2026-04-27T23:39:17.576413
TRK000001473,2024-08-22,2024-08-25,2024-08-27,Cancelled,XPO,Southwest,25.18,13182.6,39,False,True,5.0,False,2.0,2026-04-27T23:39:17.576413
API000010,2024-08-22,2024-08-26,,Delivered,UPS,Midwest,247.07,639.49,28,False,False,,False,,2026-04-27T23:39:17.576413
TRK000000156,2024-08-22,2024-08-24,2024-08-22,Delivered,FEDEX,Southeast,409.11,497.11,44,False,False,0.0,True,0.0,2026-04-27T23:39:17.576413
TRK000001463,2024-08-22,2024-08-25,,Cancelled,FEDEX,Midwest,13.36,-455.69,44,True,False,,False,,2026-04-27T23:39:17.576413
TRK000003573,2024-08-22,2024-08-27,2024-08-29,Delayed,FEDEX,Midwest,164.99,602.38,3,False,False,7.0,False,2.0,2026-04-27T23:39:17.576413
TRK000003658,2024-08-22,2024-08-24,2024-08-28,In Transit,DHL,Midwest,195.47,287.69,10,False,False,6.0,False,4.0,2026-04-27T23:39:17.576413
TRK000004788,2024-08-21,2024-08-24,2024-08-25,Delayed,FEDEX,Midwest,228.83,178.56,36,False,False,4.0,False,1.0,2026-04-27T23:39:17.576413
TRK000001432,2024-08-21,2024-08-28,2024-08-28,In Transit,XPO,Northeast,42.59,397.4,20,False,False,7.0,False,0.0,2026-04-27T23:39:17.576413
TRK000000288,2024-08-21,2024-08-27,2024-08-25,Delivered,FEDEX,Midwest,291.49,646.34,45,False,False,4.0,True,0.0,2026-04-27T23:39:17.576413
TRK000003512,2024-08-21,2024-08-23,,Delivered,FEDEX,Midwest,140.1,542.18,44,False,False,,False,,2026-04-27T23:39:17.576413
TRK000000745,2024-08-21,2024-08-27,2024-08-31,Delivered,DHL,Northeast,158.5,844.16,7,False,False,10.0,False,4.0,2026-04-27T23:39:17.576413
TRK000001806,2024-08-21,2024-08-27,2024-08-25,Cancelled,UPS,Midwest,232.79,730.82,37,False,False,4.0,False,0.0,2026-04-27T23:39:17.576413
API000167,2024-08-21,2024-08-24,2024-08-27,Delayed,UPS,Northeast,188.61,511.96,28,False,False,6.0,False,3.0,2026-04-27T23:39:17.576413
TRK000002395,2024-08-20,2024-08-25,2024-08-30,Cancelled,USPS,Midwest,204.38,508.08,38,False,False,10.0,False,5.0,2026-04-27T23:39:17.576413
TRK000000222,2024-08-20,2024-08-27,2024-08-26,Cancelled,FEDEX,Southeast,66.6,750.12,24,False,False,6.0,False,0.0,2026-04-27T23:39:17.576413
TRK000003345,2024-08-20,2024-08-26,,Delivered,DHL,Midwest,29.59,187.78,43,False,False,,False,,2026-04-27T23:39:17.576413
TRK000001130,2024-08-20,2024-08-21,2024-08-19,Delayed,UPS,Northeast,320.93,186.12,5,False,False,-1.0,False,0.0,2026-04-27T23:39:17.576413
TRK000004267,2024-08-20,2024-08-25,2024-08-24,Delivered,DHL,Midwest,117.96,728.38,42,False,False,4.0,True,0.0,2026-04-27T23:39:17.576413
TRK000002104,2024-08-19,2024-08-20,2024-08-18,Delivered,UPS,West Coast,502.27,748.22,5,False,False,-1.0,True,0.0,2026-04-27T23:39:17.576413
TRK000003112,2024-08-19,2024-08-25,2024-08-23,Delivered,FEDEX,Northeast,20.56,841.97,27,False,False,4.0,True,0.0,2026-04-27T23:39:17.576413
TRK000000801,2024-08-19,2024-08-25,2024-08-27,In Transit,XPO,West Coast,66.87,87.03,49,False,False,8.0,False,2.0,2026-04-27T23:39:17.576413
TRK000004020,2024-08-19,2024-08-24,2024-08-23,In Transit,DHL,Southeast,512.98,296.66,27,False,False,4.0,False,0.0,2026-04-27T23:39:17.576413
TRK000000603,2024-08-19,2024-08-23,2024-08-23,Delayed,USPS,Midwest,99.97,281.28,3,False,False,4.0,False,0.0,2026-04-27T23:39:17.576413
TRK000004611,2024-08-19,2024-08-25,,In Transit,UPS,Midwest,109.68,692.34,37,False,False,,False,,2026-04-27T23:39:17.576413
TRK000001692,2024-08-19,2024-08-25,,Cancelled,UPS,Southeast,598.14,273.63,5,False,False,,False,,2026-04-27T23:39:17.576413
TRK000004013,2024-08-19,2024-08-26,,In Transit,FEDEX,Southwest,451.63,91.72,3,False,False,,False,,2026-04-27T23:39:17.576413
TRK000003708,2024-08-19,2024-08-20,2024-08-22,Delayed,FEDEX,Southeast,361.72,757.9,28,False,False,3.0,False,2.0,2026-04-27T23:39:17.576413
TRK000004839,2024-08-18,2024-08-21,2024-08-23,Delayed,FEDEX,Midwest,204.76,693.25,23,False,False,5.0,False,2.0,2026-04-27T23:39:17.576413
TRK000001330,2024-08-18,2024-08-21,2024-08-21,Cancelled,XPO,Midwest,364.96,387.6,22,False,False,3.0,False,0.0,2026-04-27T23:39:17.576413
TRK000002781,2024-08-18,2024-08-23,2024-08-23,In Transit,FEDEX,West Coast,52.68,804.44,20,False,False,5.0,False,0.0,2026-04-27T23:39:17.576413
TRK000004715,2024-08-18,2024-08-24,2024-08-28,Delayed,FEDEX,Southwest,111.83,182.3,12,False,False,10.0,False,4.0,2026-04-27T23:39:17.576413
TRK000001989,2024-08-18,2024-08-20,2024-08-19,Cancelled,USPS,Midwest,482.77,621.97,30,False,False,1.0,False,0.0,2026-04-27T23:39:17.576413
TRK000000060,2024-08-17,2024-08-22,2024-08-24,In Transit,DHL,Northeast,435.95,836.62,41,False,False,7.0,False,2.0,2026-04-27T23:39:17.576413
API000440,2024-08-17,2024-08-22,2024-08-25,In Transit,FEDEX,West Coast,98.61,314.98,17,False,False,8.0,False,3.0,2026-04-27T23:39:17.576413
TRK000000375,2024-08-17,2024-08-18,2024-08-17,Cancelled,DHL,West Coast,210.69,423.22,29,False,False,0.0,False,0.0,2026-04-27T23:39:17.576413
TRK000000875,2024-08-17,2024-08-24,2024-08-26,Cancelled,FEDEX,Midwest,391.09,438.9,24,False,False,9.0,False,2.0,2026-04-27T23:39:17.576413
TRK000002751,2024-08-17,2024-08-20,,Cancelled,UPS,Northeast,388.05,874.1,32,False,False,,False,,2026-04-27T23:39:17.576413
TRK000001634,2024-08-17,2024-08-24,,In Transit,FEDEX,Midwest,496.34,347.39,24,False,False,,False,,2026-04-27T23:39:17.576413
TRK000001942,2024-08-17,2024-08-21,2024-08-25,Delivered,UPS,West Coast,360.19,765.7,24,False,False,8.0,False,4.0,2026-04-27T23:39:17.576413
TRK000000219,2024-08-17,2024-08-21,2024-08-20,Delivered,FEDEX,Midwest,531.15,250.57,8,False,False,3.0,True,0.0,2026-04-27T23:39:17.576413
TRK000002815,2024-08-17,2024-08-19,2024-08-17,Delivered,UPS,Southwest,584.29,293.78,20,False,False,0.0,True,0.0,2026-04-27T23:39:17.576413
TRK000004371,2024-08-17,2024-08-20,2024-08-22,In Transit,XPO,Midwest,196.8,832.43,28,False,False,5.0,False,2.0,2026-04-27T23:39:17.576413
TRK000001150,2024-08-17,2024-08-24,2024-08-28,Cancelled,UPS,Northeast,432.49,204.47,40,False,False,11.0,False,4.0,2026-04-27T23:39:17.576413
TRK000003409,2024-08-17,2024-08-23,,In Transit,FEDEX,Midwest,375.07,295.95,25,False,False,,False,,2026-04-27T23:39:17.576413
TRK000002562,2024-08-16,2024-08-23,2024-08-27,Cancelled,DHL,Midwest,346.72,532.56,30,False,False,11.0,False,4.0,2026-04-27T23:39:17.576413
TRK000002268,2024-08-16,2024-08-23,2024-08-21,Cancelled,USPS,Southwest,465.05,137.51,8,False,False,5.0,False,0.0,2026-04-27T23:39:17.576413
TRK000004845,2024-08-16,2024-08-20,2024-08-24,Delivered,FEDEX,Northeast,531.79,714.22,42,False,False,8.0,False,4.0,2026-04-27T23:39:17.576413
TRK000003921,2024-08-16,2024-08-17,2024-08-16,In Transit,FEDEX,Midwest,190.23,473.62,30,False,False,0.0,False,0.0,2026-04-27T23:39:17.576413
TRK000003447,2024-08-16,2024-08-23,2024-08-23,Cancelled,FEDEX,Midwest,597.15,591.55,29,False,False,7.0,False,0.0,2026-04-27T23:39:17.576413
TRK000004945,2024-08-16,2024-08-21,,Delayed,DHL,West Coast,584.18,793.1,9,False,False,,False,,2026-04-27T23:39:17.576413
TRK000000524,2024-08-16,2024-08-23,2024-08-26,Delayed,USPS,Southwest,299.76,556.71,4,False,False,10.0,False,3.0,2026-04-27T23:39:17.576413
TRK000000865,2024-08-16,2024-08-20,2024-08-19,Delivered,FEDEX,Midwest,540.01,610.28,10,False,False,3.0,True,0.0,2026-04-27T23:39:17.576413
TRK000001565,2024-08-16,2024-08-20,2024-08-21,Cancelled,DHL,West Coast,119.43,514.13,16,False,False,5.0,False,1.0,2026-04-27T23:39:17.576413
TRK000004718,2024-08-15,2024-08-17,2024-08-22,Cancelled,UPS,Midwest,567.6,452.19,13,False,False,7.0,False,5.0,2026-04-27T23:39:17.576413
TRK000000845,2024-08-15,2024-08-17,2024-08-16,Delayed,FEDEX,Midwest,148.42,57.04,44,False,False,1.0,False,0.0,2026-04-27T23:39:17.576413
TRK000001346,2024-08-15,2024-08-17,2024-08-19,Delivered,FEDEX,Northeast,552.82,135.96,9,False,False,4.0,False,2.0,2026-04-27T23:39:17.576413
TRK000000749,2024-08-15,2024-08-22,2024-08-20,In Transit,DHL,Midwest,139.62,432.9,43,False,False,5.0,False,0.0,2026-04-27T23:39:17.576413
TRK000003738,2024-08-15,2024-08-17,,Delivered,FEDEX,Southeast,400.91,478.73,45,False,False,,False,,2026-04-27T23:39:17.576413
TRK000001681,2024-08-15,2024-08-17,2024-08-17,In Transit,FEDEX,Midwest,328.44,531.69,12,False,False,2.0,False,0.0,2026-04-27T23:39:17.576413
TRK000001342,2024-08-14,2024-08-21,2024-08-20,In Transit,USPS,Midwest,221.6,456.85,24,False,False,6.0,False,0.0,2026-04-27T23:39:17.576413
TRK000004015,2024-08-14,2024-08-20,2024-08-18,Cancelled,USPS,Northeast,228.5,595.92,46,False,False,4.0,False,0.0,2026-04-27T23:39:17.576413
TRK000001127,2024-08-14,2024-08-19,2024-08-17,Delivered,UPS,Northeast,139.8,589.05,25,False,False,3.0,True,0.0,2026-04-27T23:39:17.576413
TRK000002585,2024-08-14,2024-08-21,2024-08-22,Cancelled,FEDEX,Midwest,359.07,873.03,29,False,False,8.0,False,1.0,2026-04-27T23:39:17.576413
TRK000001877,2024-08-14,2024-08-18,2024-08-20,Delivered,UPS,Midwest,553.26,239.18,16,False,False,6.0,False,2.0,2026-04-27T23:39:17.576413
TRK000000626,2024-08-14,2024-08-21,,Delivered,DHL,Midwest,561.42,461.42,43,False,False,,False,,2026-04-27T23:39:17.576413
TRK000002623,2024-08-14,2024-08-15,2024-08-19,Cancelled,DHL,Midwest,3.11,430.74,5,False,False,5.0,False,4.0,2026-04-27T23:39:17.576413
TRK000004456,2024-08-14,2024-08-15,2024-08-14,In Transit,FEDEX,West Coast,471.95,599.47,24,False,False,0.0,False,0.0,2026-04-27T23:39:17.576413
TRK000004155,2024-08-14,2024-08-15,2024-08-17,Cancelled,FEDEX,Midwest,580.22,107.16,3,False,False,3.0,False,2.0,2026-04-27T23:39:17.576413
TRK000004813,2024-08-13,2024-08-19,2024-08-20,Delivered,USPS,Southwest,49.65,630.1,27,False,False,7.0,False,1.0,2026-04-27T23:39:17.576413
TRK000003097,2024-08-13,2024-08-17,2024-08-20,Delivered,FEDEX,Southwest,487.96,247.28,29,False,False,7.0,False,3.0,2026-04-27T23:39:17.576413
TRK000003720,2024-08-13,2024-08-14,2024-08-15,Delivered,FEDEX,Southeast,495.34,619.35,12,False,False,2.0,False,1.0,2026-04-27T23:39:17.576413
API000042,2024-08-13,2024-08-14,2024-08-14,Delayed,UPS,Northeast,208.13,587.77,24,False,False,1.0,False,0.0,2026-04-27T23:39:17.576413
TRK000002801,2024-08-13,2024-08-15,2024-08-16,Delayed,FEDEX,Midwest,349.48,367.62,22,False,False,3.0,False,1.0,2026-04-27T23:39:17.576413
TRK000002222,2024-08-13,2024-08-16,2024-08-15,Delayed,FEDEX,Midwest,218.72,202.31,19,False,False,2.0,False,0.0,2026-04-27T23:39:17.576413
API000308,2024-08-13,2024-08-17,2024-08-16,Delivered,UPS,West Coast,128.41,407.23,14,False,False,3.0,True,0.0,2026-04-27T23:39:17.576413
API000322,2024-08-13,2024-08-18,2024-08-15,Delivered,DHL,West Coast,349.43,341.25,25,False,False,2.0,True,0.0,2026-04-27T23:39:17.576413
TRK000002715,2024-08-13,2024-08-17,,In Transit,UPS,Midwest,511.24,721.49,41,False,False,,False,,2026-04-27T23:39:17.576413
TRK000001898,2024-08-13,2024-08-19,,Cancelled,UPS,Midwest,361.37,102.6,15,False,False,,False,,2026-04-27T23:39:17.576413
TRK000001901,2024-08-12,2024-12-15,2024-12-16,Cancelled,FEDEX,Midwest,10.34,854.33,22,False,False,126.0,False,1.0,2026-04-27T23:39:17.576413
TRK000001371,2024-08-12,2024-08-15,2024-08-20,Delivered,UPS,Southwest,51.23,217.45,42,False,False,8.0,False,5.0,2026-04-27T23:39:17.576413
TRK000004135,2024-08-12,2024-08-13,2024-08-13,Delayed,USPS,Midwest,71.29,370.07,33,False,False,1.0,False,0.0,2026-04-27T23:39:17.576413
TRK000002217,2024-08-12,2024-08-18,2024-08-19,In Transit,FEDEX,Midwest,147.65,762.33,49,False,False,7.0,False,1.0,2026-04-27T23:39:17.576413
TRK000000726,2024-08-12,2024-08-17,2024-08-21,Cancelled,FEDEX,Midwest,221.24,468.42,42,False,False,9.0,False,4.0,2026-04-27T23:39:17.576413
TRK000004228,2024-08-12,2024-12-12,2024-12-12,Delivered,FEDEX,Midwest,93.2,365.69,35,False,False,122.0,True,0.0,2026-04-27T23:39:17.576413
TRK000002118,2024-08-12,2024-08-14,2024-08-15,Cancelled,FEDEX,Northeast,309.84,626.51,48,False,False,3.0,False,1.0,2026-04-27T23:39:17.576413
TRK000003914,2024-08-11,2024-08-14,2024-08-13,In Transit,FEDEX,Midwest,507.48,348.65,24,False,False,2.0,False,0.0,2026-04-27T23:39:17.576413
TRK000000565,2024-08-11,2024-08-13,2024-08-16,Delivered,XPO,Midwest,279.43,641.0,12,False,False,5.0,False,3.0,2026-04-27T23:39:17.576413
TRK000001916,2024-08-11,2024-11-14,,Delayed,UPS,Southeast,21.09,654.06,9,False,False,,False,,2026-04-27T23:39:17.576413
TRK000003312,2024-08-11,2024-08-16,2024-08-19,Cancelled,FEDEX,West Coast,290.61,371.87,40,False,False,8.0,False,3.0,2026-04-27T23:39:17.576413
TRK000004919,2024-08-11,2024-08-15,2024-08-14,Delivered,DHL,Midwest,2.75,154.13,44,False,False,3.0,True,0.0,2026-04-27T23:39:17.576413
API000272,2024-08-10,2024-08-15,2024-08-17,Delayed,FEDEX,Northeast,351.72,102.98,7,False,False,7.0,False,2.0,2026-04-27T23:39:17.576413
TRK000003799,2024-08-10,2024-08-13,2024-08-15,Delayed,USPS,Northeast,138.56,713.23,41,False,False,5.0,False,2.0,2026-04-27T23:39:17.576413
TRK000004698,2024-08-10,2024-08-16,2024-08-19,Cancelled,UPS,Southeast,446.95,499.4,40,False,False,9.0,False,3.0,2026-04-27T23:39:17.576413
TRK000002985,2024-08-10,2024-08-16,2024-08-16,In Transit,FEDEX,Southeast,538.36,492.43,46,False,False,6.0,False,0.0,2026-04-27T23:39:17.576413
TRK000000682,2024-08-10,2024-08-11,2024-08-14,Cancelled,FEDEX,West Coast,518.9,856.04,5,False,False,4.0,False,3.0,2026-04-27T23:39:17.576413
TRK000000864,2024-08-10,2024-08-15,2024-08-20,Cancelled,XPO,Northeast,569.93,171.06,1,False,False,10.0,False,5.0,2026-04-27T23:39:17.576413
TRK000000752,2024-08-09,2024-08-13,2024-12-08,Delivered,UPS,Midwest,72.99,834.94,13,False,False,121.0,False,117.0,2026-04-27T23:39:17.576413
TRK000002167,2024-08-09,2024-09-12,,In Transit,FEDEX,Midwest,312.18,737.03,42,False,False,,False,,2026-04-27T23:39:17.576413
TRK000000487,2024-08-09,2024-08-15,,Delivered,USPS,Northeast,182.67,463.05,8,False,False,,False,,2026-04-27T23:39:17.576413
TRK000000677,2024-08-08,2024-08-09,2024-08-13,In Transit,UPS,Midwest,231.03,763.09,29,False,False,5.0,False,4.0,2026-04-27T23:39:17.576413
TRK000004799,2024-08-08,2024-08-13,2024-08-11,Cancelled,UPS,Southwest,310.16,492.55,41,False,False,3.0,False,0.0,2026-04-27T23:39:17.576413
TRK000000452,2024-08-08,2024-08-14,2024-08-18,Delayed,XPO,West Coast,527.79,432.22,15,False,False,10.0,False,4.0,2026-04-27T23:39:17.576413
TRK000000701,2024-08-08,2024-08-09,2024-08-09,Delivered,FEDEX,Midwest,447.46,267.31,14,False,False,1.0,True,0.0,2026-04-27T23:39:17.576413
TRK000000589,2024-08-08,2024-08-13,2024-08-17,Delivered,UPS,West Coast,229.21,72.58,35,False,False,9.0,False,4.0,2026-04-27T23:39:17.576413
TRK000004603,2024-08-08,2024-08-10,,In Transit,DHL,West Coast,550.81,441.31,47,False,False,,False,,2026-04-27T23:39:17.576413
TRK000000027,2024-08-08,2024-08-10,2024-11-08,Delivered,FEDEX,Northeast,193.12,255.97,39,False,False,92.0,False,90.0,2026-04-27T23:39:17.576413
TRK000003883,2024-08-08,2024-08-15,2024-08-18,In Transit,XPO,Northeast,199.48,670.6,29,False,False,10.0,False,3.0,2026-04-27T23:39:17.576413
TRK000002761,2024-08-08,2024-08-12,2024-08-16,Delayed,USPS,West Coast,311.91,634.07,3,False,False,8.0,False,4.0,2026-04-27T23:39:17.576413
TRK000000824,2024-08-08,2024-08-15,2024-08-18,In Transit,USPS,Midwest,292.06,396.16,36,False,False,10.0,False,3.0,2026-04-27T23:39:17.576413
TRK000002235,2024-08-07,2024-08-08,2024-08-12,Delayed,FEDEX,West Coast,569.34,153.99,10,False,False,5.0,False,4.0,2026-04-27T23:39:17.576413
TRK000000291,2024-08-07,2024-08-08,,Cancelled,UPS,Northeast,164.03,709.66,18,False,False,,False,,2026-04-27T23:39:17.576413
API000126,2024-08-07,2024-08-08,2024-08-10,In Transit,FEDEX,Midwest,60.84,253.92,30,False,False,3.0,False,2.0,2026-04-27T23:39:17.576413
TRK000003091,2024-08-07,2024-08-11,2024-08-09,Delivered,USPS,Midwest,138.61,207.9,41,False,False,2.0,True,0.0,2026-04-27T23:39:17.576413
TRK000004647,2024-08-07,2024-08-14,,Delayed,UPS,Southwest,175.94,343.28,1,False,False,,False,,2026-04-27T23:39:17.576413
TRK000002949,2024-08-07,2024-08-14,2024-08-17,Cancelled,FEDEX,West Coast,11.45,764.65,11,False,False,10.0,False,3.0,2026-04-27T23:39:17.576413
TRK000004316,2024-08-07,2024-08-14,2024-08-18,Cancelled,UPS,Southwest,596.5,607.31,5,False,False,11.0,False,4.0,2026-04-27T23:39:17.576413
TRK000002713,2024-08-07,2024-11-08,2024-08-10,Delayed,USPS,Midwest,312.58,319.72,31,False,False,3.0,False,0.0,2026-04-27T23:39:17.576413
TRK000000669,2024-08-06,2024-08-09,2024-08-08,Delivered,FEDEX,Midwest,574.43,270.67,27,False,False,2.0,True,0.0,2026-04-27T23:39:17.576413
TRK000004410,2024-08-06,2024-08-07,2024-08-05,Cancelled,FEDEX,West Coast,569.79,841.13,36,False,False,-1.0,False,0.0,2026-04-27T23:39:17.576413
TRK000001065,2024-08-06,2024-06-12,2024-06-16,Cancelled,FEDEX,Southeast,318.85,239.97,26,False,False,-51.0,False,4.0,2026-04-27T23:39:17.576413
TRK000004942,2024-08-06,2024-08-13,2024-08-15,Delivered,FEDEX,Midwest,222.16,830.73,36,False,False,9.0,False,2.0,2026-04-27T23:39:17.576413
TRK000001412,2024-08-06,2024-08-12,,Cancelled,FEDEX,Midwest,51.0,810.45,45,False,False,,False,,2026-04-27T23:39:17.576413
TRK000003533,2024-08-06,2024-12-08,,Delayed,FEDEX,Midwest,286.82,662.76,1,False,False,,False,,2026-04-27T23:39:17.576413
TRK000003421,2024-08-06,2024-08-10,2024-08-14,In Transit,FEDEX,Northeast,518.3,247.48,9,False,False,8.0,False,4.0,2026-04-27T23:39:17.576413
TRK000004405,2024-08-06,2024-08-10,2024-08-14,Delivered,FEDEX,Midwest,458.32,573.11,32,False,False,8.0,False,4.0,2026-04-27T23:39:17.576413
API000417,2024-08-06,2024-08-09,2024-08-13,Delayed,UPS,Northeast,195.65,614.2,9,False,False,7.0,False,4.0,2026-04-27T23:39:17.576413
TRK000004409,2024-08-06,2024-06-11,2024-06-12,Cancelled,FEDEX,Northeast,291.11,848.76,26,False,False,-55.0,False,1.0,2026-04-27T23:39:17.576413
TRK000000358,2024-08-06,2024-08-09,2024-08-14,Delayed,FEDEX,Southeast,167.36,275.38,23,False,False,8.0,False,5.0,2026-04-27T23:39:17.576413
TRK000001225,2024-08-06,2024-08-11,2024-08-16,In Transit,FEDEX,Midwest,187.16,425.91,48,False,False,10.0,False,5.0,2026-04-27T23:39:17.576413
TRK000002086,2024-08-05,2024-08-08,2024-08-10,Delivered,XPO,West Coast,41.86,741.31,19,False,False,5.0,False,2.0,2026-04-27T23:39:17.576413
TRK000000119,2024-08-05,2024-08-09,2024-08-11,Cancelled,UPS,Midwest,566.34,895.18,38,False,False,6.0,False,2.0,2026-04-27T23:39:17.576413
TRK000000741,2024-08-05,2024-09-08,2024-08-08,In Transit,FEDEX,West Coast,13.23,853.34,44,False,False,3.0,False,0.0,2026-04-27T23:39:17.576413
TRK000002503,2024-08-05,2024-08-10,2024-08-10,In Transit,UPS,Southeast,86.86,450.15,35,False,False,5.0,False,0.0,2026-04-27T23:39:17.576413
TRK000002965,2024-08-05,2024-08-07,2024-08-08,Delivered,FEDEX,Midwest,293.98,542.31,11,False,False,3.0,False,1.0,2026-04-27T23:39:17.576413
API000235,2024-08-05,2024-08-08,,Delayed,UPS,Northeast,125.91,144.66,5,False,False,,False,,2026-04-27T23:39:17.576413
TRK000001336,2024-08-05,2024-08-07,2024-08-08,Cancelled,USPS,Midwest,85.05,91.41,26,False,False,3.0,False,1.0,2026-04-27T23:39:17.576413
TRK000003797,2024-08-05,2024-05-13,2024-12-05,Delayed,FEDEX,Midwest,252.62,417.5,19,False,False,122.0,False,206.0,2026-04-27T23:39:17.576413
TRK000002012,2024-08-05,2024-08-09,2024-08-07,In Transit,UPS,Northeast,578.57,343.11,35,False,False,2.0,False,0.0,2026-04-27T23:39:17.576413
TRK000003107,2024-08-05,2024-08-10,2024-11-08,Delivered,UPS,Northeast,376.34,128.07,38,False,False,95.0,False,90.0,2026-04-27T23:39:17.576413
TRK000001198,2024-08-05,2024-08-07,,Delivered,FEDEX,Midwest,121.54,729.71,10,False,False,,False,,2026-04-27T23:39:17.576413
TRK000000939,2024-08-04,2024-10-04,2024-04-10,In Transit,UPS,West Coast,575.42,206.61,46,False,False,-116.0,False,0.0,2026-04-27T23:39:17.576413
TRK000001244,2024-08-04,2024-10-08,2024-08-14,Delivered,UPS,Midwest,103.68,883.15,44,False,False,10.0,True,0.0,2026-04-27T23:39:17.576413
TRK000001499,2024-08-04,2024-08-11,2024-08-11,Cancelled,FEDEX,Midwest,450.5,652.79,46,False,False,7.0,False,0.0,2026-04-27T23:39:17.576413
TRK000003401,2024-08-04,2024-08-07,2024-08-07,Cancelled,FEDEX,Midwest,477.99,614.32,8,False,False,3.0,False,0.0,2026-04-27T23:39:17.576413
TRK000004486,2024-08-04,2024-08-07,,Cancelled,DHL,Southeast,564.86,579.29,48,False,False,,False,,2026-04-27T23:39:17.576413
TRK000003051,2024-08-04,2024-06-08,2024-08-10,Cancelled,FEDEX,Midwest,576.0,111.12,42,False,False,6.0,False,63.0,2026-04-27T23:39:17.576413
TRK000003786,2024-08-04,2024-05-08,2024-04-08,Cancelled,USPS,West Coast,44.29,62.29,13,False,False,-118.0,False,0.0,2026-04-27T23:39:17.576413
TRK000000962,2024-08-04,2024-08-09,2024-12-08,Delivered,FEDEX,West Coast,539.95,207.51,9,False,False,126.0,False,121.0,2026-04-27T23:39:17.576413
TRK000004166,2024-08-04,2024-08-05,2024-08-09,Cancelled,FEDEX,Midwest,285.56,293.29,9,False,False,5.0,False,4.0,2026-04-27T23:39:17.576413
TRK000004904,2024-08-03,2024-08-07,2024-08-07,In Transit,DHL,Midwest,114.35,741.19,9,False,False,4.0,False,0.0,2026-04-27T23:39:17.576413
TRK000001765,2024-08-03,2024-08-09,2024-08-13,In Transit,USPS,Southwest,429.45,770.23,39,False,False,10.0,False,4.0,2026-04-27T23:39:17.576413
TRK000003370,2024-08-03,2024-03-13,2024-03-11,Delivered,FEDEX,Midwest,254.12,240.67,21,False,False,-145.0,True,0.0,2026-04-27T23:39:17.576413
TRK000000570,2024-08-03,2024-03-09,2024-03-14,Cancelled,USPS,Midwest,77.89,503.02,2,False,False,-142.0,False,5.0,2026-04-27T23:39:17.576413
API000385,2024-08-02,2024-08-07,2024-08-10,Delayed,FEDEX,Midwest,38.65,699.93,26,False,False,8.0,False,3.0,2026-04-27T23:39:17.576413
TRK000001309,2024-08-02,2024-08-05,2024-08-09,Delayed,UPS,West Coast,128.67,329.33,31,False,False,7.0,False,4.0,2026-04-27T23:39:17.576413
TRK000003084,2024-08-02,2024-08-06,,Delivered,FEDEX,Northeast,383.13,830.31,30,False,False,,False,,2026-04-27T23:39:17.576413
TRK000001097,2024-08-02,2024-10-02,2024-02-10,Delayed,DHL,West Coast,35.46,56.16,50,False,False,-174.0,False,0.0,2026-04-27T23:39:17.576413
TRK000002909,2024-08-01,2024-05-08,2024-08-03,Delayed,XPO,Midwest,58.0,426.46,10,False,False,2.0,False,87.0,2026-04-27T23:39:17.576413
TRK000000053,2024-08-01,2024-08-03,2024-08-08,Delayed,UPS,Midwest,283.88,586.64,26,False,False,7.0,False,5.0,2026-04-27T23:39:17.576413
TRK000003468,2024-08-01,2024-08-04,2024-08-09,Cancelled,FEDEX,Southeast,309.61,263.33,29,False,False,8.0,False,5.0,2026-04-27T23:39:17.576413
TRK000003899,2024-08-01,2024-02-08,2024-07-31,Delivered,FEDEX,Southeast,277.71,237.89,6,False,False,-1.0,False,174.0,2026-04-27T23:39:17.576413
TRK000003665,2024-08-01,2024-08-03,2024-08-04,Delivered,FEDEX,Midwest,237.2,180.22,9,False,False,3.0,False,1.0,2026-04-27T23:39:17.576413
TRK000002615,2024-08-01,2024-01-15,2024-01-18,Cancelled,USPS,Midwest,283.05,526.61,38,False,False,-196.0,False,3.0,2026-04-27T23:39:17.576413
TRK000001526,2024-08-01,2024-08-05,2024-10-08,Cancelled,FEDEX,Midwest,417.14,425.17,38,False,False,68.0,False,64.0,2026-04-27T23:39:17.576413
TRK000002336,2024-08-01,2024-08-08,2024-08-13,In Transit,USPS,West Coast,101.38,270.95,31,False,False,12.0,False,5.0,2026-04-27T23:39:17.576413
TRK000003853,2024-08-01,2024-01-14,2024-01-16,Cancelled,USPS,Midwest,194.68,261.87,13,False,False,-198.0,False,2.0,2026-04-27T23:39:17.576413
TRK000001797,2024-08-01,2024-01-10,2024-01-12,Delivered,UPS,Southeast,177.68,722.23,49,False,False,-202.0,False,2.0,2026-04-27T23:39:17.576413
TRK000001638,2024-07-31,2024-04-08,2024-02-08,In Transit,UPS,Northeast,547.98,324.02,20,False,False,-174.0,False,0.0,2026-04-27T23:39:17.576413
TRK000003261,2024-07-31,2024-08-04,2024-09-08,Delayed,USPS,Southeast,436.87,261.81,23,False,False,39.0,False,35.0,2026-04-27T23:39:17.576413
TRK000000279,2024-07-31,2024-08-01,2024-05-08,Delayed,UPS,Southeast,22.61,214.09,25,False,False,-84.0,False,0.0,2026-04-27T23:39:17.576413
API000064,2024-07-31,2024-08-02,2024-08-08,In Transit,UPS,Northeast,48.34,108.21,15,False,False,8.0,False,6.0,2026-04-27T23:39:17.576413
TRK000002150,2024-07-30,2024-08-06,2024-08-04,Delayed,USPS,West Coast,565.37,730.22,40,False,False,5.0,False,0.0,2026-04-27T23:39:17.576413
TRK000000202,2024-07-30,2024-07-31,,In Transit,UPS,Midwest,123.31,442.19,25,False,False,,False,,2026-04-27T23:39:17.576413
TRK000001147,2024-07-30,2024-08-02,2024-02-08,Delayed,DHL,Southwest,424.11,210.21,50,False,False,-173.0,False,0.0,2026-04-27T23:39:17.576413
TRK000004179,2024-07-30,2024-05-08,2024-08-10,Delivered,XPO,Northeast,443.7,147.52,43,False,False,11.0,False,94.0,2026-04-27T23:39:17.576413
TRK000003233,2024-07-30,2024-08-05,2024-08-10,Delivered,UPS,Midwest,49.33,804.33,47,False,False,11.0,False,5.0,2026-04-27T23:39:17.576413
TRK000002805,2024-07-29,2024-07-30,2024-07-31,Cancelled,FEDEX,West Coast,559.64,267.03,34,False,False,2.0,False,1.0,2026-04-27T23:39:17.576413
TRK000000129,2024-07-29,2024-07-30,2024-07-31,Delivered,FEDEX,Northeast,119.08,498.17,32,False,False,2.0,False,1.0,2026-04-27T23:39:17.576413
API000464,2024-07-29,2024-08-01,2024-07-30,Delivered,FEDEX,Northeast,327.96,421.7,14,False,False,1.0,True,0.0,2026-04-27T23:39:17.576413
TRK000001262,2024-07-29,2024-08-02,,Delivered,UPS,Midwest,6.33,283.13,13,False,False,,False,,2026-04-27T23:39:17.576413
TRK000004144,2024-07-29,2024-07-31,2024-05-08,In Transit,FEDEX,Midwest,458.14,169.09,19,False,False,-82.0,False,0.0,2026-04-27T23:39:17.576413
TRK000003291,2024-07-29,2024-08-01,,Delivered,XPO,West Coast,304.9,158.56,21,False,False,,False,,2026-04-27T23:39:17.576413
TRK000000879,2024-07-29,2024-08-02,,Cancelled,FEDEX,Midwest,479.39,441.42,18,False,False,,False,,2026-04-27T23:39:17.576413
TRK000000179,2024-07-29,2024-08-03,2024-07-08,Delivered,FEDEX,Northeast,365.99,489.02,15,False,False,-21.0,True,0.0,2026-04-27T23:39:17.576413
TRK000001727,2024-07-28,2024-07-29,2024-08-02,Delivered,UPS,Southeast,136.31,254.82,31,False,False,5.0,False,4.0,2026-04-27T23:39:17.576413
TRK000000810,2024-07-28,2024-08-03,2024-08-04,Cancelled,UPS,Southeast,179.77,886.33,31,False,False,7.0,False,1.0,2026-04-27T23:39:17.576413
TRK000000350,2024-07-28,2024-08-03,,Delivered,USPS,Northeast,569.9,751.03,7,False,False,,False,,2026-04-27T23:39:17.576413
API000359,2024-07-28,2024-08-02,2024-07-29,In Transit,UPS,West Coast,395.41,214.02,24,False,False,1.0,False,0.0,2026-04-27T23:39:17.576413
TRK000001614,2024-07-27,2024-07-29,2024-07-27,Delivered,FEDEX,West Coast,406.64,399.98,46,False,False,0.0,True,0.0,2026-04-27T23:39:17.576413
API000361,2024-07-27,2024-08-01,,Delivered,DHL,Northeast,170.09,575.79,13,False,False,,False,,2026-04-27T23:39:17.576413
TRK000000242,2024-07-27,2024-07-28,2024-07-27,Delivered,UPS,Midwest,149.99,790.52,1,False,False,0.0,True,0.0,2026-04-27T23:39:17.576413
TRK000002288,2024-07-27,2024-03-08,2024-08-06,Delayed,USPS,Midwest,355.95,668.31,41,False,False,10.0,False,151.0,2026-04-27T23:39:17.576413
TRK000002342,2024-07-27,2024-07-29,2024-07-31,Cancelled,FEDEX,Midwest,542.08,869.14,27,False,False,4.0,False,2.0,2026-04-27T23:39:17.576413
TRK000002886,2024-07-26,2024-07-28,2024-07-27,Delayed,FEDEX,Midwest,245.72,196.96,17,False,False,1.0,False,0.0,2026-04-27T23:39:17.576413
TRK000003801,2024-07-26,2024-08-01,2024-08-06,Delivered,FEDEX,Midwest,94.94,439.72,49,False,False,11.0,False,5.0,2026-04-27T23:39:17.576413
TRK000000223,2024-07-26,2024-07-30,2024-07-29,Delayed,FEDEX,Southeast,579.0,505.92,14,False,False,3.0,False,0.0,2026-04-27T23:39:17.576413
TRK000002445,2024-07-26,2024-07-29,2024-07-28,In Transit,UPS,Midwest,32.32,650.13,5,False,False,2.0,False,0.0,2026-04-27T23:39:17.576413
TRK000003056,2024-07-26,2024-08-02,2024-08-07,Delivered,DHL,Southeast,484.39,97.25,18,False,False,12.0,False,5.0,2026-04-27T23:39:17.576413
TRK000000851,2024-07-25,2024-07-30,2024-07-29,Delivered,XPO,Southwest,365.62,355.73,20,False,False,4.0,True,0.0,2026-04-27T23:39:17.576413
TRK000000692,2024-07-25,2024-07-27,2024-07-28,Delayed,USPS,Midwest,276.59,296.83,28,False,False,3.0,False,1.0,2026-04-27T23:39:17.576413
TRK000002498,2024-07-25,2024-07-27,2024-01-08,In Transit,XPO,Midwest,582.65,306.69,24,False,False,-199.0,False,0.0,2026-04-27T23:39:17.576413
TRK000004291,2024-07-25,2024-08-01,2024-04-08,Delivered,FEDEX,Midwest,18.69,258.27,12,False,False,-108.0,True,0.0,2026-04-27T23:39:17.576413
TRK000000068,2024-07-25,2024-07-29,2024-07-31,In Transit,FEDEX,Midwest,493.49,12718.39,9,False,True,6.0,False,2.0,2026-04-27T23:39:17.576413
TRK000004492,2024-07-25,2024-07-29,2024-08-02,Delivered,DHL,Midwest,87.35,885.52,19,False,False,8.0,False,4.0,2026-04-27T23:39:17.576413
TRK000001050,2024-07-25,2024-07-31,2024-07-31,Delayed,FEDEX,Midwest,504.15,833.64,38,False,False,6.0,False,0.0,2026-04-27T23:39:17.576413
API000105,2024-07-25,2024-07-30,2024-07-31,Delivered,UPS,Midwest,334.93,216.83,18,False,False,6.0,False,1.0,2026-04-27T23:39:17.576413
TRK000000839,2024-07-25,2024-01-08,2024-07-30,In Transit,FEDEX,Midwest,220.08,342.67,39,False,False,5.0,False,204.0,2026-04-27T23:39:17.576413
TRK000002971,2024-07-24,2024-07-26,2024-07-31,In Transit,UPS,Southeast,162.99,823.36,5,False,False,7.0,False,5.0,2026-04-27T23:39:17.576413
TRK000001953,2024-07-24,2024-07-25,2024-07-25,In Transit,UPS,Southwest,415.21,457.93,27,False,False,1.0,False,0.0,2026-04-27T23:39:17.576413
TRK000001611,2024-07-24,2024-07-31,,Delayed,FEDEX,Northeast,83.86,75.86,1,False,False,,False,,2026-04-27T23:39:17.576413
TRK000003433,2024-07-24,2024-07-26,2024-07-27,Delayed,FEDEX,Midwest,114.51,-560.65,21,True,False,3.0,False,1.0,2026-04-27T23:39:17.576413
TRK000003585,2024-07-24,2024-07-26,,Delivered,FEDEX,Southwest,525.35,227.31,23,False,False,,False,,2026-04-27T23:39:17.576413
TRK000000594,2024-07-24,2024-07-30,2024-08-01,Cancelled,XPO,Midwest,324.1,802.0,31,False,False,8.0,False,2.0,2026-04-27T23:39:17.576413
TRK000001608,2024-07-24,2024-07-26,2024-07-30,Delayed,FEDEX,Midwest,582.76,726.65,31,False,False,6.0,False,4.0,2026-04-27T23:39:17.576413
TRK000000513,2024-07-24,2024-07-26,2024-07-29,Delayed,XPO,Southeast,10.05,493.91,29,False,False,5.0,False,3.0,2026-04-27T23:39:17.576413
TRK000003346,2024-07-24,2024-07-29,2024-08-01,In Transit,UPS,Midwest,144.75,456.73,46,False,False,8.0,False,3.0,2026-04-27T23:39:17.576413
TRK000003441,2024-07-24,2024-07-26,2024-07-30,Delayed,XPO,West Coast,583.78,772.74,17,False,False,6.0,False,4.0,2026-04-27T23:39:17.576413
TRK000002441,2024-07-23,2024-07-26,2024-07-26,Delayed,DHL,Midwest,461.36,370.98,36,False,False,3.0,False,0.0,2026-04-27T23:39:17.576413
TRK000001105,2024-07-23,2024-07-29,2024-08-03,In Transit,FEDEX,Northeast,498.22,555.36,41,False,False,11.0,False,5.0,2026-04-27T23:39:17.576413
TRK000001548,2024-07-23,2024-07-28,,Cancelled,DHL,Southwest,365.59,92.79,10,False,False,,False,,2026-04-27T23:39:17.576413
TRK000002279,2024-07-23,2024-07-29,2024-07-28,In Transit,USPS,Southwest,355.26,100.34,16,False,False,5.0,False,0.0,2026-04-27T23:39:17.576413
TRK000000178,2024-07-23,2024-07-26,2024-07-31,Delivered,USPS,Southwest,355.55,8994.27,24,False,True,8.0,False,5.0,2026-04-27T23:39:17.576413
TRK000003301,2024-07-23,2024-07-28,2024-02-08,Cancelled,FEDEX,Northeast,30.26,433.3,17,False,False,-166.0,False,0.0,2026-04-27T23:39:17.576413
TRK000004714,2024-07-23,2024-07-28,2024-07-30,In Transit,USPS,Midwest,354.56,704.6,45,False,False,7.0,False,2.0,2026-04-27T23:39:17.576413
TRK000002914,2024-07-23,2024-07-29,2024-07-27,Delayed,XPO,Southeast,102.04,348.13,6,False,False,4.0,False,0.0,2026-04-27T23:39:17.576413
TRK000003036,2024-07-23,2024-07-26,2024-07-25,Cancelled,FEDEX,West Coast,419.7,793.04,49,False,False,2.0,False,0.0,2026-04-27T23:39:17.576413
TRK000002299,2024-07-23,2024-07-27,2024-07-31,Delivered,USPS,West Coast,95.91,754.27,15,False,False,8.0,False,4.0,2026-04-27T23:39:17.576413
TRK000002097,2024-07-22,2024-07-25,2024-07-24,Delivered,FEDEX,Midwest,352.7,316.86,45,False,False,2.0,True,0.0,2026-04-27T23:39:17.576413
TRK000004975,2024-07-22,2024-07-28,2024-07-30,Cancelled,DHL,West Coast,571.61,533.01,36,False,False,8.0,False,2.0,2026-04-27T23:39:17.576413
TRK000000596,2024-07-22,2024-07-29,2024-07-27,Cancelled,UPS,Midwest,550.25,455.74,25,False,False,5.0,False,0.0,2026-04-27T23:39:17.576413
TRK000004101,2024-07-22,2024-07-23,2024-07-23,Delivered,XPO,Midwest,141.2,850.35,18,False,False,1.0,True,0.0,2026-04-27T23:39:17.576413
TRK000003194,2024-07-22,2024-07-26,2024-07-27,Delayed,UPS,Southeast,151.33,173.97,37,False,False,5.0,False,1.0,2026-04-27T23:39:17.576413
API000151,2024-07-22,2024-07-24,2024-07-26,In Transit,FEDEX,West Coast,337.03,91.62,17,False,False,4.0,False,2.0,2026-04-27T23:39:17.576413
TRK000001779,2024-07-22,2024-07-24,2024-07-27,Cancelled,UPS,Southwest,114.03,57.33,49,False,False,5.0,False,3.0,2026-04-27T23:39:17.576413
TRK000003667,2024-07-22,2024-07-28,,Delayed,DHL,West Coast,390.9,518.63,34,False,False,,False,,2026-04-27T23:39:17.576413
TRK000002736,2024-07-22,2024-07-27,2024-07-30,Delivered,UPS,Midwest,274.5,486.56,11,False,False,8.0,False,3.0,2026-04-27T23:39:17.576413
TRK000003877,2024-07-21,2024-07-25,2024-07-26,In Transit,FEDEX,Midwest,410.92,839.07,39,False,False,5.0,False,1.0,2026-04-27T23:39:17.576413
TRK000001626,2024-07-21,2024-07-23,,Cancelled,DHL,Midwest,555.32,602.08,35,False,False,,False,,2026-04-27T23:39:17.576413
TRK000001233,2024-07-21,2024-07-24,2024-07-23,Cancelled,FEDEX,Southeast,580.34,243.95,29,False,False,2.0,False,0.0,2026-04-27T23:39:17.576413
TRK000004512,2024-07-21,2024-07-25,2024-07-24,Delivered,XPO,Midwest,357.18,279.13,11,False,False,3.0,True,0.0,2026-04-27T23:39:17.576413
TRK000001768,2024-07-21,2024-07-25,2024-07-27,Delivered,FEDEX,Northeast,365.24,584.09,22,False,False,6.0,False,2.0,2026-04-27T23:39:17.576413
TRK000004787,2024-07-21,2024-07-25,2024-07-25,Delayed,USPS,Southeast,406.68,611.72,47,False,False,4.0,False,0.0,2026-04-27T23:39:17.576413
TRK000004927,2024-07-20,2024-07-23,2024-07-25,Delayed,USPS,Midwest,527.19,262.88,20,False,False,5.0,False,2.0,2026-04-27T23:39:17.576413
TRK000003670,2024-07-20,2024-07-21,,Delayed,FEDEX,Midwest,417.16,600.5,23,False,False,,False,,2026-04-27T23:39:17.576413
TRK000001270,2024-07-20,2024-07-22,,Cancelled,FEDEX,Northeast,175.37,635.67,34,False,False,,False,,2026-04-27T23:39:17.576413
TRK000001377,2024-07-20,2024-07-25,2024-07-29,In Transit,UPS,Midwest,10.84,374.33,27,False,False,9.0,False,4.0,2026-04-27T23:39:17.576413
TRK000004008,2024-07-20,2024-07-21,2024-07-22,Delivered,UPS,Southeast,248.62,357.78,36,False,False,2.0,False,1.0,2026-04-27T23:39:17.576413
TRK000004592,2024-07-20,2024-07-24,2024-07-22,Delivered,UPS,Southeast,402.78,278.27,25,False,False,2.0,True,0.0,2026-04-27T23:39:17.576413
TRK000002748,2024-07-20,2024-07-27,,Delivered,USPS,West Coast,189.3,852.07,8,False,False,,False,,2026-04-27T23:39:17.576413
TRK000003117,2024-07-20,2024-07-26,2024-07-25,Delivered,UPS,Southwest,217.98,779.65,2,False,False,5.0,True,0.0,2026-04-27T23:39:17.576413
TRK000001778,2024-07-20,2024-07-27,2024-07-29,In Transit,XPO,Southeast,527.24,113.85,31,False,False,9.0,False,2.0,2026-04-27T23:39:17.576413
TRK000000838,2024-07-20,2024-07-21,2024-07-24,Delayed,XPO,Southeast,40.3,793.61,11,False,False,4.0,False,3.0,2026-04-27T23:39:17.576413
TRK000003661,2024-07-19,2024-07-21,2024-07-20,Cancelled,USPS,Midwest,131.06,141.82,37,False,False,1.0,False,0.0,2026-04-27T23:39:17.576413
TRK000004569,2024-07-19,2024-07-22,,Delayed,FEDEX,West Coast,81.56,665.48,27,False,False,,False,,2026-04-27T23:39:17.576413
TRK000003064,2024-07-19,2024-07-26,2024-07-29,Delayed,UPS,Southwest,155.24,209.07,23,False,False,10.0,False,3.0,2026-04-27T23:39:17.576413
TRK000002774,2024-07-19,2024-07-24,2024-07-22,Delayed,FEDEX,Northeast,444.16,263.91,21,False,False,3.0,False,0.0,2026-04-27T23:39:17.576413
TRK000002912,2024-07-18,2024-07-20,2024-07-20,Delayed,USPS,Southeast,393.25,581.48,47,False,False,2.0,False,0.0,2026-04-27T23:39:17.576413
TRK000004794,2024-07-18,2024-07-25,2024-07-27,Delayed,FEDEX,Southwest,352.51,127.14,24,False,False,9.0,False,2.0,2026-04-27T23:39:17.576413
TRK000004571,2024-07-18,2024-07-23,,Delayed,UPS,Midwest,403.92,674.92,32,False,False,,False,,2026-04-27T23:39:17.576413
TRK000003174,2024-07-18,2024-07-23,,Cancelled,DHL,Southwest,550.84,746.94,30,False,False,,False,,2026-04-27T23:39:17.576413
TRK000004297,2024-07-18,2024-07-22,2024-07-27,Delivered,DHL,Southeast,337.47,816.29,6,False,False,9.0,False,5.0,2026-04-27T23:39:17.576413
TRK000002658,2024-07-18,2024-07-23,2024-07-24,Cancelled,FEDEX,West Coast,512.44,786.92,44,False,False,6.0,False,1.0,2026-04-27T23:39:17.576413
TRK000004719,2024-07-18,2024-07-24,2024-07-24,Delivered,UPS,Southeast,324.9,265.48,22,False,False,6.0,True,0.0,2026-04-27T23:39:17.576413
TRK000004568,2024-07-17,2024-07-23,,Delivered,FEDEX,Northeast,440.27,317.63,2,False,False,,False,,2026-04-27T23:39:17.576413
TRK000004100,2024-07-17,2024-07-20,2024-07-24,In Transit,FEDEX,West Coast,36.48,354.87,41,False,False,7.0,False,4.0,2026-04-27T23:39:17.576413
API000267,2024-07-17,2024-07-19,2024-07-19,Delivered,DHL,Northeast,265.4,612.62,1,False,False,2.0,True,0.0,2026-04-27T23:39:17.576413
TRK000001590,2024-07-17,2024-07-22,2024-07-27,Cancelled,DHL,Midwest,550.31,512.7,3,False,False,10.0,False,5.0,2026-04-27T23:39:17.576413
TRK000003388,2024-07-17,2024-07-18,2024-07-21,Delivered,FEDEX,Midwest,433.1,597.33,14,False,False,4.0,False,3.0,2026-04-27T23:39:17.576413
TRK000001884,2024-07-17,2024-07-22,2024-07-27,Delivered,FEDEX,Midwest,524.69,717.02,4,False,False,10.0,False,5.0,2026-04-27T23:39:17.576413
TRK000003633,2024-07-17,2024-07-18,2024-07-18,Delayed,FEDEX,Midwest,582.33,842.57,40,False,False,1.0,False,0.0,2026-04-27T23:39:17.576413
TRK000001159,2024-07-16,2024-07-20,2024-07-20,Delayed,UPS,West Coast,233.29,107.53,8,False,False,4.0,False,0.0,2026-04-27T23:39:17.576413
TRK000003027,2024-07-16,2024-07-20,2024-07-19,Delayed,DHL,Midwest,245.27,372.61,26,False,False,3.0,False,0.0,2026-04-27T23:39:17.576413
TRK000003742,2024-07-16,2024-07-17,2024-07-19,Delayed,DHL,West Coast,232.46,418.44,43,False,False,3.0,False,2.0,2026-04-27T23:39:17.576413
TRK000000550,2024-07-16,2024-07-19,,Delivered,FEDEX,West Coast,137.54,402.97,5,False,False,,False,,2026-04-27T23:39:17.576413
TRK000003349,2024-07-16,2024-07-18,,In Transit,FEDEX,Midwest,268.04,184.91,40,False,False,,False,,2026-04-27T23:39:17.576413
API000118,2024-07-16,2024-07-18,2024-07-21,Delivered,FEDEX,West Coast,208.85,130.61,25,False,False,5.0,False,3.0,2026-04-27T23:39:17.576413
TRK000004552,2024-07-16,2024-07-19,2024-07-20,In Transit,UPS,Southeast,429.67,284.73,47,False,False,4.0,False,1.0,2026-04-27T23:39:17.576413
TRK000001751,2024-07-16,2024-07-19,2024-07-24,Cancelled,FEDEX,Midwest,474.83,576.25,23,False,False,8.0,False,5.0,2026-04-27T23:39:17.576413
TRK000003159,2024-07-16,2024-07-19,2024-07-21,Cancelled,DHL,Midwest,15.3,361.7,21,False,False,5.0,False,2.0,2026-04-27T23:39:17.576413
TRK000000409,2024-07-15,2024-07-17,2024-07-18,Cancelled,DHL,West Coast,592.47,57.11,48,False,False,3.0,False,1.0,2026-04-27T23:39:17.576413
TRK000004540,2024-07-15,2024-07-22,2024-07-21,Delivered,FEDEX,Southwest,563.88,718.51,35,False,False,6.0,True,0.0,2026-04-27T23:39:17.576413
TRK000003892,2024-07-15,2024-07-20,2024-07-19,Delivered,XPO,Midwest,420.18,611.45,12,False,False,4.0,True,0.0,2026-04-27T23:39:17.576413
TRK000002946,2024-07-15,2024-07-17,2024-07-17,Cancelled,UPS,Southwest,335.26,371.23,34,False,False,2.0,False,0.0,2026-04-27T23:39:17.576413
TRK000002269,2024-07-15,2024-07-19,,Delivered,FEDEX,Southwest,324.26,856.21,6,False,False,,False,,2026-04-27T23:39:17.576413
TRK000004972,2024-07-15,2024-07-17,2024-07-17,Delivered,XPO,Northeast,301.93,407.54,22,False,False,2.0,True,0.0,2026-04-27T23:39:17.576413
TRK000002203,2024-07-15,2024-07-19,2024-07-23,Delivered,FEDEX,Midwest,581.6,236.21,7,False,False,8.0,False,4.0,2026-04-27T23:39:17.576413
TRK000003225,2024-07-15,2024-07-20,2024-07-24,Delivered,UPS,Northeast,38.68,460.65,24,False,False,9.0,False,4.0,2026-04-27T23:39:17.576413
TRK000001726,2024-07-15,2024-07-16,,Delayed,FEDEX,Midwest,33.48,398.96,48,False,False,,False,,2026-04-27T23:39:17.576413
TRK000002676,2024-07-15,2024-07-20,2024-07-25,In Transit,XPO,Midwest,555.9,557.54,37,False,False,10.0,False,5.0,2026-04-27T23:39:17.576413
TRK000003130,2024-07-14,2024-07-16,2024-07-14,Delivered,FEDEX,Midwest,99.28,679.32,15,False,False,0.0,True,0.0,2026-04-27T23:39:17.576413
TRK000001676,2024-07-14,2024-07-15,,Delayed,FEDEX,Midwest,137.56,743.04,46,False,False,,False,,2026-04-27T23:39:17.576413
TRK000002966,2024-07-14,2024-07-20,2024-07-18,Delayed,XPO,Southeast,548.92,893.84,7,False,False,4.0,False,0.0,2026-04-27T23:39:17.576413
TRK000000960,2024-07-14,2024-07-19,,Delivered,FEDEX,Midwest,551.57,682.51,48,False,False,,False,,2026-04-27T23:39:17.576413
TRK000002076,2024-07-13,2024-07-17,2024-07-16,Delivered,UPS,Midwest,315.18,412.64,12,False,False,3.0,True,0.0,2026-04-27T23:39:17.576413
TRK000001731,2024-07-13,2024-07-20,,Delivered,FEDEX,West Coast,581.47,184.59,42,False,False,,False,,2026-04-27T23:39:17.576413
TRK000001102,2024-07-13,2024-07-17,2024-07-22,Delivered,DHL,Northeast,355.29,717.97,40,False,False,9.0,False,5.0,2026-04-27T23:39:17.576413
TRK000004590,2024-07-13,2024-07-20,2024-07-25,Cancelled,USPS,Southeast,268.67,833.18,25,False,False,12.0,False,5.0,2026-04-27T23:39:17.576413
TRK000000811,2024-07-13,2024-07-20,2024-07-24,Delivered,FEDEX,Northeast,14.85,131.75,14,False,False,11.0,False,4.0,2026-04-27T23:39:17.576413
TRK000004263,2024-07-13,2024-07-17,,Cancelled,XPO,West Coast,397.11,788.26,19,False,False,,False,,2026-04-27T23:39:17.576413
TRK000002853,2024-07-12,2024-07-16,2024-07-17,Delayed,FEDEX,Midwest,9.16,323.56,34,False,False,5.0,False,1.0,2026-04-27T23:39:17.576413
TRK000003608,2024-07-12,2024-07-19,2024-07-18,Delivered,FEDEX,Midwest,248.79,355.75,6,False,False,6.0,True,0.0,2026-04-27T23:39:17.576413
TRK000002836,2024-07-12,2024-07-19,,In Transit,USPS,Midwest,507.64,364.1,4,False,False,,False,,2026-04-27T23:39:17.576413
TRK000002338,2024-07-12,2024-07-13,2024-07-18,Cancelled,FEDEX,Midwest,373.54,646.5,10,False,False,6.0,False,5.0,2026-04-27T23:39:17.576413
TRK000001491,2024-07-12,2024-07-19,2024-07-20,Delivered,USPS,Northeast,61.18,408.63,2,False,False,8.0,False,1.0,2026-04-27T23:39:17.576413
TRK000000958,2024-07-12,2024-12-12,,In Transit,DHL,West Coast,180.64,285.82,40,False,False,,False,,2026-04-27T23:39:17.576413
TRK000001072,2024-07-12,2024-07-17,2024-07-16,In Transit,FEDEX,Midwest,588.49,658.42,22,False,False,4.0,False,0.0,2026-04-27T23:39:17.576413
TRK000002804,2024-07-12,2024-07-15,2024-07-16,In Transit,USPS,Southwest,543.35,889.28,45,False,False,4.0,False,1.0,2026-04-27T23:39:17.576413
TRK000003886,2024-07-12,2024-12-12,2024-12-12,Cancelled,FEDEX,Midwest,230.63,59.25,2,False,False,153.0,False,0.0,2026-04-27T23:39:17.576413
TRK000003618,2024-07-12,2024-07-16,,Delayed,XPO,Southeast,480.32,414.88,25,False,False,,False,,2026-04-27T23:39:17.576413
TRK000002834,2024-07-11,2024-07-16,2024-07-20,Delivered,FEDEX,Northeast,304.02,229.81,35,False,False,9.0,False,4.0,2026-04-27T23:39:17.576413
TRK000000899,2024-07-11,2024-07-17,,In Transit,UPS,Midwest,391.09,654.28,14,False,False,,False,,2026-04-27T23:39:17.576413
TRK000001651,2024-07-11,2024-07-18,2024-07-22,Delivered,UPS,Midwest,17.51,718.63,7,False,False,11.0,False,4.0,2026-04-27T23:39:17.576413
TRK000000921,2024-07-11,2024-11-11,2024-11-11,Delayed,FEDEX,Midwest,183.54,155.57,47,False,False,123.0,False,0.0,2026-04-27T23:39:17.576413
TRK000004393,2024-07-11,2024-07-17,2024-07-19,Delayed,FEDEX,West Coast,194.31,612.95,25,False,False,8.0,False,2.0,2026-04-27T23:39:17.576413
TRK000001468,2024-07-11,2024-11-14,,Cancelled,USPS,Southwest,351.55,263.72,6,False,False,,False,,2026-04-27T23:39:17.576413
TRK000004344,2024-07-11,2024-07-14,2024-07-19,Delayed,FEDEX,Northeast,464.74,792.59,37,False,False,8.0,False,5.0,2026-04-27T23:39:17.576413
TRK000002870,2024-07-11,2024-07-16,2024-07-16,Delivered,XPO,Southwest,71.98,77.71,36,False,False,5.0,True,0.0,2026-04-27T23:39:17.576413
TRK000000231,2024-07-10,2024-12-07,2024-07-12,Delivered,XPO,Southwest,216.33,794.87,20,False,False,2.0,True,0.0,2026-04-27T23:39:17.576413
TRK000001977,2024-07-10,2024-10-12,2024-10-10,In Transit,XPO,West Coast,10.76,321.17,36,False,False,92.0,False,0.0,2026-04-27T23:39:17.576413
TRK000004777,2024-07-10,2024-07-17,,In Transit,UPS,Northeast,113.13,323.91,20,False,False,,False,,2026-04-27T23:39:17.576413
TRK000003779,2024-07-10,2024-07-11,2024-07-10,Delayed,FEDEX,Midwest,502.9,338.25,9,False,False,0.0,False,0.0,2026-04-27T23:39:17.576413
TRK000003896,2024-07-10,2024-10-12,,Cancelled,DHL,Northeast,502.71,813.52,6,False,False,,False,,2026-04-27T23:39:17.576413
TRK000001118,2024-07-10,2024-07-15,2024-07-14,Delivered,XPO,Southeast,439.24,387.93,25,False,False,4.0,True,0.0,2026-04-27T23:39:17.576413
TRK000000230,2024-07-10,2024-07-15,2024-07-13,Cancelled,FEDEX,Midwest,459.81,593.13,15,False,False,3.0,False,0.0,2026-04-27T23:39:17.576413
TRK000002661,2024-07-09,2024-12-09,,Delayed,FEDEX,Midwest,292.05,661.84,19,False,False,,False,,2026-04-27T23:39:17.576413
TRK000003231,2024-07-09,2024-07-11,2024-07-09,Cancelled,DHL,Southeast,409.0,504.15,3,False,False,0.0,False,0.0,2026-04-27T23:39:17.576413
API000407,2024-07-09,2024-07-12,2024-07-16,Delivered,FEDEX,Northeast,338.69,154.53,4,False,False,7.0,False,4.0,2026-04-27T23:39:17.576413
TRK000002785,2024-07-09,2024-09-10,2024-11-09,Delivered,XPO,West Coast,499.76,543.84,13,False,False,123.0,False,60.0,2026-04-27T23:39:17.576413
TRK000001794,2024-07-09,2024-09-14,,Delivered,FEDEX,Northeast,287.4,6290.94,8,False,True,,False,,2026-04-27T23:39:17.576413
TRK000004430,2024-07-09,2024-12-09,2024-10-09,Delivered,FEDEX,Southwest,24.23,378.94,25,False,False,92.0,True,0.0,2026-04-27T23:39:17.576413
TRK000001340,2024-07-09,2024-09-12,2024-09-14,Delivered,USPS,Midwest,35.5,237.51,35,False,False,67.0,False,2.0,2026-04-27T23:39:17.576413
TRK000004809,2024-07-09,2024-07-12,,Cancelled,UPS,Southeast,71.12,374.04,23,False,False,,False,,2026-04-27T23:39:17.576413
TRK000000267,2024-07-09,2024-07-14,,Delivered,DHL,Southwest,83.34,477.15,17,False,False,,False,,2026-04-27T23:39:17.576413
TRK000001447,2024-07-09,2024-07-15,2024-07-19,Delivered,USPS,Midwest,124.67,93.25,37,False,False,10.0,False,4.0,2026-04-27T23:39:17.576413
TRK000000631,2024-07-08,2024-07-15,2024-07-19,Delayed,UPS,Southwest,278.65,156.27,22,False,False,11.0,False,4.0,2026-04-27T23:39:17.576413
TRK000004173,2024-07-08,2024-11-08,2024-08-11,Cancelled,UPS,Midwest,344.15,751.45,24,False,False,34.0,False,0.0,2026-04-27T23:39:17.576413
TRK000004117,2024-07-08,2024-07-14,2024-07-16,Cancelled,FEDEX,Midwest,137.64,443.21,3,False,False,8.0,False,2.0,2026-04-27T23:39:17.576413
TRK000001277,2024-07-08,2024-08-11,2024-08-10,In Transit,FEDEX,Midwest,268.08,462.69,4,False,False,33.0,False,0.0,2026-04-27T23:39:17.576413
TRK000000756,2024-07-08,2024-08-13,,Cancelled,UPS,Southeast,42.45,159.57,13,False,False,,False,,2026-04-27T23:39:17.576413
TRK000000989,2024-07-08,2024-07-14,2024-07-19,Cancelled,UPS,West Coast,147.05,492.75,39,False,False,11.0,False,5.0,2026-04-27T23:39:17.576413
TRK000003090,2024-07-08,2024-11-07,,Cancelled,FEDEX,Midwest,117.59,572.0,27,False,False,,False,,2026-04-27T23:39:17.576413
TRK000004278,2024-07-08,2024-07-15,2024-07-14,Delivered,UPS,Northeast,10.05,506.21,28,False,False,6.0,True,0.0,2026-04-27T23:39:17.576413
TRK000002277,2024-07-08,2024-07-10,2024-07-10,Delayed,USPS,Midwest,384.24,360.52,33,False,False,2.0,False,0.0,2026-04-27T23:39:17.576413
TRK000000974,2024-07-08,2024-07-14,2024-07-17,In Transit,XPO,Southeast,31.04,387.49,35,False,False,9.0,False,3.0,2026-04-27T23:39:17.576413
TRK000000593,2024-07-07,2024-07-12,,Delayed,FEDEX,Southwest,22.55,699.37,12,False,False,,False,,2026-04-27T23:39:17.576413
TRK000001219,2024-07-07,2024-07-11,2024-07-13,Delayed,DHL,Southwest,332.19,560.89,26,False,False,6.0,False,2.0,2026-04-27T23:39:17.576413
TRK000002382,2024-07-07,2024-07-14,2024-07-16,Delivered,USPS,West Coast,166.13,785.8,22,False,False,9.0,False,2.0,2026-04-27T23:39:17.576413
API000404,2024-07-07,2024-07-09,2024-07-12,In Transit,FEDEX,Midwest,365.5,492.81,4,False,False,5.0,False,3.0,2026-04-27T23:39:17.576413
TRK000002873,2024-07-07,2024-07-12,2024-07-14,Delivered,FEDEX,Midwest,282.83,580.12,34,False,False,7.0,False,2.0,2026-04-27T23:39:17.576413
TRK000004926,2024-07-07,2024-07-10,,In Transit,FEDEX,West Coast,528.62,81.5,49,False,False,,False,,2026-04-27T23:39:17.576413
TRK000004370,2024-07-06,2024-07-10,2024-07-13,Delayed,FEDEX,Midwest,217.54,378.04,29,False,False,7.0,False,3.0,2026-04-27T23:39:17.576413
TRK000004467,2024-07-06,2024-07-11,2024-07-16,Delivered,USPS,Northeast,461.27,837.33,32,False,False,10.0,False,5.0,2026-04-27T23:39:17.576413
TRK000000564,2024-07-06,2024-08-06,2024-06-06,Delayed,UPS,Midwest,323.9,636.68,14,False,False,-30.0,False,0.0,2026-04-27T23:39:17.576413
TRK000001861,2024-07-06,2024-08-06,2024-11-06,Delivered,UPS,Southwest,524.71,387.92,6,False,False,123.0,False,92.0,2026-04-27T23:39:17.576413
TRK000004653,2024-07-06,2024-06-13,2024-06-17,Delayed,XPO,Northeast,366.47,341.5,37,False,False,-19.0,False,4.0,2026-04-27T23:39:17.576413
API000249,2024-07-06,2024-07-09,2024-07-14,Delayed,FEDEX,Midwest,10.17,312.38,26,False,False,8.0,False,5.0,2026-04-27T23:39:17.576413
API000246,2024-07-06,2024-07-10,,Delivered,UPS,West Coast,274.6,148.71,5,False,False,,False,,2026-04-27T23:39:17.576413
TRK000002929,2024-07-05,2024-07-10,2024-07-15,Delivered,UPS,West Coast,264.75,63.94,6,False,False,10.0,False,5.0,2026-04-27T23:39:17.576413
TRK000002194,2024-07-05,2024-07-09,2024-07-09,Delivered,UPS,Midwest,304.91,14224.93,5,False,True,4.0,True,0.0,2026-04-27T23:39:17.576413
TRK000004307,2024-07-05,2024-07-10,2024-07-15,Delayed,FEDEX,Midwest,390.84,659.83,43,False,False,10.0,False,5.0,2026-04-27T23:39:17.576413
TRK000001586,2024-07-05,2024-07-11,,Cancelled,FEDEX,Southwest,585.24,604.64,14,False,False,,False,,2026-04-27T23:39:17.576413
TRK000000724,2024-07-05,2024-07-09,2024-07-12,In Transit,FEDEX,Midwest,410.69,589.22,18,False,False,7.0,False,3.0,2026-04-27T23:39:17.576413
TRK000000574,2024-07-05,2024-05-09,2024-05-11,Delayed,FEDEX,Midwest,343.45,252.86,3,False,False,-55.0,False,2.0,2026-04-27T23:39:17.576413
TRK000002519,2024-07-04,2024-10-07,2024-12-07,Delayed,FEDEX,Southwest,467.14,281.68,12,False,False,156.0,False,61.0,2026-04-27T23:39:17.576413
TRK000003923,2024-07-04,2024-06-07,2024-07-08,Delivered,UPS,Southeast,121.22,516.48,45,False,False,4.0,False,31.0,2026-04-27T23:39:17.576413
TRK000000548,2024-07-04,2024-07-06,2024-07-10,In Transit,USPS,Midwest,591.04,785.48,35,False,False,6.0,False,4.0,2026-04-27T23:39:17.576413
TRK000004563,2024-07-04,2024-04-14,2024-04-14,In Transit,FEDEX,West Coast,215.5,346.52,43,False,False,-81.0,False,0.0,2026-04-27T23:39:17.576413
TRK000000572,2024-07-04,2024-07-05,2024-07-06,Delayed,FEDEX,West Coast,14.3,313.15,23,False,False,2.0,False,1.0,2026-04-27T23:39:17.576413
API000080,2024-07-04,2024-07-07,2024-07-07,Delayed,FEDEX,West Coast,275.46,84.43,23,False,False,3.0,False,0.0,2026-04-27T23:39:17.576413
TRK000000937,2024-07-04,2024-05-07,2024-07-03,Cancelled,UPS,Midwest,390.13,422.74,28,False,False,-1.0,False,57.0,2026-04-27T23:39:17.576413
TRK000000488,2024-07-03,2024-10-07,2024-07-15,Cancelled,FEDEX,Northeast,194.86,848.23,4,False,False,12.0,False,0.0,2026-04-27T23:39:17.576413
TRK000004255,2024-07-03,2024-04-07,,Delivered,UPS,Southeast,321.7,873.14,41,False,False,,False,,2026-04-27T23:39:17.576413
TRK000004331,2024-07-03,2024-03-13,2024-03-14,Delayed,XPO,Northeast,261.03,384.33,37,False,False,-111.0,False,1.0,2026-04-27T23:39:17.576413
TRK000004474,2024-07-03,2024-10-03,2024-03-09,In Transit,FEDEX,West Coast,109.7,458.55,38,False,False,-116.0,False,0.0,2026-04-27T23:39:17.576413
TRK000003250,2024-07-03,2024-07-06,2024-07-09,Cancelled,XPO,Midwest,293.23,328.76,38,False,False,6.0,False,3.0,2026-04-27T23:39:17.576413
TRK000002212,2024-07-03,2024-07-09,2024-07-10,Delayed,DHL,Midwest,312.18,85.5,21,False,False,7.0,False,1.0,2026-04-27T23:39:17.576413
TRK000002525,2024-07-03,2024-03-13,2024-03-17,In Transit,UPS,Midwest,290.19,142.15,5,False,False,-108.0,False,4.0,2026-04-27T23:39:17.576413
TRK000001845,2024-07-02,2024-07-04,2024-07-05,Delivered,FEDEX,Northeast,229.01,884.98,15,False,False,3.0,False,1.0,2026-04-27T23:39:17.576413
TRK000001838,2024-07-02,2024-08-02,2024-10-02,Delivered,UPS,Midwest,85.56,641.42,43,False,False,92.0,False,61.0,2026-04-27T23:39:17.576413
API000209,2024-07-02,2024-07-03,2024-07-04,Delayed,UPS,Northeast,264.51,595.67,9,False,False,2.0,False,1.0,2026-04-27T23:39:17.576413
TRK000000251,2024-07-02,2024-07-08,2024-07-11,In Transit,DHL,Northeast,249.79,726.68,1,False,False,9.0,False,3.0,2026-04-27T23:39:17.576413
API000304,2024-07-02,2024-07-05,2024-07-05,Delayed,FEDEX,Midwest,79.53,556.81,7,False,False,3.0,False,0.0,2026-04-27T23:39:17.576413
TRK000000718,2024-07-02,2024-02-09,2024-09-02,In Transit,XPO,Midwest,507.68,313.3,18,False,False,62.0,False,206.0,2026-04-27T23:39:17.576413
TRK000002659,2024-07-02,2024-07-05,2024-07-09,Cancelled,UPS,Southwest,440.63,765.76,18,False,False,7.0,False,4.0,2026-04-27T23:39:17.576413
TRK000002425,2024-07-02,2024-11-02,2024-02-09,Cancelled,FEDEX,Midwest,197.25,685.73,24,False,False,-144.0,False,0.0,2026-04-27T23:39:17.576413
API000497,2024-07-01,2024-07-05,2024-07-08,Delivered,DHL,Midwest,220.92,247.39,20,False,False,7.0,False,3.0,2026-04-27T23:39:17.576413
TRK000004894,2024-07-01,2024-07-07,2024-07-05,Delivered,FEDEX,Midwest,80.26,136.38,45,False,False,4.0,True,0.0,2026-04-27T23:39:17.576413
TRK000000470,2024-07-01,2024-07-08,2024-07-07,In Transit,UPS,Southeast,206.11,203.23,39,False,False,6.0,False,0.0,2026-04-27T23:39:17.576413
TRK000003406,2024-06-30,2024-07-07,2024-07-06,In Transit,UPS,Northeast,130.75,663.69,17,False,False,6.0,False,0.0,2026-04-27T23:39:17.576413
TRK000004728,2024-06-30,2024-04-07,2024-07-07,Cancelled,DHL,West Coast,164.42,538.53,28,False,False,7.0,False,91.0,2026-04-27T23:39:17.576413
TRK000000453,2024-06-30,2024-07-05,,Cancelled,FEDEX,Midwest,584.14,81.85,50,False,False,,False,,2026-04-27T23:39:17.576413
TRK000003331,2024-06-29,2024-07-04,2024-07-07,Delivered,DHL,Southeast,85.51,245.36,32,False,False,8.0,False,3.0,2026-04-27T23:39:17.576413
TRK000003471,2024-06-29,2024-07-04,2024-07-04,Cancelled,FEDEX,Midwest,166.58,828.55,46,False,False,5.0,False,0.0,2026-04-27T23:39:17.576413
API000127,2024-06-29,2024-07-01,,Delivered,UPS,Midwest,37.22,455.32,9,False,False,,False,,2026-04-27T23:39:17.576413
TRK000003221,2024-06-29,2024-07-01,2024-06-29,Delivered,FEDEX,Midwest,463.67,761.03,50,False,False,0.0,True,0.0,2026-04-27T23:39:17.576413
TRK000001687,2024-06-29,2024-07-03,2024-07-07,In Transit,FEDEX,West Coast,472.61,252.79,35,False,False,8.0,False,4.0,2026-04-27T23:39:17.576413
TRK000001709,2024-06-29,2024-07-05,,Cancelled,UPS,Midwest,365.91,61.82,39,False,False,,False,,2026-04-27T23:39:17.576413
TRK000004522,2024-06-29,2024-07-05,2024-07-09,Delayed,FEDEX,Northeast,491.7,763.87,13,False,False,10.0,False,4.0,2026-04-27T23:39:17.576413
TRK000001767,2024-06-29,2024-05-07,2024-07-07,Delayed,DHL,Southeast,48.68,721.1,44,False,False,8.0,False,61.0,2026-04-27T23:39:17.576413
TRK000001483,2024-06-29,2024-07-04,,Cancelled,FEDEX,Midwest,279.33,348.54,20,False,False,,False,,2026-04-27T23:39:17.576413
TRK000001458,2024-06-29,2024-07-05,2024-04-07,Delayed,FEDEX,West Coast,175.88,71.92,24,False,False,-83.0,False,0.0,2026-04-27T23:39:17.576413
TRK000003759,2024-06-28,2024-07-01,2024-07-02,Delivered,XPO,Northeast,337.75,825.77,34,False,False,4.0,False,1.0,2026-04-27T23:39:17.576413
TRK000001759,2024-06-28,2024-07-04,2024-07-07,Delayed,FEDEX,Southeast,532.09,514.27,4,False,False,9.0,False,3.0,2026-04-27T23:39:17.576413
TRK000002149,2024-06-28,2024-07-01,2024-01-07,Delivered,FEDEX,West Coast,472.92,409.25,6,False,False,-173.0,True,0.0,2026-04-27T23:39:17.576413
TRK000004477,2024-06-28,2024-07-05,2024-07-04,Delayed,XPO,Southeast,24.87,177.83,32,False,False,6.0,False,0.0,2026-04-27T23:39:17.576413
TRK000004716,2024-06-28,2024-02-07,2024-06-30,In Transit,FEDEX,West Coast,444.68,361.97,48,False,False,2.0,False,144.0,2026-04-27T23:39:17.576413
TRK000004407,2024-06-27,2024-06-29,2024-03-07,In Transit,XPO,Midwest,451.67,774.96,46,False,False,-112.0,False,0.0,2026-04-27T23:39:17.576413
TRK000004608,2024-06-27,2024-06-30,2024-05-07,Delayed,DHL,Midwest,187.99,235.58,11,False,False,-51.0,False,0.0,2026-04-27T23:39:17.576413
TRK000003732,2024-06-27,2024-07-03,,In Transit,FEDEX,Northeast,36.16,588.29,48,False,False,,False,,2026-04-27T23:39:17.576413
TRK000001375,2024-06-27,2024-07-02,2024-03-07,Cancelled,FEDEX,Northeast,392.8,192.03,42,False,False,-112.0,False,0.0,2026-04-27T23:39:17.576413
TRK000001786,2024-06-27,2024-06-28,2024-07-01,In Transit,FEDEX,West Coast,241.35,788.16,17,False,False,4.0,False,3.0,2026-04-27T23:39:17.576413
TRK000003736,2024-06-26,2024-06-27,2024-07-02,Delayed,FEDEX,West Coast,104.48,302.03,17,False,False,6.0,False,5.0,2026-04-27T23:39:17.576413
TRK000004288,2024-06-26,2024-03-07,,Delivered,XPO,Southwest,334.72,260.44,28,False,False,,False,,2026-04-27T23:39:17.576413
TRK000003201,2024-06-26,2024-06-30,2024-07-02,Delayed,DHL,Southwest,582.34,474.64,42,False,False,6.0,False,2.0,2026-04-27T23:39:17.576413
TRK000000722,2024-06-26,2024-07-03,2024-07-05,In Transit,FEDEX,Southwest,468.09,876.86,19,False,False,9.0,False,2.0,2026-04-27T23:39:17.576413
TRK000000698,2024-06-26,2024-06-29,2024-07-04,Delivered,FEDEX,Southwest,120.21,836.89,31,False,False,8.0,False,5.0,2026-04-27T23:39:17.576413
TRK000001677,2024-06-26,2024-06-27,2024-06-28,Delayed,UPS,Northeast,402.42,444.58,3,False,False,2.0,False,1.0,2026-04-27T23:39:17.576413
TRK000001103,2024-06-26,2024-06-28,2024-06-27,Delivered,DHL,Midwest,102.97,250.43,37,False,False,1.0,True,0.0,2026-04-27T23:39:17.576413
TRK000002704,2024-06-26,2024-07-03,2024-08-07,Delivered,USPS,Midwest,507.46,308.47,10,False,False,42.0,False,35.0,2026-04-27T23:39:17.576413
TRK000003418,2024-06-25,2024-06-29,2024-07-04,Delivered,UPS,Midwest,201.43,566.27,24,False,False,9.0,False,5.0,2026-04-27T23:39:17.576413
TRK000003495,2024-06-25,2024-06-26,2024-06-26,In Transit,USPS,Southeast,24.39,230.08,50,False,False,1.0,False,0.0,2026-04-27T23:39:17.576413
TRK000003242,2024-06-25,2024-06-29,2024-07-03,Delivered,FEDEX,Northeast,509.86,478.25,29,False,False,8.0,False,4.0,2026-04-27T23:39:17.576413
TRK000001231,2024-06-25,2024-06-27,2024-06-27,Delayed,FEDEX,Midwest,479.46,573.9,49,False,False,2.0,False,0.0,2026-04-27T23:39:17.576413
TRK000004978,2024-06-25,2024-07-01,,Cancelled,DHL,Midwest,571.14,801.21,19,False,False,,False,,2026-04-27T23:39:17.576413
TRK000004778,2024-06-25,2024-06-29,2024-07-01,Delivered,UPS,Midwest,224.83,866.66,19,False,False,6.0,False,2.0,2026-04-27T23:39:17.576413
TRK000003895,2024-06-25,2024-06-27,2024-07-02,Delivered,UPS,West Coast,459.84,393.13,34,False,False,7.0,False,5.0,2026-04-27T23:39:17.576413
TRK000003889,2024-06-24,2024-06-26,2024-06-30,Delayed,FEDEX,West Coast,107.72,714.5,20,False,False,6.0,False,4.0,2026-04-27T23:39:17.576413
TRK000003694,2024-06-24,2024-07-01,2024-06-30,Delivered,UPS,Southeast,445.3,336.06,30,False,False,6.0,True,0.0,2026-04-27T23:39:17.576413
TRK000000970,2024-06-24,2024-06-25,2024-06-27,Cancelled,FEDEX,Midwest,455.76,738.07,34,False,False,3.0,False,2.0,2026-04-27T23:39:17.576413
TRK000001815,2024-06-24,2024-06-26,2024-06-28,Delivered,UPS,Midwest,546.15,620.74,43,False,False,4.0,False,2.0,2026-04-27T23:39:17.576413
TRK000000887,2024-06-24,2024-06-29,2024-07-01,Delayed,FEDEX,Midwest,372.67,652.24,13,False,False,7.0,False,2.0,2026-04-27T23:39:17.576413
TRK000000808,2024-06-24,2024-06-28,2024-06-27,Cancelled,FEDEX,Northeast,514.12,356.11,31,False,False,3.0,False,0.0,2026-04-27T23:39:17.576413
TRK000004954,2024-06-24,2024-06-29,2024-07-01,Delivered,XPO,Southeast,275.97,571.27,40,False,False,7.0,False,2.0,2026-04-27T23:39:17.576413
TRK000000563,2024-06-24,2024-06-29,2024-07-03,Delivered,UPS,Southeast,268.19,482.61,18,False,False,9.0,False,4.0,2026-04-27T23:39:17.576413
TRK000002723,2024-06-23,2024-06-27,2024-06-29,Cancelled,FEDEX,Northeast,230.85,671.91,40,False,False,6.0,False,2.0,2026-04-27T23:39:17.576413
TRK000004342,2024-06-23,2024-06-28,2024-06-29,Delivered,UPS,Southeast,217.15,-647.63,50,True,False,6.0,False,1.0,2026-04-27T23:39:17.576413
TRK000000305,2024-06-23,2024-06-25,2024-06-27,In Transit,FEDEX,Midwest,534.34,638.83,9,False,False,4.0,False,2.0,2026-04-27T23:39:17.576413
TRK000002330,2024-06-23,2024-06-28,2024-07-01,Cancelled,FEDEX,Northeast,321.68,509.83,4,False,False,8.0,False,3.0,2026-04-27T23:39:17.576413
TRK000001583,2024-06-23,2024-06-28,2024-06-28,Cancelled,DHL,West Coast,36.02,492.53,37,False,False,5.0,False,0.0,2026-04-27T23:39:17.576413
TRK000003385,2024-06-22,2024-06-24,,Delivered,UPS,Midwest,440.24,101.61,42,False,False,,False,,2026-04-27T23:39:17.576413
TRK000001190,2024-06-22,2024-06-28,2024-06-29,Delivered,FEDEX,Northeast,16.77,259.73,50,False,False,7.0,False,1.0,2026-04-27T23:39:17.576413
TRK000002101,2024-06-22,2024-06-24,2024-06-22,Delivered,USPS,Midwest,314.66,529.6,26,False,False,0.0,True,0.0,2026-04-27T23:39:17.576413
TRK000003816,2024-06-22,2024-06-29,2024-06-30,Delayed,FEDEX,Midwest,190.99,350.31,38,False,False,8.0,False,1.0,2026-04-27T23:39:17.576413
TRK000002728,2024-06-22,2024-06-29,2024-06-29,Cancelled,FEDEX,Midwest,402.24,894.51,44,False,False,7.0,False,0.0,2026-04-27T23:39:17.576413
TRK000004819,2024-06-22,2024-06-26,2024-06-29,Delivered,FEDEX,Midwest,372.51,678.86,29,False,False,7.0,False,3.0,2026-04-27T23:39:17.576413
TRK000002298,2024-06-22,2024-06-28,2024-06-29,Cancelled,XPO,Southwest,140.99,547.01,48,False,False,7.0,False,1.0,2026-04-27T23:39:17.576413
TRK000003351,2024-06-21,2024-06-25,2024-06-26,Delivered,FEDEX,Southwest,271.22,358.64,16,False,False,5.0,False,1.0,2026-04-27T23:39:17.576413
TRK000004852,2024-06-21,2024-06-26,2024-06-28,Delivered,UPS,West Coast,334.03,566.8,19,False,False,7.0,False,2.0,2026-04-27T23:39:17.576413
TRK000000506,2024-06-21,2024-06-27,2024-06-25,Delayed,DHL,Southwest,129.26,307.84,12,False,False,4.0,False,0.0,2026-04-27T23:39:17.576413
TRK000001151,2024-06-21,2024-06-24,2024-06-24,In Transit,UPS,Southeast,565.3,331.07,12,False,False,3.0,False,0.0,2026-04-27T23:39:17.576413
TRK000002165,2024-06-21,2024-06-23,,Delayed,FEDEX,Northeast,2.6,591.18,9,False,False,,False,,2026-04-27T23:39:17.576413
TRK000003978,2024-06-20,2024-06-25,2024-06-29,Cancelled,XPO,Midwest,68.71,743.57,15,False,False,9.0,False,4.0,2026-04-27T23:39:17.576413
TRK000001866,2024-06-20,2024-06-22,2024-06-24,In Transit,FEDEX,Midwest,334.52,785.14,45,False,False,4.0,False,2.0,2026-04-27T23:39:17.576413
TRK000003839,2024-06-20,2024-06-21,2024-06-26,In Transit,FEDEX,Midwest,534.78,247.35,8,False,False,6.0,False,5.0,2026-04-27T23:39:17.576413
API000327,2024-06-20,2024-06-21,,Delivered,DHL,Midwest,372.55,635.51,21,False,False,,False,,2026-04-27T23:39:17.576413
TRK000003278,2024-06-19,2024-06-20,2024-06-22,Delivered,FEDEX,West Coast,251.98,260.26,35,False,False,3.0,False,2.0,2026-04-27T23:39:17.576413
TRK000002007,2024-06-19,2024-06-21,2024-06-23,Delayed,UPS,Midwest,184.0,535.87,17,False,False,4.0,False,2.0,2026-04-27T23:39:17.576413
TRK000000942,2024-06-19,2024-06-24,2024-06-23,In Transit,FEDEX,Midwest,155.58,390.89,47,False,False,4.0,False,0.0,2026-04-27T23:39:17.576413
TRK000000654,2024-06-19,2024-06-25,2024-06-28,Delayed,UPS,Midwest,492.14,256.88,17,False,False,9.0,False,3.0,2026-04-27T23:39:17.576413
TRK000002868,2024-06-19,2024-06-21,2024-06-26,Delivered,FEDEX,Midwest,520.2,686.28,39,False,False,7.0,False,5.0,2026-04-27T23:39:17.576413
TRK000002605,2024-06-19,2024-06-23,2024-06-28,In Transit,DHL,Midwest,438.92,347.14,10,False,False,9.0,False,5.0,2026-04-27T23:39:17.576413
API000269,2024-06-19,2024-06-20,2024-06-27,In Transit,DHL,West Coast,259.24,388.5,13,False,False,8.0,False,7.0,2026-04-27T23:39:17.576413
TRK000003942,2024-06-19,2024-06-20,2024-06-20,Cancelled,FEDEX,Northeast,453.76,272.38,15,False,False,1.0,False,0.0,2026-04-27T23:39:17.576413
API000176,2024-06-19,2024-06-22,,In Transit,FEDEX,West Coast,138.68,427.57,28,False,False,,False,,2026-04-27T23:39:17.576413
TRK000002709,2024-06-18,2024-06-23,2024-06-24,Delivered,FEDEX,West Coast,29.05,535.42,31,False,False,6.0,False,1.0,2026-04-27T23:39:17.576413
TRK000003818,2024-06-18,2024-06-22,2024-06-23,In Transit,XPO,West Coast,476.03,785.42,33,False,False,5.0,False,1.0,2026-04-27T23:39:17.576413
TRK000003446,2024-06-18,2024-06-19,2024-06-19,In Transit,UPS,Southwest,475.48,820.35,4,False,False,1.0,False,0.0,2026-04-27T23:39:17.576413
TRK000002803,2024-06-18,2024-06-22,2024-06-22,Delivered,UPS,Midwest,385.49,681.66,25,False,False,4.0,True,0.0,2026-04-27T23:39:17.576413
API000290,2024-06-18,2024-06-23,2024-06-21,Delivered,DHL,Northeast,57.22,164.86,9,False,False,3.0,True,0.0,2026-04-27T23:39:17.576413
TRK000003459,2024-06-18,2024-06-21,,Delayed,FEDEX,Southwest,585.32,541.23,19,False,False,,False,,2026-04-27T23:39:17.576413
TRK000003509,2024-06-18,2024-06-20,2024-06-25,Delayed,FEDEX,Southwest,266.17,595.76,19,False,False,7.0,False,5.0,2026-04-27T23:39:17.576413
TRK000000986,2024-06-18,2024-06-20,2024-06-24,Cancelled,UPS,Southwest,546.48,229.06,3,False,False,6.0,False,4.0,2026-04-27T23:39:17.576413
TRK000002297,2024-06-18,2024-06-20,2024-06-18,In Transit,UPS,Midwest,320.59,152.24,21,False,False,0.0,False,0.0,2026-04-27T23:39:17.576413
TRK000001857,2024-06-18,2024-06-20,2024-06-19,In Transit,UPS,West Coast,553.48,847.42,39,False,False,1.0,False,0.0,2026-04-27T23:39:17.576413
TRK000001182,2024-06-18,2024-06-22,2024-06-23,In Transit,XPO,Midwest,294.79,290.18,32,False,False,5.0,False,1.0,2026-04-27T23:39:17.576413
TRK000004505,2024-06-18,2024-06-21,2024-06-24,In Transit,FEDEX,Midwest,409.53,554.55,21,False,False,6.0,False,3.0,2026-04-27T23:39:17.576413
TRK000000527,2024-06-18,2024-06-24,2024-06-25,Delivered,UPS,West Coast,45.59,753.33,49,False,False,7.0,False,1.0,2026-04-27T23:39:17.576413
TRK000001294,2024-06-17,2024-06-19,2024-06-21,In Transit,FEDEX,Midwest,82.95,830.3,18,False,False,4.0,False,2.0,2026-04-27T23:39:17.576413
TRK000002767,2024-06-17,2024-06-20,2024-06-21,In Transit,DHL,West Coast,596.16,106.88,28,False,False,4.0,False,1.0,2026-04-27T23:39:17.576413
TRK000003511,2024-06-17,2024-06-24,2024-06-26,Delivered,FEDEX,Northeast,164.58,455.29,5,False,False,9.0,False,2.0,2026-04-27T23:39:17.576413
TRK000004520,2024-06-17,2024-06-22,2024-06-20,Delayed,DHL,Northeast,564.74,414.47,22,False,False,3.0,False,0.0,2026-04-27T23:39:17.576413
TRK000002313,2024-06-17,2024-06-21,,Delayed,USPS,Midwest,176.01,776.65,29,False,False,,False,,2026-04-27T23:39:17.576413
TRK000001416,2024-06-17,2024-06-20,2024-06-18,Delayed,UPS,Northeast,291.22,856.81,12,False,False,1.0,False,0.0,2026-04-27T23:39:17.576413
TRK000002725,2024-06-17,2024-06-20,2024-06-25,Delivered,FEDEX,Southwest,447.43,328.18,11,False,False,8.0,False,5.0,2026-04-27T23:39:17.576413
TRK000004043,2024-06-16,2024-06-20,2024-06-19,Delivered,FEDEX,Midwest,446.43,733.21,36,False,False,3.0,True,0.0,2026-04-27T23:39:17.576413
TRK000004917,2024-06-16,2024-06-17,,Delivered,UPS,Midwest,5.13,643.02,24,False,False,,False,,2026-04-27T23:39:17.576413
TRK000001415,2024-06-16,2024-06-18,2024-06-16,Delayed,FEDEX,Midwest,410.82,816.79,32,False,False,0.0,False,0.0,2026-04-27T23:39:17.576413
API000390,2024-06-16,2024-06-18,2024-06-20,Delayed,UPS,Midwest,11.56,630.18,12,False,False,4.0,False,2.0,2026-04-27T23:39:17.576413
TRK000002532,2024-06-16,2024-06-23,2024-06-23,Cancelled,FEDEX,Southwest,179.2,441.52,44,False,False,7.0,False,0.0,2026-04-27T23:39:17.576413
API000178,2024-06-16,2024-06-18,2024-06-24,Delayed,UPS,Northeast,353.86,475.94,10,False,False,8.0,False,6.0,2026-04-27T23:39:17.576413
TRK000000998,2024-06-15,2024-06-17,,Delayed,FEDEX,Midwest,224.09,774.95,9,False,False,,False,,2026-04-27T23:39:17.576413
TRK000000903,2024-06-15,2024-06-16,,In Transit,DHL,Midwest,383.54,246.37,23,False,False,,False,,2026-04-27T23:39:17.576413
TRK000003404,2024-06-15,2024-06-16,,In Transit,FEDEX,Southwest,314.19,102.81,45,False,False,,False,,2026-04-27T23:39:17.576413
TRK000001930,2024-06-15,2024-06-19,2024-06-23,Cancelled,UPS,Southeast,205.32,466.93,24,False,False,8.0,False,4.0,2026-04-27T23:39:17.576413
TRK000004054,2024-06-15,2024-06-16,,Cancelled,XPO,Midwest,546.82,794.58,36,False,False,,False,,2026-04-27T23:39:17.576413
API000297,2024-06-15,2024-06-17,2024-06-19,Delayed,UPS,Midwest,268.0,296.67,30,False,False,4.0,False,2.0,2026-04-27T23:39:17.576413
API000298,2024-06-14,2024-06-16,2024-06-18,Delivered,UPS,Midwest,286.38,132.35,14,False,False,4.0,False,2.0,2026-04-27T23:39:17.576413
TRK000003343,2024-06-14,2024-06-17,2024-06-21,Delivered,DHL,Midwest,552.95,421.0,34,False,False,7.0,False,4.0,2026-04-27T23:39:17.576413
TRK000004310,2024-06-14,2024-06-21,2024-06-19,Delivered,UPS,West Coast,348.17,865.99,9,False,False,5.0,True,0.0,2026-04-27T23:39:17.576413
TRK000003603,2024-06-14,2024-06-16,2024-06-21,Cancelled,FEDEX,Midwest,203.67,214.19,24,False,False,7.0,False,5.0,2026-04-27T23:39:17.576413
API000492,2024-06-14,2024-06-15,2024-06-19,In Transit,FEDEX,Midwest,232.65,290.67,24,False,False,5.0,False,4.0,2026-04-27T23:39:17.576413
TRK000000046,2024-06-14,2024-06-16,2024-06-19,Delayed,UPS,Northeast,394.62,727.54,22,False,False,5.0,False,3.0,2026-04-27T23:39:17.576413
TRK000000214,2024-06-14,2024-06-20,2024-06-19,In Transit,FEDEX,Northeast,278.85,892.09,15,False,False,5.0,False,0.0,2026-04-27T23:39:17.576413
TRK000004493,2024-06-13,2024-06-18,2024-06-17,Delayed,FEDEX,Northeast,529.24,201.14,17,False,False,4.0,False,0.0,2026-04-27T23:39:17.576413
TRK000004413,2024-06-13,2024-06-20,2024-06-25,Delivered,UPS,Southeast,182.49,281.3,40,False,False,12.0,False,5.0,2026-04-27T23:39:17.576413
TRK000003070,2024-06-13,2024-06-16,2024-06-17,Delayed,FEDEX,Northeast,47.18,488.92,42,False,False,4.0,False,1.0,2026-04-27T23:39:17.576413
API000419,2024-06-13,2024-06-18,2024-06-20,Delivered,UPS,Northeast,17.33,599.64,11,False,False,7.0,False,2.0,2026-04-27T23:39:17.576413
TRK000003822,2024-06-13,2024-06-18,2024-06-19,Delivered,DHL,Midwest,315.63,769.02,17,False,False,6.0,False,1.0,2026-04-27T23:39:17.576413
TRK000000794,2024-06-13,2024-06-16,2024-06-21,Delivered,XPO,Southeast,539.76,602.34,15,False,False,8.0,False,5.0,2026-04-27T23:39:17.576413
TRK000000861,2024-06-13,2024-06-20,2024-06-18,Cancelled,USPS,Northeast,533.49,654.94,2,False,False,5.0,False,0.0,2026-04-27T23:39:17.576413
API000372,2024-06-13,2024-06-18,2024-06-19,Delayed,DHL,Midwest,299.8,630.84,25,False,False,6.0,False,1.0,2026-04-27T23:39:17.576413
TRK000000914,2024-06-12,2024-12-12,2024-12-14,Delayed,FEDEX,Southwest,358.38,893.59,50,False,False,185.0,False,2.0,2026-04-27T23:39:17.576413
TRK000004844,2024-06-12,2024-12-09,,Cancelled,UPS,Midwest,484.21,685.51,28,False,False,,False,,2026-04-27T23:39:17.576413
TRK000002158,2024-06-12,2024-06-17,,Delivered,UPS,Southeast,131.92,757.35,37,False,False,,False,,2026-04-27T23:39:17.576413
TRK000000696,2024-06-12,2024-12-07,,Delivered,XPO,Southwest,575.16,229.14,22,False,False,,False,,2026-04-27T23:39:17.576413
TRK000003078,2024-06-12,2024-06-13,,Delivered,FEDEX,Northeast,52.06,501.18,10,False,False,,False,,2026-04-27T23:39:17.576413
TRK000000309,2024-06-12,2024-06-15,2024-06-17,In Transit,XPO,West Coast,471.3,737.07,36,False,False,5.0,False,2.0,2026-04-27T23:39:17.576413
TRK000000474,2024-06-12,2024-06-13,2024-06-17,Delayed,DHL,Southwest,27.66,403.92,39,False,False,5.0,False,4.0,2026-04-27T23:39:17.576413
TRK000002232,2024-06-11,2024-06-18,2024-06-19,In Transit,UPS,Northeast,224.77,697.58,47,False,False,8.0,False,1.0,2026-04-27T23:39:17.576413
TRK000004153,2024-06-11,2024-06-13,2024-06-16,Delayed,UPS,West Coast,454.04,861.58,44,False,False,5.0,False,3.0,2026-04-27T23:39:17.576413
TRK000001882,2024-06-11,2024-06-17,2024-06-20,Cancelled,DHL,Midwest,38.69,294.73,13,False,False,9.0,False,3.0,2026-04-27T23:39:17.576413
TRK000002671,2024-06-11,2024-06-18,,Delivered,FEDEX,Midwest,280.76,842.03,27,False,False,,False,,2026-04-27T23:39:17.576413
TRK000001144,2024-06-10,2024-06-17,2024-06-22,Cancelled,FEDEX,Northeast,567.32,545.41,48,False,False,12.0,False,5.0,2026-04-27T23:39:17.576413
TRK000003860,2024-06-10,2024-06-13,2024-06-18,Cancelled,UPS,Midwest,474.27,383.42,16,False,False,8.0,False,5.0,2026-04-27T23:39:17.576413
TRK000003717,2024-06-10,2024-06-12,2024-06-15,Cancelled,UPS,West Coast,200.43,394.19,47,False,False,5.0,False,3.0,2026-04-27T23:39:17.576413
TRK000003127,2024-06-10,2024-10-11,2024-10-14,Delayed,FEDEX,Northeast,60.8,515.8,37,False,False,126.0,False,3.0,2026-04-27T23:39:17.576413
API000374,2024-06-10,2024-06-15,2024-06-17,In Transit,FEDEX,Midwest,73.57,619.73,8,False,False,7.0,False,2.0,2026-04-27T23:39:17.576413
TRK000002208,2024-06-10,2024-06-15,2024-06-18,Cancelled,FEDEX,Midwest,414.41,282.82,46,False,False,8.0,False,3.0,2026-04-27T23:39:17.576413
TRK000002373,2024-06-09,2024-06-13,2024-06-13,Delivered,XPO,West Coast,264.08,737.98,30,False,False,4.0,True,0.0,2026-04-27T23:39:17.576413
API000071,2024-06-09,2024-06-14,,In Transit,DHL,West Coast,155.95,613.76,15,False,False,,False,,2026-04-27T23:39:17.576413
TRK000003929,2024-06-09,2024-08-09,2024-09-09,Delivered,FEDEX,Midwest,122.12,850.41,2,False,False,92.0,False,31.0,2026-04-27T23:39:17.576413
TRK000000206,2024-06-09,2024-06-16,2024-06-17,Delayed,XPO,Southeast,192.51,132.56,19,False,False,8.0,False,1.0,2026-04-27T23:39:17.576413
TRK000001972,2024-06-09,2024-06-12,2024-06-13,Delivered,FEDEX,Northeast,590.53,600.47,44,False,False,4.0,False,1.0,2026-04-27T23:39:17.576413
TRK000000387,2024-06-08,2024-06-15,2024-06-19,Cancelled,UPS,Southeast,356.73,688.74,44,False,False,11.0,False,4.0,2026-04-27T23:39:17.576413
TRK000004233,2024-06-08,2024-06-09,,Cancelled,UPS,Southwest,180.25,140.19,4,False,False,,False,,2026-04-27T23:39:17.576413
TRK000002657,2024-06-08,2024-10-08,,Delivered,UPS,Southwest,44.91,827.28,40,False,False,,False,,2026-04-27T23:39:17.576413
TRK000002134,2024-06-08,2024-08-10,2024-08-08,Delivered,UPS,Northeast,506.83,262.44,45,False,False,61.0,True,0.0,2026-04-27T23:39:17.576413
TRK000001250,2024-06-08,2024-10-06,2024-06-11,Delayed,FEDEX,Midwest,556.85,628.78,28,False,False,3.0,False,0.0,2026-04-27T23:39:17.576413
TRK000004949,2024-06-08,2024-08-10,2024-08-08,In Transit,FEDEX,Midwest,182.33,639.23,6,False,False,61.0,False,0.0,2026-04-27T23:39:17.576413
TRK000000234,2024-06-08,2024-06-12,2024-11-06,Delayed,FEDEX,Midwest,382.87,619.02,25,False,False,151.0,False,147.0,2026-04-27T23:39:17.576413
TRK000004594,2024-06-08,2024-06-15,2024-06-19,Delivered,UPS,Northeast,519.55,633.96,5,False,False,11.0,False,4.0,2026-04-27T23:39:17.576413
TRK000002294,2024-06-07,2024-06-12,2024-06-15,Delivered,FEDEX,Midwest,395.79,556.99,47,False,False,8.0,False,3.0,2026-04-27T23:39:17.576413
TRK000002509,2024-06-07,2024-10-06,2024-06-15,Delivered,UPS,West Coast,31.43,110.16,14,False,False,8.0,True,0.0,2026-04-27T23:39:17.576413
TRK000001204,2024-06-07,2024-06-14,2024-06-15,Delivered,DHL,Southeast,70.45,52.21,32,False,False,8.0,False,1.0,2026-04-27T23:39:17.576413
TRK000004911,2024-06-07,2024-07-11,2024-07-15,Delayed,USPS,West Coast,580.78,422.38,26,False,False,38.0,False,4.0,2026-04-27T23:39:17.576413
TRK000004428,2024-06-07,2024-06-08,2024-06-08,Delivered,XPO,Southeast,345.08,614.44,12,False,False,1.0,True,0.0,2026-04-27T23:39:17.576413
TRK000004579,2024-06-07,2024-07-13,2024-07-11,Cancelled,UPS,Midwest,166.64,58.25,26,False,False,34.0,False,0.0,2026-04-27T23:39:17.576413
TRK000003727,2024-06-07,2024-06-09,,In Transit,FEDEX,Northeast,239.29,749.76,41,False,False,,False,,2026-04-27T23:39:17.576413
TRK000001792,2024-06-06,2024-06-08,2024-06-13,Delivered,XPO,Midwest,257.75,437.86,42,False,False,7.0,False,5.0,2026-04-27T23:39:17.576413
TRK000002722,2024-06-06,2024-12-06,2024-06-16,Cancelled,UPS,Midwest,436.76,536.93,47,False,False,10.0,False,0.0,2026-04-27T23:39:17.576413
TRK000002759,2024-06-06,2024-06-11,2024-06-15,Cancelled,XPO,Midwest,516.89,192.5,2,False,False,9.0,False,4.0,2026-04-27T23:39:17.576413
TRK000002035,2024-06-06,2024-06-11,2024-06-13,Delivered,UPS,Midwest,331.45,629.28,31,False,False,7.0,False,2.0,2026-04-27T23:39:17.576413
TRK000004376,2024-06-06,2024-06-07,2024-09-06,In Transit,USPS,Southeast,248.2,403.44,20,False,False,92.0,False,91.0,2026-04-27T23:39:17.576413
API000454,2024-06-06,2024-06-09,,Delivered,DHL,Midwest,107.82,392.45,5,False,False,,False,,2026-04-27T23:39:17.576413
TRK000002517,2024-06-06,2024-06-13,2024-06-12,Delivered,USPS,West Coast,564.35,497.52,43,False,False,6.0,True,0.0,2026-04-27T23:39:17.576413
TRK000002391,2024-06-05,2024-05-13,2024-05-11,Delivered,DHL,West Coast,318.78,199.08,23,False,False,-25.0,True,0.0,2026-04-27T23:39:17.576413
TRK000003222,2024-06-05,2024-06-09,2024-08-06,Delivered,FEDEX,Midwest,214.95,253.9,20,False,False,62.0,False,58.0,2026-04-27T23:39:17.576413
TRK000004935,2024-06-05,2024-06-10,2024-12-06,Delivered,DHL,West Coast,453.71,310.81,48,False,False,184.0,False,179.0,2026-04-27T23:39:17.576413
TRK000000886,2024-06-05,2024-06-09,2024-06-11,In Transit,USPS,Northeast,522.53,824.74,41,False,False,6.0,False,2.0,2026-04-27T23:39:17.576413
TRK000002833,2024-06-05,2024-09-06,2024-06-09,In Transit,UPS,Midwest,393.19,609.47,50,False,False,4.0,False,0.0,2026-04-27T23:39:17.576413
TRK000003857,2024-06-05,2024-06-07,2024-06-09,Delayed,FEDEX,Northeast,526.96,145.79,11,False,False,4.0,False,2.0,2026-04-27T23:39:17.576413
TRK000000997,2024-06-05,2024-05-09,2024-05-10,Delivered,DHL,Midwest,301.35,772.77,44,False,False,-26.0,False,1.0,2026-04-27T23:39:17.576413
TRK000004893,2024-06-05,2024-05-11,2024-05-12,Delivered,DHL,Midwest,427.18,756.28,17,False,False,-24.0,False,1.0,2026-04-27T23:39:17.576413
TRK000000423,2024-06-04,2024-04-13,2024-04-11,Delivered,XPO,Midwest,51.06,542.46,44,False,False,-54.0,True,0.0,2026-04-27T23:39:17.576413
TRK000004781,2024-06-04,2024-06-09,2024-06-09,Delayed,XPO,Northeast,1.73,733.15,12,False,False,5.0,False,0.0,2026-04-27T23:39:17.576413
TRK000002837,2024-06-04,2024-06-11,2024-06-14,Cancelled,USPS,West Coast,378.56,848.95,47,False,False,10.0,False,3.0,2026-04-27T23:39:17.576413
API000128,2024-06-04,2024-06-07,,Delayed,FEDEX,West Coast,159.78,508.64,16,False,False,,False,,2026-04-27T23:39:17.576413
TRK000003437,2024-06-03,2024-06-06,,Delivered,UPS,Southeast,171.44,693.08,46,False,False,,False,,2026-04-27T23:39:17.576413
TRK000001276,2024-06-03,2024-07-06,,Delivered,UPS,Southwest,586.72,252.22,10,False,False,,False,,2026-04-27T23:39:17.576413
TRK000003416,2024-06-03,2024-06-09,2024-10-06,In Transit,DHL,Midwest,235.64,532.82,1,False,False,125.0,False,119.0,2026-04-27T23:39:17.576413
TRK000003764,2024-06-03,2024-03-12,2024-03-17,Delivered,XPO,West Coast,169.26,333.33,35,False,False,-78.0,False,5.0,2026-04-27T23:39:17.576413
TRK000002048,2024-06-03,2024-06-10,2024-11-06,Delayed,FEDEX,Midwest,26.83,464.18,16,False,False,156.0,False,149.0,2026-04-27T23:39:17.576413
API000260,2024-06-03,2024-06-04,,Delivered,DHL,West Coast,337.96,637.83,4,False,False,,False,,2026-04-27T23:39:17.576413
TRK000000840,2024-06-03,2024-06-06,2024-06-04,Delivered,XPO,Midwest,260.89,694.48,47,False,False,1.0,True,0.0,2026-04-27T23:39:17.576413
TRK000003931,2024-06-02,2024-09-06,2024-06-13,Delayed,UPS,Southeast,148.43,472.64,38,False,False,11.0,False,0.0,2026-04-27T23:39:17.576413
API000190,2024-06-02,2024-06-07,2024-06-06,Delayed,DHL,Northeast,285.4,615.34,14,False,False,4.0,False,0.0,2026-04-27T23:39:17.576413
TRK000002911,2024-06-02,2024-05-06,2024-06-04,In Transit,FEDEX,Midwest,97.46,263.09,14,False,False,2.0,False,29.0,2026-04-27T23:39:17.576413
TRK000001427,2024-06-02,2024-12-02,2024-02-14,Delivered,USPS,Northeast,121.43,458.14,44,False,False,-109.0,True,0.0,2026-04-27T23:39:17.576413
TRK000002612,2024-06-02,2024-06-09,2024-06-07,Delayed,DHL,Midwest,539.26,472.2,32,False,False,5.0,False,0.0,2026-04-27T23:39:17.576413
TRK000003796,2024-06-02,2024-06-05,2024-06-06,Delivered,FEDEX,Southeast,586.73,278.71,43,False,False,4.0,False,1.0,2026-04-27T23:39:17.576413
TRK000003828,2024-06-02,2024-06-03,,Delayed,UPS,Southeast,505.28,666.37,28,False,False,,False,,2026-04-27T23:39:17.576413
TRK000004159,2024-06-02,2024-02-13,2024-02-17,In Transit,USPS,Midwest,327.92,844.71,33,False,False,-106.0,False,4.0,2026-04-27T23:39:17.576413
TRK000004035,2024-06-02,2024-06-04,2024-06-08,In Transit,UPS,Northeast,483.11,-167.06,43,True,False,6.0,False,4.0,2026-04-27T23:39:17.576413
TRK000002683,2024-06-01,2024-06-05,2024-06-06,Delivered,UPS,Midwest,522.18,756.49,49,False,False,5.0,False,1.0,2026-04-27T23:39:17.576413
TRK000001702,2024-06-01,2024-06-04,2024-07-06,Cancelled,DHL,Midwest,18.66,376.88,44,False,False,35.0,False,32.0,2026-04-27T23:39:17.576413
TRK000001685,2024-06-01,2024-06-06,2024-06-06,Delayed,DHL,Midwest,77.07,263.6,48,False,False,5.0,False,0.0,2026-04-27T23:39:17.576413
TRK000002006,2024-06-01,2024-06-08,2024-06-10,Delivered,FEDEX,Southwest,510.44,513.69,18,False,False,9.0,False,2.0,2026-04-27T23:39:17.576413
TRK000001166,2024-06-01,2024-06-06,,In Transit,XPO,Midwest,599.09,370.11,47,False,False,,False,,2026-04-27T23:39:17.576413
TRK000003205,2024-06-01,2024-06-08,2024-06-10,Cancelled,UPS,Southwest,478.18,767.52,48,False,False,9.0,False,2.0,2026-04-27T23:39:17.576413
TRK000002579,2024-06-01,2024-01-10,2024-01-15,Cancelled,FEDEX,West Coast,245.41,594.51,31,False,False,-138.0,False,5.0,2026-04-27T23:39:17.576413
TRK000002224,2024-06-01,2024-06-06,2024-06-10,Delivered,DHL,Northeast,317.67,569.6,33,False,False,9.0,False,4.0,2026-04-27T23:39:17.576413
TRK000001088,2024-05-31,2024-02-06,2024-05-31,Cancelled,FEDEX,Southeast,170.85,264.59,25,False,False,0.0,False,115.0,2026-04-27T23:39:17.576413
TRK000004738,2024-05-31,2024-06-04,2024-06-02,Delivered,UPS,Midwest,174.87,57.33,14,False,False,2.0,True,0.0,2026-04-27T23:39:17.576413
API000044,2024-05-31,2024-06-03,2024-06-03,Delivered,DHL,Midwest,129.92,309.78,3,False,False,3.0,True,0.0,2026-04-27T23:39:17.576413
TRK000000776,2024-05-31,2024-06-06,2024-06-06,Cancelled,FEDEX,Midwest,231.27,822.64,5,False,False,6.0,False,0.0,2026-04-27T23:39:17.576413
TRK000002559,2024-05-30,2024-06-02,2024-02-06,Delivered,FEDEX,Midwest,445.22,129.45,19,False,False,-114.0,True,0.0,2026-04-27T23:39:17.576413
TRK000000959,2024-05-30,2024-06-04,2024-06-06,Cancelled,XPO,Midwest,164.06,750.98,2,False,False,7.0,False,2.0,2026-04-27T23:39:17.576413
TRK000004646,2024-05-30,2024-06-06,2024-06-09,Delayed,XPO,West Coast,240.44,879.67,40,False,False,10.0,False,3.0,2026-04-27T23:39:17.576413
TRK000002319,2024-05-30,2024-06-04,2024-06-09,Cancelled,FEDEX,Southwest,170.48,214.72,35,False,False,10.0,False,5.0,2026-04-27T23:39:17.576413
TRK000003752,2024-05-30,2024-06-05,2024-06-08,Delivered,USPS,Southwest,424.43,455.3,5,False,False,9.0,False,3.0,2026-04-27T23:39:17.576413
TRK000003288,2024-05-30,2024-06-06,2024-06-11,Delivered,USPS,Midwest,229.11,292.36,24,False,False,12.0,False,5.0,2026-04-27T23:39:17.576413
API000193,2024-05-29,2024-05-30,2024-06-06,Delayed,FEDEX,Midwest,290.97,385.78,5,False,False,8.0,False,7.0,2026-04-27T23:39:17.576413
TRK000002956,2024-05-29,2024-04-06,2024-06-04,Delivered,FEDEX,Midwest,424.11,741.11,40,False,False,6.0,False,59.0,2026-04-27T23:39:17.576413
TRK000000201,2024-05-29,2024-02-06,2024-06-04,Delayed,XPO,Southeast,34.16,862.31,38,False,False,6.0,False,119.0,2026-04-27T23:39:17.576413
TRK000001296,2024-05-29,2024-06-02,2024-05-31,Delayed,UPS,Northeast,81.63,246.29,25,False,False,2.0,False,0.0,2026-04-27T23:39:17.576413
TRK000002265,2024-05-29,2024-06-04,2024-06-03,Delivered,XPO,Northeast,507.21,592.7,27,False,False,5.0,True,0.0,2026-04-27T23:39:17.576413
TRK000001087,2024-05-29,2024-06-03,2024-06-03,Delivered,USPS,Northeast,196.83,216.11,5,False,False,5.0,True,0.0,2026-04-27T23:39:17.576413
TRK000002954,2024-05-28,2024-06-02,2024-06-05,Cancelled,FEDEX,Southwest,311.49,828.63,4,False,False,8.0,False,3.0,2026-04-27T23:39:17.576413
API000323,2024-05-28,2024-06-01,,Delivered,UPS,Midwest,174.25,383.35,20,False,False,,False,,2026-04-27T23:39:17.576413
TRK000003995,2024-05-28,2024-06-01,2024-06-05,Delayed,FEDEX,Southeast,273.4,146.61,13,False,False,8.0,False,4.0,2026-04-27T23:39:17.576413
TRK000004959,2024-05-28,2024-06-02,2024-06-07,Delayed,XPO,Midwest,49.02,653.35,12,False,False,10.0,False,5.0,2026-04-27T23:39:17.576413
TRK000003431,2024-05-28,2024-01-06,,Delayed,FEDEX,Midwest,416.5,632.29,25,False,False,,False,,2026-04-27T23:39:17.576413
TRK000002492,2024-05-27,2024-05-28,2024-05-29,Cancelled,UPS,Northeast,262.8,59.62,36,False,False,2.0,False,1.0,2026-04-27T23:39:17.576413
TRK000004599,2024-05-27,2024-06-01,2024-03-06,In Transit,XPO,Midwest,452.59,877.52,36,False,False,-82.0,False,0.0,2026-04-27T23:39:17.576413
TRK000004137,2024-05-27,2024-06-01,2024-06-01,Delayed,UPS,Northeast,388.38,763.23,15,False,False,5.0,False,0.0,2026-04-27T23:39:17.576413
TRK000002726,2024-05-27,2024-05-31,2024-05-30,In Transit,UPS,Northeast,444.28,118.9,33,False,False,3.0,False,0.0,2026-04-27T23:39:17.576413
TRK000002682,2024-05-27,2024-05-30,2024-05-29,In Transit,FEDEX,Northeast,479.72,175.32,47,False,False,2.0,False,0.0,2026-04-27T23:39:17.576413
TRK000003671,2024-05-27,2024-05-31,2024-06-03,Delayed,FEDEX,Southwest,385.98,784.19,37,False,False,7.0,False,3.0,2026-04-27T23:39:17.576413
TRK000001905,2024-05-27,2024-05-31,2024-02-06,Cancelled,FEDEX,Midwest,139.88,112.66,41,False,False,-111.0,False,0.0,2026-04-27T23:39:17.576413
TRK000000946,2024-05-27,2024-05-28,2024-05-30,Cancelled,FEDEX,Southeast,222.73,777.69,33,False,False,3.0,False,2.0,2026-04-27T23:39:17.576413
TRK000001409,2024-05-27,2024-05-31,2024-06-01,Delivered,USPS,West Coast,513.43,610.86,34,False,False,5.0,False,1.0,2026-04-27T23:39:17.576413
API000204,2024-05-27,2024-05-31,2024-05-29,Delayed,UPS,Midwest,32.99,555.35,30,False,False,2.0,False,0.0,2026-04-27T23:39:17.576413
API000324,2024-05-27,2024-06-01,2024-05-30,Delivered,FEDEX,Northeast,265.56,456.21,15,False,False,3.0,True,0.0,2026-04-27T23:39:17.576413
TRK000002529,2024-05-27,2024-03-06,2024-06-04,Cancelled,UPS,Midwest,584.17,479.17,7,False,False,8.0,False,90.0,2026-04-27T23:39:17.576413
TRK000001840,2024-05-26,2024-05-29,2024-05-28,Delivered,DHL,Midwest,570.5,418.14,7,False,False,2.0,True,0.0,2026-04-27T23:39:17.576413
TRK000000846,2024-05-26,2024-05-29,2024-02-06,Delivered,UPS,Midwest,507.98,81.52,49,False,False,-110.0,True,0.0,2026-04-27T23:39:17.576413
TRK000001546,2024-05-26,2024-05-28,2024-05-30,In Transit,UPS,Midwest,302.78,237.47,41,False,False,4.0,False,2.0,2026-04-27T23:39:17.576413
TRK000001241,2024-05-26,2024-06-02,2024-06-01,Cancelled,FEDEX,Midwest,304.73,780.04,13,False,False,6.0,False,0.0,2026-04-27T23:39:17.576413
TRK000002419,2024-05-26,2024-05-27,2024-05-27,Cancelled,FEDEX,Midwest,114.3,8026.35,9,False,True,1.0,False,0.0,2026-04-27T23:39:17.576413
API000085,2024-05-26,2024-05-27,,Delivered,FEDEX,West Coast,304.42,195.31,21,False,False,,False,,2026-04-27T23:39:17.576413
TRK000000760,2024-05-26,2024-05-27,2024-05-27,Delivered,FEDEX,Midwest,144.77,480.86,38,False,False,1.0,True,0.0,2026-04-27T23:39:17.576413
TRK000001764,2024-05-26,2024-05-27,2024-05-27,Delivered,UPS,Midwest,400.16,264.15,5,False,False,1.0,True,0.0,2026-04-27T23:39:17.576413
API000312,2024-05-26,2024-05-30,2024-05-28,Delivered,DHL,Midwest,380.75,501.89,8,False,False,2.0,True,0.0,2026-04-27T23:39:17.576413
TRK000004149,2024-05-26,2024-06-02,2024-07-06,Cancelled,FEDEX,Northeast,165.95,331.01,34,False,False,41.0,False,34.0,2026-04-27T23:39:17.576413
TRK000003469,2024-05-25,2024-05-28,2024-05-30,Delivered,FEDEX,Southwest,424.8,352.16,34,False,False,5.0,False,2.0,2026-04-27T23:39:17.576413
TRK000000445,2024-05-25,2024-05-30,2024-06-02,Cancelled,UPS,Southeast,487.31,257.73,11,False,False,8.0,False,3.0,2026-04-27T23:39:17.576413
TRK000000543,2024-05-25,2024-05-28,2024-05-31,Delivered,DHL,West Coast,328.25,322.82,35,False,False,6.0,False,3.0,2026-04-27T23:39:17.576413
TRK000002698,2024-05-25,2024-05-27,2024-05-30,Delayed,FEDEX,Midwest,250.61,92.74,40,False,False,5.0,False,3.0,2026-04-27T23:39:17.576413
TRK000003450,2024-05-25,2024-05-28,2024-05-31,Delivered,DHL,Southeast,530.75,636.99,16,False,False,6.0,False,3.0,2026-04-27T23:39:17.576413
TRK000001628,2024-05-25,2024-05-30,2024-01-06,Cancelled,FEDEX,West Coast,64.52,668.73,35,False,False,-140.0,False,0.0,2026-04-27T23:39:17.576413
TRK000001055,2024-05-25,2024-05-26,2024-05-28,Delivered,UPS,Southeast,546.38,527.49,3,False,False,3.0,False,2.0,2026-04-27T23:39:17.576413
TRK000001009,2024-05-25,2024-01-06,2024-06-04,Cancelled,USPS,Southeast,307.86,732.3,50,False,False,10.0,False,150.0,2026-04-27T23:39:17.576413
TRK000003833,2024-05-25,2024-05-26,2024-05-30,Delivered,UPS,Southwest,171.34,151.37,26,False,False,5.0,False,4.0,2026-04-27T23:39:17.576413
API000473,2024-05-25,2024-05-29,2024-06-01,In Transit,FEDEX,West Coast,54.21,389.74,28,False,False,7.0,False,3.0,2026-04-27T23:39:17.576413
TRK000003007,2024-05-24,2024-05-25,2024-05-23,Delayed,UPS,Northeast,466.39,407.42,43,False,False,-1.0,False,0.0,2026-04-27T23:39:17.576413
TRK000000354,2024-05-24,2024-05-30,,In Transit,FEDEX,West Coast,377.49,211.14,13,False,False,,False,,2026-04-27T23:39:17.576413
TRK000002917,2024-05-24,2024-05-29,2024-05-30,Delivered,UPS,West Coast,104.9,103.64,5,False,False,6.0,False,1.0,2026-04-27T23:39:17.576413
TRK000003740,2024-05-24,2024-05-31,2024-05-31,In Transit,UPS,Midwest,413.74,50.13,12,False,False,7.0,False,0.0,2026-04-27T23:39:17.576413
TRK000001896,2024-05-24,2024-05-30,2024-05-30,Delivered,USPS,Midwest,13.15,899.77,30,False,False,6.0,True,0.0,2026-04-27T23:39:17.576413
TRK000004597,2024-05-24,2024-05-25,2024-05-27,In Transit,FEDEX,Midwest,404.57,209.2,16,False,False,3.0,False,2.0,2026-04-27T23:39:17.576413
TRK000004633,2024-05-24,2024-05-28,2024-05-28,Delayed,UPS,Midwest,363.15,186.02,2,False,False,4.0,False,0.0,2026-04-27T23:39:17.576413
TRK000004151,2024-05-24,2024-05-25,2024-05-23,Delayed,UPS,Northeast,91.76,423.1,39,False,False,-1.0,False,0.0,2026-04-27T23:39:17.576413
TRK000001457,2024-05-24,2024-05-30,2024-05-29,Delayed,FEDEX,Southeast,109.32,548.02,46,False,False,5.0,False,0.0,2026-04-27T23:39:17.576413
TRK000003705,2024-05-24,2024-05-29,2024-05-27,Delivered,FEDEX,Northeast,493.39,622.64,26,False,False,3.0,True,0.0,2026-04-27T23:39:17.576413
TRK000003909,2024-05-24,2024-05-26,2024-05-26,Cancelled,UPS,Southeast,447.33,323.95,34,False,False,2.0,False,0.0,2026-04-27T23:39:17.576413
TRK000002420,2024-05-23,2024-05-25,2024-05-25,Cancelled,UPS,Midwest,210.23,781.09,44,False,False,2.0,False,0.0,2026-04-27T23:39:17.576413
TRK000003422,2024-05-23,2024-05-29,2024-05-30,Delayed,FEDEX,Midwest,365.91,172.38,12,False,False,7.0,False,1.0,2026-04-27T23:39:17.576413
TRK000003910,2024-05-23,2024-05-24,2024-05-28,In Transit,USPS,West Coast,97.47,518.02,7,False,False,5.0,False,4.0,2026-04-27T23:39:17.576413
TRK000004833,2024-05-23,2024-05-24,2024-05-27,Cancelled,FEDEX,Midwest,579.79,336.29,27,False,False,4.0,False,3.0,2026-04-27T23:39:17.576413
TRK000003692,2024-05-23,2024-05-24,2024-05-29,Cancelled,UPS,Midwest,238.24,680.96,38,False,False,6.0,False,5.0,2026-04-27T23:39:17.576413
TRK000001335,2024-05-23,2024-05-26,2024-05-28,In Transit,USPS,West Coast,353.33,806.85,25,False,False,5.0,False,2.0,2026-04-27T23:39:17.576413
TRK000004079,2024-05-23,2024-05-25,2024-05-29,Delivered,FEDEX,Northeast,479.29,168.88,4,False,False,6.0,False,4.0,2026-04-27T23:39:17.576413
TRK000003267,2024-05-23,2024-05-26,,Cancelled,FEDEX,West Coast,125.92,589.56,12,False,False,,False,,2026-04-27T23:39:17.576413
TRK000001980,2024-05-23,2024-05-30,2024-05-28,In Transit,FEDEX,Midwest,471.95,501.31,47,False,False,5.0,False,0.0,2026-04-27T23:39:17.576413
TRK000000744,2024-05-23,2024-05-28,2024-06-02,In Transit,DHL,Midwest,573.39,430.24,35,False,False,10.0,False,5.0,2026-04-27T23:39:17.576413
TRK000003724,2024-05-23,2024-05-30,2024-06-04,In Transit,FEDEX,Midwest,226.18,727.18,40,False,False,12.0,False,5.0,2026-04-27T23:39:17.576413
TRK000001908,2024-05-23,2024-05-26,2024-05-25,Delivered,DHL,Southwest,391.64,371.65,7,False,False,2.0,True,0.0,2026-04-27T23:39:17.576413
TRK000002276,2024-05-22,2024-05-24,2024-05-28,In Transit,UPS,Northeast,365.64,154.94,29,False,False,6.0,False,4.0,2026-04-27T23:39:17.576413
TRK000004725,2024-05-22,2024-05-23,2024-05-25,Delivered,UPS,Northeast,463.12,385.02,35,False,False,3.0,False,2.0,2026-04-27T23:39:17.576413
TRK000000384,2024-05-22,2024-05-24,2024-05-27,In Transit,UPS,Midwest,286.51,346.28,20,False,False,5.0,False,3.0,2026-04-27T23:39:17.576413
TRK000000006,2024-05-22,2024-05-26,2024-05-28,Cancelled,UPS,Southwest,422.91,531.39,27,False,False,6.0,False,2.0,2026-04-27T23:39:17.576413
API000173,2024-05-22,2024-05-24,2024-05-25,Delayed,FEDEX,Northeast,23.05,465.78,16,False,False,3.0,False,1.0,2026-04-27T23:39:17.576413
TRK000000132,2024-05-22,2024-05-26,2024-05-31,Delivered,UPS,Northeast,293.93,581.19,3,False,False,9.0,False,5.0,2026-04-27T23:39:17.576413
TRK000003082,2024-05-22,2024-05-29,2024-05-29,In Transit,USPS,West Coast,114.13,432.42,24,False,False,7.0,False,0.0,2026-04-27T23:39:17.576413
TRK000000732,2024-05-22,2024-05-27,2024-05-27,Delivered,DHL,West Coast,525.83,634.79,11,False,False,5.0,True,0.0,2026-04-27T23:39:17.576413
TRK000001821,2024-05-22,2024-05-24,2024-05-26,Delivered,FEDEX,Southeast,73.52,255.56,12,False,False,4.0,False,2.0,2026-04-27T23:39:17.576413
TRK000002010,2024-05-21,2024-05-25,2024-05-29,Delivered,FEDEX,Midwest,164.75,92.23,12,False,False,8.0,False,4.0,2026-04-27T23:39:17.576413
TRK000000736,2024-05-21,2024-05-27,,Delayed,USPS,Midwest,299.34,608.79,9,False,False,,False,,2026-04-27T23:39:17.576413
TRK000003597,2024-05-21,2024-05-26,,Cancelled,FEDEX,Southwest,319.15,863.93,21,False,False,,False,,2026-04-27T23:39:17.576413
TRK000002955,2024-05-21,2024-05-24,,Cancelled,FEDEX,Southeast,151.64,69.2,30,False,False,,False,,2026-04-27T23:39:17.576413
API000462,2024-05-20,2024-05-21,2024-05-28,Delayed,UPS,Midwest,381.56,619.63,27,False,False,8.0,False,7.0,2026-04-27T23:39:17.576413
TRK000004733,2024-05-20,2024-05-21,2024-05-24,Cancelled,FEDEX,Southwest,304.22,676.2,19,False,False,4.0,False,3.0,2026-04-27T23:39:17.576413
TRK000001134,2024-05-20,2024-05-25,,Cancelled,FEDEX,Midwest,495.45,303.68,9,False,False,,False,,2026-04-27T23:39:17.576413
API000489,2024-05-20,2024-05-25,2024-05-22,Delivered,FEDEX,West Coast,151.27,516.64,1,False,False,2.0,True,0.0,2026-04-27T23:39:17.576413
TRK000001946,2024-05-20,2024-05-27,2024-05-28,Cancelled,FEDEX,West Coast,367.08,226.67,8,False,False,8.0,False,1.0,2026-04-27T23:39:17.576413
TRK000002689,2024-05-19,2024-05-23,2024-05-24,In Transit,FEDEX,Northeast,226.75,237.27,21,False,False,5.0,False,1.0,2026-04-27T23:39:17.576413
TRK000001183,2024-05-19,2024-05-22,2024-05-20,Delivered,USPS,West Coast,469.26,285.87,17,False,False,1.0,True,0.0,2026-04-27T23:39:17.576413
API000191,2024-05-19,2024-05-20,2024-05-27,Delivered,DHL,West Coast,301.36,327.47,8,False,False,8.0,False,7.0,2026-04-27T23:39:17.576413
TRK000001109,2024-05-19,2024-05-20,2024-05-24,Delivered,DHL,Midwest,370.89,755.09,4,False,False,5.0,False,4.0,2026-04-27T23:39:17.576413
TRK000001682,2024-05-19,2024-05-25,,Delivered,UPS,Midwest,510.39,336.84,10,False,False,,False,,2026-04-27T23:39:17.576413
TRK000004766,2024-05-19,2024-05-23,2024-05-27,Delivered,FEDEX,Northeast,144.32,595.55,42,False,False,8.0,False,4.0,2026-04-27T23:39:17.576413
TRK000002876,2024-05-19,2024-05-21,2024-05-25,Delayed,XPO,West Coast,495.1,296.37,38,False,False,6.0,False,4.0,2026-04-27T23:39:17.576413
TRK000001030,2024-05-18,2024-05-22,2024-05-25,Cancelled,USPS,Midwest,196.73,659.78,45,False,False,7.0,False,3.0,2026-04-27T23:39:17.576413
TRK000003502,2024-05-18,2024-05-20,,Delivered,FEDEX,Midwest,276.88,645.12,37,False,False,,False,,2026-04-27T23:39:17.576413
TRK000003677,2024-05-18,2024-05-21,,Delivered,XPO,Midwest,43.97,250.87,50,False,False,,False,,2026-04-27T23:39:17.576413
TRK000002931,2024-05-18,2024-05-23,2024-05-25,Cancelled,XPO,Southwest,155.01,130.56,18,False,False,7.0,False,2.0,2026-04-27T23:39:17.576413
TRK000002447,2024-05-18,2024-05-23,2024-05-24,Delayed,XPO,Midwest,130.44,58.14,3,False,False,6.0,False,1.0,2026-04-27T23:39:17.576413
TRK000004929,2024-05-18,2024-05-24,2024-05-29,Cancelled,FEDEX,Midwest,320.59,834.4,5,False,False,11.0,False,5.0,2026-04-27T23:39:17.576413
API000438,2024-05-18,2024-05-19,,In Transit,FEDEX,Midwest,170.63,677.38,1,False,False,,False,,2026-04-27T23:39:17.576413
TRK000000853,2024-05-18,2024-05-19,,Cancelled,FEDEX,Midwest,54.55,308.67,4,False,False,,False,,2026-04-27T23:39:17.576413
TRK000002170,2024-05-18,2024-05-23,,Cancelled,UPS,Southeast,380.13,197.08,13,False,False,,False,,2026-04-27T23:39:17.576413
TRK000002387,2024-05-18,2024-05-24,2024-05-23,Cancelled,FEDEX,Midwest,350.11,163.58,45,False,False,5.0,False,0.0,2026-04-27T23:39:17.576413
TRK000000261,2024-05-17,2024-05-19,2024-05-20,Delayed,USPS,Southeast,568.96,468.26,26,False,False,3.0,False,1.0,2026-04-27T23:39:17.576413
TRK000000617,2024-05-17,2024-05-18,2024-05-19,Delayed,FEDEX,West Coast,365.85,344.64,27,False,False,2.0,False,1.0,2026-04-27T23:39:17.576413
TRK000000666,2024-05-17,2024-05-23,2024-05-23,In Transit,UPS,West Coast,127.93,70.33,33,False,False,6.0,False,0.0,2026-04-27T23:39:17.576413
TRK000003614,2024-05-17,2024-05-18,2024-05-20,Delivered,FEDEX,Midwest,500.71,759.4,31,False,False,3.0,False,2.0,2026-04-27T23:39:17.576413
TRK000004273,2024-05-17,2024-05-23,2024-05-26,Delayed,USPS,Northeast,138.57,656.76,47,False,False,9.0,False,3.0,2026-04-27T23:39:17.576413
TRK000002616,2024-05-16,2024-05-22,2024-05-25,Delivered,UPS,Midwest,281.39,832.36,45,False,False,9.0,False,3.0,2026-04-27T23:39:17.576413
TRK000003041,2024-05-16,2024-05-21,,In Transit,FEDEX,Southeast,65.37,421.6,35,False,False,,False,,2026-04-27T23:39:17.576413
TRK000002084,2024-05-16,2024-05-17,2024-05-20,Delivered,DHL,West Coast,161.38,460.36,46,False,False,4.0,False,3.0,2026-04-27T23:39:17.576413
TRK000003310,2024-05-16,2024-05-23,2024-05-21,Delivered,UPS,Midwest,165.16,678.2,32,False,False,5.0,True,0.0,2026-04-27T23:39:17.576413
TRK000000713,2024-05-16,2024-05-23,,Delivered,FEDEX,West Coast,455.0,235.46,41,False,False,,False,,2026-04-27T23:39:17.576413
TRK000002290,2024-05-16,2024-05-18,,Delayed,XPO,Northeast,519.28,576.86,12,False,False,,False,,2026-04-27T23:39:17.576413
TRK000003581,2024-05-16,2024-05-22,2024-05-21,Cancelled,UPS,West Coast,336.32,524.22,13,False,False,5.0,False,0.0,2026-04-27T23:39:17.576413
API000083,2024-05-16,2024-05-21,2024-05-17,Delivered,DHL,Midwest,389.47,616.45,11,False,False,1.0,True,0.0,2026-04-27T23:39:17.576413
TRK000004237,2024-05-16,2024-05-20,2024-05-25,Delayed,UPS,Southeast,432.17,874.65,18,False,False,9.0,False,5.0,2026-04-27T23:39:17.576413
TRK000003525,2024-05-16,2024-05-21,,Delivered,UPS,Midwest,281.15,215.47,47,False,False,,False,,2026-04-27T23:39:17.576413
TRK000002014,2024-05-16,2024-05-20,2024-05-24,Cancelled,UPS,Southeast,183.12,695.14,19,False,False,8.0,False,4.0,2026-04-27T23:39:17.576413
TRK000002832,2024-05-16,2024-05-19,2024-05-24,Delivered,XPO,Northeast,86.41,276.57,1,False,False,8.0,False,5.0,2026-04-27T23:39:17.576413
TRK000000019,2024-05-16,2024-05-22,2024-05-22,In Transit,FEDEX,Midwest,281.96,554.08,47,False,False,6.0,False,0.0,2026-04-27T23:39:17.576413
API000149,2024-05-16,2024-05-17,2024-05-21,Delayed,DHL,Northeast,131.27,431.16,24,False,False,5.0,False,4.0,2026-04-27T23:39:17.576413
TRK000003971,2024-05-15,2024-05-18,2024-05-17,Delivered,USPS,West Coast,427.42,575.61,35,False,False,2.0,True,0.0,2026-04-27T23:39:17.576413
API000183,2024-05-15,2024-05-18,2024-05-21,In Transit,DHL,West Coast,88.73,195.84,7,False,False,6.0,False,3.0,2026-04-27T23:39:17.576413
TRK000004965,2024-05-15,2024-05-17,2024-05-18,In Transit,FEDEX,West Coast,86.25,740.08,45,False,False,3.0,False,1.0,2026-04-27T23:39:17.576413
TRK000004864,2024-05-15,2024-05-22,2024-05-21,Delayed,FEDEX,Northeast,573.19,55.68,13,False,False,6.0,False,0.0,2026-04-27T23:39:17.576413
TRK000001911,2024-05-15,2024-05-21,2024-05-21,Cancelled,FEDEX,Northeast,192.97,715.91,49,False,False,6.0,False,0.0,2026-04-27T23:39:17.576413
TRK000004189,2024-05-15,2024-05-17,2024-05-22,Delivered,UPS,Southwest,419.29,694.1,27,False,False,7.0,False,5.0,2026-04-27T23:39:17.576413
TRK000003767,2024-05-15,2024-05-18,,In Transit,XPO,Midwest,350.72,53.62,34,False,False,,False,,2026-04-27T23:39:17.576413
TRK000000814,2024-05-14,2024-05-17,2024-05-20,In Transit,UPS,Southeast,477.99,77.98,29,False,False,6.0,False,3.0,2026-04-27T23:39:17.576413
TRK000001045,2024-05-14,2024-05-15,2024-05-17,Cancelled,XPO,West Coast,84.06,380.85,39,False,False,3.0,False,2.0,2026-04-27T23:39:17.576413
TRK000002199,2024-05-14,2024-05-19,2024-05-21,Delayed,UPS,Southeast,476.83,100.49,37,False,False,7.0,False,2.0,2026-04-27T23:39:17.576413
TRK000003756,2024-05-14,2024-05-17,2024-05-21,Delayed,DHL,Midwest,110.83,85.53,21,False,False,7.0,False,4.0,2026-04-27T23:39:17.576413
TRK000004208,2024-05-14,2024-05-17,,Cancelled,DHL,Midwest,87.6,503.87,24,False,False,,False,,2026-04-27T23:39:17.576413
TRK000001545,2024-05-14,2024-05-15,2024-05-13,Delayed,UPS,Southwest,243.39,427.36,17,False,False,-1.0,False,0.0,2026-04-27T23:39:17.576413
TRK000002888,2024-05-14,2024-05-15,,Delayed,FEDEX,West Coast,541.67,896.61,9,False,False,,False,,2026-04-27T23:39:17.576413
TRK000002844,2024-05-13,2024-05-15,2024-05-14,Delayed,UPS,Midwest,547.87,433.06,7,False,False,1.0,False,0.0,2026-04-27T23:39:17.576413
TRK000000492,2024-05-13,2024-05-14,,Delayed,FEDEX,Midwest,545.94,237.64,28,False,False,,False,,2026-04-27T23:39:17.576413
API000352,2024-05-13,2024-05-16,2024-05-19,Delayed,UPS,West Coast,64.92,492.84,17,False,False,6.0,False,3.0,2026-04-27T23:39:17.576413
TRK000003989,2024-05-13,2024-05-19,2024-05-19,Cancelled,FEDEX,Southwest,331.68,121.96,29,False,False,6.0,False,0.0,2026-04-27T23:39:17.576413
TRK000000278,2024-05-13,2024-05-14,2024-05-17,Cancelled,DHL,West Coast,434.3,447.64,48,False,False,4.0,False,3.0,2026-04-27T23:39:17.576413
TRK000002526,2024-05-13,2024-05-16,2024-05-14,Delayed,UPS,Southwest,560.32,461.87,37,False,False,1.0,False,0.0,2026-04-27T23:39:17.576413
TRK000004011,2024-05-13,2024-05-20,2024-05-22,Delivered,FEDEX,West Coast,578.86,735.47,43,False,False,9.0,False,2.0,2026-04-27T23:39:17.576413
TRK000004134,2024-05-13,2024-05-20,2024-05-25,Delayed,DHL,West Coast,49.03,788.12,5,False,False,12.0,False,5.0,2026-04-27T23:39:17.576413
TRK000003058,2024-05-12,2024-05-14,2024-05-15,In Transit,FEDEX,West Coast,503.09,552.42,42,False,False,3.0,False,1.0,2026-04-27T23:39:17.576413
API000175,2024-05-12,2024-05-15,2024-05-19,Delivered,FEDEX,Midwest,369.78,551.77,19,False,False,7.0,False,4.0,2026-04-27T23:39:17.576413
TRK000000148,2024-05-12,2024-05-14,2024-05-19,In Transit,FEDEX,Midwest,561.94,147.18,24,False,False,7.0,False,5.0,2026-04-27T23:39:17.576413
TRK000003029,2024-05-12,2024-12-07,,In Transit,UPS,Midwest,303.2,687.43,46,False,False,,False,,2026-04-27T23:39:17.576413
TRK000000739,2024-05-12,2024-05-14,2024-05-13,In Transit,XPO,West Coast,20.86,139.67,39,False,False,1.0,False,0.0,2026-04-27T23:39:17.576413
TRK000002721,2024-05-12,2024-12-11,,Delivered,UPS,Southeast,483.54,520.37,29,False,False,,False,,2026-04-27T23:39:17.576413
TRK000002254,2024-05-12,2024-12-08,2024-12-12,In Transit,FEDEX,Midwest,266.05,330.12,15,False,False,214.0,False,4.0,2026-04-27T23:39:17.576413
TRK000001171,2024-05-11,2024-05-12,2024-12-05,Delayed,UPS,Midwest,51.09,740.83,34,False,False,208.0,False,207.0,2026-04-27T23:39:17.576413
TRK000001943,2024-05-11,2024-05-13,2024-05-18,Delivered,DHL,Southeast,67.39,574.0,8,False,False,7.0,False,5.0,2026-04-27T23:39:17.576413
TRK000004260,2024-05-11,2024-05-15,2024-05-17,Delivered,FEDEX,Southwest,71.48,235.77,15,False,False,6.0,False,2.0,2026-04-27T23:39:17.576413
TRK000000661,2024-05-11,2024-05-12,2024-05-11,Delayed,DHL,Southwest,481.67,242.95,44,False,False,0.0,False,0.0,2026-04-27T23:39:17.576413
TRK000002371,2024-05-11,2024-05-15,2024-05-14,Delivered,UPS,Northeast,150.68,715.37,35,False,False,3.0,True,0.0,2026-04-27T23:39:17.576413
TRK000003314,2024-05-11,2024-05-12,2024-05-13,Delayed,UPS,Midwest,126.36,346.39,11,False,False,2.0,False,1.0,2026-04-27T23:39:17.576413
TRK000000472,2024-05-11,2024-09-11,2024-11-12,Delivered,UPS,Midwest,220.25,120.52,33,False,False,185.0,False,62.0,2026-04-27T23:39:17.576413
TRK000003845,2024-05-10,2024-05-11,2024-05-09,Delivered,UPS,Northeast,536.03,152.67,6,False,False,-1.0,True,0.0,2026-04-27T23:39:17.576413
API000343,2024-05-10,2024-05-14,2024-05-12,In Transit,DHL,Midwest,62.29,487.23,10,False,False,2.0,False,0.0,2026-04-27T23:39:17.576413
API000356,2024-05-10,2024-05-15,,Delayed,DHL,Northeast,360.09,540.83,30,False,False,,False,,2026-04-27T23:39:17.576413
TRK000000203,2024-05-10,2024-05-16,2024-05-18,Cancelled,USPS,Midwest,3.46,709.2,3,False,False,8.0,False,2.0,2026-04-27T23:39:17.576413
TRK000003164,2024-05-10,2024-05-17,2024-05-15,Cancelled,FEDEX,West Coast,418.22,10635.09,18,False,True,5.0,False,0.0,2026-04-27T23:39:17.576413
TRK000002079,2024-05-10,2024-10-08,2024-10-08,In Transit,FEDEX,West Coast,310.67,478.15,20,False,False,151.0,False,0.0,2026-04-27T23:39:17.576413
TRK000004362,2024-05-10,2024-05-17,2024-05-15,Cancelled,FEDEX,Midwest,331.59,672.39,20,False,False,5.0,False,0.0,2026-04-27T23:39:17.576413
API000420,2024-05-10,2024-05-12,2024-05-14,In Transit,UPS,West Coast,382.58,226.42,11,False,False,4.0,False,2.0,2026-04-27T23:39:17.576413
API000265,2024-05-10,2024-05-12,2024-05-16,In Transit,DHL,Northeast,355.88,124.83,28,False,False,6.0,False,4.0,2026-04-27T23:39:17.576413
API000104,2024-05-10,2024-05-15,2024-05-13,Delivered,DHL,Midwest,233.74,110.74,18,False,False,3.0,True,0.0,2026-04-27T23:39:17.576413
TRK000003311,2024-05-10,2024-11-05,,Delivered,FEDEX,Southeast,488.07,606.92,2,False,False,,False,,2026-04-27T23:39:17.576413
API000090,2024-05-10,2024-05-12,2024-05-13,Delayed,UPS,Midwest,141.0,574.21,15,False,False,3.0,False,1.0,2026-04-27T23:39:17.576413
TRK000000761,2024-05-10,2024-05-17,2024-05-20,Cancelled,USPS,Southwest,62.95,240.74,16,False,False,10.0,False,3.0,2026-04-27T23:39:17.576413
TRK000004334,2024-05-09,2024-05-11,2024-05-13,In Transit,DHL,West Coast,9.61,674.88,13,False,False,4.0,False,2.0,2026-04-27T23:39:17.576413
TRK000004461,2024-05-09,2024-05-16,2024-05-14,In Transit,FEDEX,Midwest,286.11,699.43,3,False,False,5.0,False,0.0,2026-04-27T23:39:17.576413
TRK000003275,2024-05-09,2024-09-08,2024-09-08,Delivered,UPS,Midwest,260.9,206.18,4,False,False,122.0,True,0.0,2026-04-27T23:39:17.576413
TRK000002874,2024-05-08,2024-05-12,2024-05-12,Delivered,UPS,Midwest,591.83,870.75,47,False,False,4.0,True,0.0,2026-04-27T23:39:17.576413
TRK000000944,2024-05-08,2024-05-13,2024-05-17,Delivered,UPS,Midwest,214.56,852.52,31,False,False,9.0,False,4.0,2026-04-27T23:39:17.576413
TRK000004882,2024-05-08,2024-10-05,2024-05-14,Cancelled,XPO,Southeast,299.78,62.1,37,False,False,6.0,False,0.0,2026-04-27T23:39:17.576413
TRK000001678,2024-05-08,2024-08-06,2024-08-05,Delayed,UPS,Midwest,97.68,190.64,39,False,False,89.0,False,0.0,2026-04-27T23:39:17.576413
TRK000001582,2024-05-08,2024-05-12,2024-05-15,Delayed,UPS,Midwest,349.6,275.81,1,False,False,7.0,False,3.0,2026-04-27T23:39:17.576413
TRK000003283,2024-05-08,2024-05-14,2024-05-13,Cancelled,USPS,Midwest,522.54,283.78,20,False,False,5.0,False,0.0,2026-04-27T23:39:17.576413
TRK000004984,2024-05-08,2024-05-12,2024-05-14,In Transit,UPS,Midwest,19.8,846.82,17,False,False,6.0,False,2.0,2026-04-27T23:39:17.576413
TRK000000532,2024-05-07,2024-05-12,2024-05-17,In Transit,USPS,Midwest,140.25,610.25,15,False,False,10.0,False,5.0,2026-04-27T23:39:17.576413
TRK000004581,2024-05-07,2024-05-10,2024-05-12,Delayed,UPS,Midwest,344.67,556.19,49,False,False,5.0,False,2.0,2026-04-27T23:39:17.576413
TRK000003518,2024-05-07,2024-05-13,2024-05-16,In Transit,UPS,Midwest,349.0,167.49,27,False,False,9.0,False,3.0,2026-04-27T23:39:17.576413
TRK000003741,2024-05-07,2024-05-08,2024-05-07,Delayed,FEDEX,Southwest,85.24,315.72,12,False,False,0.0,False,0.0,2026-04-27T23:39:17.576413
TRK000004722,2024-05-07,2024-07-12,2024-07-12,In Transit,DHL,Southwest,50.39,331.18,10,False,False,66.0,False,0.0,2026-04-27T23:39:17.576413
TRK000004021,2024-05-07,2024-12-07,2024-10-07,Delayed,FEDEX,Northeast,195.52,715.99,25,False,False,153.0,False,0.0,2026-04-27T23:39:17.576413
TRK000002311,2024-05-06,2024-05-12,2024-05-11,Delivered,FEDEX,Midwest,597.36,275.28,7,False,False,5.0,True,0.0,2026-04-27T23:39:17.576413
TRK000003035,2024-05-06,2024-08-05,2024-05-10,In Transit,FEDEX,Midwest,117.31,7479.09,43,False,True,4.0,False,0.0,2026-04-27T23:39:17.576413
TRK000000667,2024-05-06,2024-06-11,2024-06-10,In Transit,FEDEX,West Coast,574.34,277.52,7,False,False,35.0,False,0.0,2026-04-27T23:39:17.576413
TRK000002857,2024-05-06,2024-08-05,2024-09-05,Delayed,FEDEX,Midwest,177.59,757.76,18,False,False,122.0,False,31.0,2026-04-27T23:39:17.576413
API000469,2024-05-06,2024-05-09,2024-05-14,Delayed,FEDEX,Midwest,341.0,662.09,19,False,False,8.0,False,5.0,2026-04-27T23:39:17.576413
TRK000000419,2024-05-06,2024-09-05,2024-05-11,In Transit,FEDEX,Midwest,337.65,746.0,42,False,False,5.0,False,0.0,2026-04-27T23:39:17.576413
TRK000000496,2024-05-06,2024-05-12,2024-11-05,In Transit,FEDEX,Midwest,139.32,501.2,19,False,False,183.0,False,177.0,2026-04-27T23:39:17.576413
TRK000004045,2024-05-06,2024-06-11,2024-06-10,Delivered,FEDEX,Northeast,376.52,367.16,9,False,False,35.0,True,0.0,2026-04-27T23:39:17.576413
TRK000000262,2024-05-05,2024-05-12,2024-05-16,Cancelled,UPS,Midwest,320.95,204.1,16,False,False,11.0,False,4.0,2026-04-27T23:39:17.576413
TRK000000604,2024-05-05,2024-05-11,2024-05-13,In Transit,UPS,Northeast,326.28,366.99,26,False,False,8.0,False,2.0,2026-04-27T23:39:17.576413
TRK000002185,2024-05-05,2024-05-09,,Delayed,UPS,Northeast,284.6,641.17,42,False,False,,False,,2026-04-27T23:39:17.576413
TRK000003148,2024-05-05,2024-05-07,2024-05-11,Cancelled,FEDEX,West Coast,111.4,573.36,25,False,False,6.0,False,4.0,2026-04-27T23:39:17.576413
TRK000000436,2024-05-05,2024-05-12,2024-05-11,Delivered,UPS,Southeast,144.2,434.58,6,False,False,6.0,True,0.0,2026-04-27T23:39:17.576413
TRK000003337,2024-05-04,2024-10-05,2024-05-11,In Transit,XPO,Southeast,207.79,690.2,32,False,False,7.0,False,0.0,2026-04-27T23:39:17.576413
TRK000002854,2024-05-04,2024-05-11,2024-05-15,Cancelled,FEDEX,Midwest,445.15,189.27,21,False,False,11.0,False,4.0,2026-04-27T23:39:17.576413
TRK000003674,2024-05-04,2024-05-05,2024-05-05,In Transit,FEDEX,Midwest,573.37,249.76,50,False,False,1.0,False,0.0,2026-04-27T23:39:17.576413
TRK000000499,2024-05-04,2024-04-10,,Cancelled,UPS,West Coast,297.44,129.58,9,False,False,,False,,2026-04-27T23:39:17.576413
TRK000000138,2024-05-04,2024-04-09,2024-04-09,In Transit,FEDEX,Northeast,586.5,514.09,29,False,False,-25.0,False,0.0,2026-04-27T23:39:17.576413
TRK000002717,2024-05-04,2024-05-11,,In Transit,FEDEX,Southeast,192.27,541.17,28,False,False,,False,,2026-04-27T23:39:17.576413
TRK000003256,2024-05-04,2024-04-09,2024-08-04,Delivered,USPS,Southwest,44.37,272.8,48,False,False,92.0,False,117.0,2026-04-27T23:39:17.576413
TRK000004937,2024-05-04,2024-04-09,2024-04-07,Delivered,UPS,Southeast,67.6,380.75,9,False,False,-27.0,True,0.0,2026-04-27T23:39:17.576413
TRK000001826,2024-05-03,2024-03-07,2024-03-12,Delivered,FEDEX,Southwest,74.17,710.75,21,False,False,-52.0,False,5.0,2026-04-27T23:39:17.576413
TRK000002816,2024-05-03,2024-05-09,2024-05-11,Delivered,FEDEX,Southwest,196.77,134.8,34,False,False,8.0,False,2.0,2026-04-27T23:39:17.576413
TRK000001332,2024-05-03,2024-05-05,2024-05-03,Cancelled,XPO,Midwest,160.33,351.95,27,False,False,0.0,False,0.0,2026-04-27T23:39:17.576413
TRK000004779,2024-05-03,2024-05-05,,In Transit,USPS,Southwest,146.0,126.31,5,False,False,,False,,2026-04-27T23:39:17.576413
TRK000003557,2024-05-03,2024-03-10,2024-03-15,Delivered,UPS,Midwest,228.57,214.41,40,False,False,-49.0,False,5.0,2026-04-27T23:39:17.576413
API000078,2024-05-02,2024-05-07,2024-05-07,Delayed,UPS,Northeast,272.21,658.6,28,False,False,5.0,False,0.0,2026-04-27T23:39:17.576413
TRK000001612,2024-05-02,2024-05-09,2024-05-12,Delayed,USPS,West Coast,282.38,540.64,2,False,False,10.0,False,3.0,2026-04-27T23:39:17.576413
TRK000004075,2024-05-02,2024-05-03,2024-05-03,Delayed,UPS,Southwest,90.98,400.43,11,False,False,1.0,False,0.0,2026-04-27T23:39:17.576413
API000097,2024-05-02,2024-05-03,2024-05-10,In Transit,FEDEX,Midwest,253.62,140.93,27,False,False,8.0,False,7.0,2026-04-27T23:39:17.576413
TRK000002295,2024-05-02,2024-05-04,,Cancelled,UPS,West Coast,483.65,550.97,40,False,False,,False,,2026-04-27T23:39:17.576413
TRK000001170,2024-05-01,2024-05-06,2024-05-07,Cancelled,USPS,Midwest,301.43,726.11,37,False,False,6.0,False,1.0,2026-04-27T23:39:17.576413
TRK000002102,2024-05-01,2024-05-04,2024-05-08,In Transit,UPS,Midwest,496.58,235.25,37,False,False,7.0,False,4.0,2026-04-27T23:39:17.576413
TRK000003609,2024-05-01,2024-05-06,2024-05-10,In Transit,USPS,Southeast,170.27,110.33,1,False,False,9.0,False,4.0,2026-04-27T23:39:17.576413
TRK000000135,2024-05-01,2024-05-08,2024-08-05,Delivered,UPS,Midwest,390.09,675.98,42,False,False,96.0,False,89.0,2026-04-27T23:39:17.576413
API000345,2024-05-01,2024-05-05,2024-05-06,Delivered,FEDEX,Midwest,40.04,107.4,18,False,False,5.0,False,1.0,2026-04-27T23:39:17.576413
TRK000003606,2024-05-01,2024-02-05,,Cancelled,USPS,Southwest,536.06,389.45,27,False,False,,False,,2026-04-27T23:39:17.576413
TRK000002148,2024-05-01,2024-05-03,2024-05-07,Delayed,UPS,West Coast,41.28,126.55,12,False,False,6.0,False,4.0,2026-04-27T23:39:17.576413
TRK000004363,2024-05-01,2024-02-05,,In Transit,DHL,Midwest,409.9,280.54,19,False,False,,False,,2026-04-27T23:39:17.576413
TRK000000386,2024-05-01,2024-01-06,2024-01-07,Cancelled,UPS,Midwest,581.33,877.28,38,False,False,-115.0,False,1.0,2026-04-27T23:39:17.576413
TRK000004757,2024-05-01,2024-05-07,2024-05-10,Delayed,USPS,West Coast,591.97,296.81,27,False,False,9.0,False,3.0,2026-04-27T23:39:17.576413
TRK000002561,2024-05-01,2024-05-03,2024-05-08,In Transit,USPS,Midwest,366.48,881.33,27,False,False,7.0,False,5.0,2026-04-27T23:39:17.576413
API000376,2024-05-01,2024-05-05,,Delayed,UPS,Midwest,339.66,200.19,7,False,False,,False,,2026-04-27T23:39:17.576413
TRK000002858,2024-05-01,2024-05-02,,In Transit,XPO,Midwest,268.71,882.85,32,False,False,,False,,2026-04-27T23:39:17.576413
TRK000004832,2024-04-30,2024-05-07,2024-05-12,Delayed,DHL,Midwest,540.78,198.45,2,False,False,12.0,False,5.0,2026-04-27T23:39:17.576413
TRK000003215,2024-04-30,2024-05-01,2024-05-01,Delivered,UPS,Southwest,403.44,413.31,28,False,False,1.0,True,0.0,2026-04-27T23:39:17.576413
TRK000002156,2024-04-30,2024-05-02,2024-05-07,Cancelled,FEDEX,Northeast,232.57,637.46,18,False,False,7.0,False,5.0,2026-04-27T23:39:17.576413
TRK000004702,2024-04-30,2024-01-05,2024-04-29,Cancelled,FEDEX,Midwest,383.02,883.59,4,False,False,-1.0,False,115.0,2026-04-27T23:39:17.576413
TRK000002791,2024-04-30,2024-04-05,2024-05-07,Cancelled,FEDEX,Southwest,164.26,271.6,1,False,False,7.0,False,32.0,2026-04-27T23:39:17.576413
TRK000004039,2024-04-30,2024-04-05,2024-05-02,Cancelled,DHL,Northeast,166.59,567.02,2,False,False,2.0,False,27.0,2026-04-27T23:39:17.576413
TRK000001234,2024-04-30,2024-05-01,2024-05-03,In Transit,FEDEX,Midwest,40.19,244.53,3,False,False,3.0,False,2.0,2026-04-27T23:39:17.576413
TRK000003519,2024-04-30,2024-05-02,,In Transit,UPS,Southeast,16.36,378.8,47,False,False,,False,,2026-04-27T23:39:17.576413
TRK000002092,2024-04-30,2024-05-07,2024-05-09,Delayed,DHL,Midwest,263.87,337.94,25,False,False,9.0,False,2.0,2026-04-27T23:39:17.576413
TRK000004469,2024-04-30,2024-05-02,2024-05-05,Delivered,FEDEX,Southwest,413.57,669.41,10,False,False,5.0,False,3.0,2026-04-27T23:39:17.576413
TRK000001369,2024-04-30,2024-05-03,2024-01-05,Delivered,DHL,Southwest,356.42,297.79,45,False,False,-116.0,True,0.0,2026-04-27T23:39:17.576413
TRK000002810,2024-04-30,2024-05-04,,In Transit,UPS,Northeast,249.62,368.36,28,False,False,,False,,2026-04-27T23:39:17.576413
TRK000001239,2024-04-30,2024-05-04,,Cancelled,FEDEX,Southeast,342.09,191.19,26,False,False,,False,,2026-04-27T23:39:17.576413
TRK000002320,2024-04-30,2024-05-07,2024-05-06,Delivered,UPS,Southwest,241.8,608.22,1,False,False,6.0,True,0.0,2026-04-27T23:39:17.576413
TRK000002603,2024-04-29,2024-05-04,2024-05-03,In Transit,UPS,Midwest,142.08,222.2,34,False,False,4.0,False,0.0,2026-04-27T23:39:17.576413
TRK000002894,2024-04-29,2024-05-04,2024-05-06,In Transit,UPS,Southwest,79.6,877.83,6,False,False,7.0,False,2.0,2026-04-27T23:39:17.576413
TRK000000611,2024-04-29,2024-05-05,2024-05-03,Delivered,FEDEX,Midwest,561.8,146.05,14,False,False,4.0,True,0.0,2026-04-27T23:39:17.576413
TRK000004989,2024-04-29,2024-05-03,2024-05-08,In Transit,FEDEX,Midwest,346.39,357.75,19,False,False,9.0,False,5.0,2026-04-27T23:39:17.576413
TRK000002285,2024-04-29,2024-05-04,2024-05-06,Delivered,UPS,Midwest,479.42,175.38,15,False,False,7.0,False,2.0,2026-04-27T23:39:17.576413
TRK000000082,2024-04-29,2024-05-05,2024-07-05,Cancelled,USPS,Northeast,434.37,443.74,6,False,False,67.0,False,61.0,2026-04-27T23:39:17.576413
TRK000003911,2024-04-29,2024-03-05,2024-05-06,Delivered,FEDEX,Midwest,593.0,335.6,28,False,False,7.0,False,62.0,2026-04-27T23:39:17.576413
TRK000003830,2024-04-29,2024-04-30,2024-04-28,Delayed,XPO,West Coast,306.32,95.69,9,False,False,-1.0,False,0.0,2026-04-27T23:39:17.576413
TRK000004740,2024-04-29,2024-05-03,2024-05-07,Delayed,UPS,Southwest,72.74,240.18,50,False,False,8.0,False,4.0,2026-04-27T23:39:17.576413
TRK000004842,2024-04-29,2024-05-01,2024-02-05,Delayed,UPS,Southeast,389.4,647.83,44,False,False,-84.0,False,0.0,2026-04-27T23:39:17.576413
TRK000004924,2024-04-28,2024-04-05,,Delivered,UPS,Midwest,280.68,497.44,49,False,False,,False,,2026-04-27T23:39:17.576413
TRK000001600,2024-04-28,2024-05-03,,Delivered,XPO,West Coast,89.32,592.18,12,False,False,,False,,2026-04-27T23:39:17.576413
TRK000003890,2024-04-28,2024-05-01,,Cancelled,UPS,Midwest,140.8,731.42,21,False,False,,False,,2026-04-27T23:39:17.576413
TRK000002653,2024-04-28,2024-05-03,2024-05-01,Delivered,UPS,Midwest,317.42,94.01,50,False,False,3.0,True,0.0,2026-04-27T23:39:17.576413
TRK000002187,2024-04-28,2024-05-04,2024-05-07,Delayed,FEDEX,West Coast,385.19,162.75,39,False,False,9.0,False,3.0,2026-04-27T23:39:17.576413
TRK000001324,2024-04-27,2024-05-04,2024-05-02,Cancelled,FEDEX,West Coast,585.8,278.69,29,False,False,5.0,False,0.0,2026-04-27T23:39:17.576413
TRK000000690,2024-04-27,2024-04-28,,In Transit,UPS,Southeast,448.07,523.55,5,False,False,,False,,2026-04-27T23:39:17.576413
TRK000001465,2024-04-27,2024-04-30,2024-04-28,Delayed,UPS,Midwest,483.59,337.34,37,False,False,1.0,False,0.0,2026-04-27T23:39:17.576413
API000320,2024-04-27,2024-04-29,2024-05-03,In Transit,FEDEX,Northeast,321.21,222.65,18,False,False,6.0,False,4.0,2026-04-27T23:39:17.576413
TRK000002073,2024-04-27,2024-05-04,2024-05-05,Delivered,UPS,Southwest,214.88,100.49,33,False,False,8.0,False,1.0,2026-04-27T23:39:17.576413
TRK000003063,2024-04-27,2024-05-04,2024-05-05,Cancelled,USPS,Midwest,18.48,94.79,50,False,False,8.0,False,1.0,2026-04-27T23:39:17.576413
TRK000000784,2024-04-27,2024-05-03,2024-05-05,Delivered,UPS,Midwest,580.22,55.42,25,False,False,8.0,False,2.0,2026-04-27T23:39:17.576413
TRK000001790,2024-04-26,2024-04-28,2024-04-26,In Transit,FEDEX,Midwest,389.79,864.02,43,False,False,0.0,False,0.0,2026-04-27T23:39:17.576413
TRK000000821,2024-04-26,2024-05-01,2024-05-04,Delayed,XPO,West Coast,215.0,277.6,19,False,False,8.0,False,3.0,2026-04-27T23:39:17.576413
TRK000004450,2024-04-26,2024-04-30,,Delivered,UPS,Midwest,415.53,445.78,38,False,False,,False,,2026-04-27T23:39:17.576413
TRK000000099,2024-04-26,2024-03-05,,Delayed,DHL,Northeast,308.1,103.99,27,False,False,,False,,2026-04-27T23:39:17.576413
TRK000004128,2024-04-26,2024-04-30,2024-04-29,In Transit,FEDEX,Midwest,390.89,484.12,25,False,False,3.0,False,0.0,2026-04-27T23:39:17.576413
TRK000001782,2024-04-26,2024-05-01,2024-05-05,Delayed,UPS,Midwest,272.35,511.93,2,False,False,9.0,False,4.0,2026-04-27T23:39:17.576413
TRK000000612,2024-04-25,2024-04-26,2024-04-24,Delayed,USPS,Midwest,410.81,340.94,45,False,False,-1.0,False,0.0,2026-04-27T23:39:17.576413
TRK000002484,2024-04-25,2024-04-27,2024-04-29,In Transit,UPS,Northeast,439.7,798.69,48,False,False,4.0,False,2.0,2026-04-27T23:39:17.576413
API000121,2024-04-25,2024-04-30,,Delivered,FEDEX,Midwest,36.44,646.18,28,False,False,,False,,2026-04-27T23:39:17.576413
API000293,2024-04-25,2024-04-27,2024-04-28,In Transit,DHL,West Coast,353.72,696.11,9,False,False,3.0,False,1.0,2026-04-27T23:39:17.576413
TRK000001675,2024-04-25,2024-05-01,2024-05-05,In Transit,USPS,Midwest,208.53,503.87,44,False,False,10.0,False,4.0,2026-04-27T23:39:17.576413
TRK000001003,2024-04-25,2024-04-26,2024-05-01,Cancelled,XPO,Midwest,30.79,847.01,41,False,False,6.0,False,5.0,2026-04-27T23:39:17.576413
TRK000000529,2024-04-25,2024-04-26,2024-04-26,In Transit,USPS,Southeast,581.44,454.92,25,False,False,1.0,False,0.0,2026-04-27T23:39:17.576413
TRK000001698,2024-04-24,2024-04-28,2024-04-30,Cancelled,UPS,Northeast,217.87,739.69,11,False,False,6.0,False,2.0,2026-04-27T23:39:17.576413
TRK000004916,2024-04-24,2024-04-29,2024-05-03,Delivered,DHL,Midwest,54.99,492.51,6,False,False,9.0,False,4.0,2026-04-27T23:39:17.576413
TRK000003972,2024-04-24,2024-04-30,2024-03-05,Delayed,UPS,West Coast,524.38,723.13,20,False,False,-50.0,False,0.0,2026-04-27T23:39:17.576413
TRK000000825,2024-04-24,2024-04-28,,In Transit,FEDEX,Northeast,465.77,638.42,40,False,False,,False,,2026-04-27T23:39:17.576413
TRK000000614,2024-04-24,2024-04-27,2024-05-02,Cancelled,UPS,Northeast,205.56,345.13,7,False,False,8.0,False,5.0,2026-04-27T23:39:17.576413
TRK000003151,2024-04-24,2024-04-29,2024-03-05,Cancelled,FEDEX,Northeast,71.26,622.97,4,False,False,-50.0,False,0.0,2026-04-27T23:39:17.576413
TRK000001925,2024-04-23,2024-04-27,2024-04-25,Delivered,UPS,Midwest,401.98,870.2,49,False,False,2.0,True,0.0,2026-04-27T23:39:17.576413
TRK000002814,2024-04-23,2024-04-26,2024-04-30,Delayed,UPS,Southeast,9.09,683.29,50,False,False,7.0,False,4.0,2026-04-27T23:39:17.576413
TRK000003356,2024-04-23,2024-04-27,2024-04-29,Delayed,UPS,West Coast,541.43,538.19,11,False,False,6.0,False,2.0,2026-04-27T23:39:17.576413
API000348,2024-04-23,2024-04-28,2024-04-30,Delayed,FEDEX,West Coast,151.01,461.9,24,False,False,7.0,False,2.0,2026-04-27T23:39:17.576413
TRK000001274,2024-04-23,2024-04-29,2024-04-28,Delivered,FEDEX,West Coast,363.08,232.98,9,False,False,5.0,True,0.0,2026-04-27T23:39:17.576413
TRK000000406,2024-04-23,2024-04-25,2024-04-30,In Transit,UPS,Southeast,180.71,885.36,41,False,False,7.0,False,5.0,2026-04-27T23:39:17.576413
TRK000002169,2024-04-23,2024-04-28,2024-04-26,Delivered,XPO,Southeast,455.73,743.92,25,False,False,3.0,True,0.0,2026-04-27T23:39:17.576413
TRK000002968,2024-04-23,2024-04-29,2024-04-30,Delivered,DHL,Midwest,210.31,406.47,12,False,False,7.0,False,1.0,2026-04-27T23:39:17.576413
TRK000004570,2024-04-22,2024-04-23,2024-04-28,Delivered,UPS,Midwest,127.54,754.14,24,False,False,6.0,False,5.0,2026-04-27T23:39:17.576413
TRK000000141,2024-04-22,2024-04-27,2024-04-27,Delayed,XPO,Midwest,592.22,520.51,29,False,False,5.0,False,0.0,2026-04-27T23:39:17.576413
TRK000004561,2024-04-22,2024-04-28,,Delivered,FEDEX,Northeast,592.48,362.81,21,False,False,,False,,2026-04-27T23:39:17.576413
TRK000004642,2024-04-22,2024-04-27,,Delayed,USPS,Northeast,100.51,484.22,40,False,False,,False,,2026-04-27T23:39:17.576413
TRK000003600,2024-04-22,2024-04-27,,Delayed,XPO,Southwest,417.17,659.9,50,False,False,,False,,2026-04-27T23:39:17.576413
TRK000002576,2024-04-22,2024-04-24,2024-04-23,Delivered,XPO,Northeast,262.09,143.67,40,False,False,1.0,True,0.0,2026-04-27T23:39:17.576413
TRK000004107,2024-04-22,2024-04-23,2024-04-28,Delayed,FEDEX,Southeast,459.82,592.08,18,False,False,6.0,False,5.0,2026-04-27T23:39:17.576413
TRK000002648,2024-04-21,2024-04-25,2024-04-25,Delivered,FEDEX,Midwest,374.59,602.88,25,False,False,4.0,True,0.0,2026-04-27T23:39:17.576413
TRK000000871,2024-04-21,2024-04-25,2024-04-29,Delivered,FEDEX,Northeast,186.89,116.4,33,False,False,8.0,False,4.0,2026-04-27T23:39:17.576413
TRK000001014,2024-04-21,2024-04-25,2024-04-26,In Transit,FEDEX,Southeast,429.3,276.06,50,False,False,5.0,False,1.0,2026-04-27T23:39:17.576413
TRK000000177,2024-04-21,2024-04-27,2024-02-05,Delayed,UPS,Southwest,275.43,515.34,4,False,False,-76.0,False,0.0,2026-04-27T23:39:17.576413
TRK000001588,2024-04-21,2024-04-28,,Delayed,UPS,Midwest,292.2,633.16,43,False,False,,False,,2026-04-27T23:39:17.576413
TRK000002468,2024-04-21,2024-04-25,2024-04-23,Delayed,USPS,Southeast,468.62,283.71,37,False,False,2.0,False,0.0,2026-04-27T23:39:17.576413
API000170,2024-04-20,2024-04-22,2024-04-21,In Transit,DHL,Northeast,199.93,358.76,7,False,False,1.0,False,0.0,2026-04-27T23:39:17.576413
TRK000004816,2024-04-20,2024-04-24,,Delayed,FEDEX,Southeast,206.37,310.24,35,False,False,,False,,2026-04-27T23:39:17.576413
TRK000004398,2024-04-20,2024-04-21,2024-04-21,Delayed,UPS,Southwest,297.95,626.33,37,False,False,1.0,False,0.0,2026-04-27T23:39:17.576413
TRK000001445,2024-04-20,2024-04-24,2024-04-25,In Transit,FEDEX,West Coast,80.73,638.09,42,False,False,5.0,False,1.0,2026-04-27T23:39:17.576413
TRK000004487,2024-04-20,2024-04-25,2024-04-23,Delivered,USPS,Midwest,434.32,274.83,48,False,False,3.0,True,0.0,2026-04-27T23:39:17.576413
TRK000000033,2024-04-20,2024-04-26,2024-04-25,Delivered,XPO,Midwest,559.41,377.15,33,False,False,5.0,True,0.0,2026-04-27T23:39:17.576413
API000211,2024-04-20,2024-04-24,2024-04-24,Delayed,UPS,Midwest,52.74,191.73,5,False,False,4.0,False,0.0,2026-04-27T23:39:17.576413
TRK000002233,2024-04-19,2024-04-26,2024-04-25,In Transit,UPS,West Coast,92.06,771.77,8,False,False,6.0,False,0.0,2026-04-27T23:39:17.576413
TRK000000005,2024-04-19,2024-04-22,,Delivered,FEDEX,Southwest,279.09,190.3,17,False,False,,False,,2026-04-27T23:39:17.576413
TRK000000892,2024-04-19,2024-04-20,2024-04-22,Delayed,DHL,Southeast,184.83,691.49,15,False,False,3.0,False,2.0,2026-04-27T23:39:17.576413
TRK000004064,2024-04-19,2024-04-20,2024-04-18,Delayed,XPO,Northeast,366.15,539.54,7,False,False,-1.0,False,0.0,2026-04-27T23:39:17.576413
TRK000000378,2024-04-19,2024-04-23,2024-04-25,In Transit,DHL,Northeast,463.03,188.17,19,False,False,6.0,False,2.0,2026-04-27T23:39:17.576413
TRK000001750,2024-04-19,2024-04-25,2024-04-23,Delayed,USPS,Southeast,509.66,495.04,5,False,False,4.0,False,0.0,2026-04-27T23:39:17.576413
TRK000000494,2024-04-18,2024-04-19,2024-04-21,Cancelled,FEDEX,Midwest,110.65,804.54,35,False,False,3.0,False,2.0,2026-04-27T23:39:17.576413
API000227,2024-04-18,2024-04-20,2024-04-21,Delayed,UPS,West Coast,370.86,363.21,2,False,False,3.0,False,1.0,2026-04-27T23:39:17.576413
API000136,2024-04-18,2024-04-19,2024-04-22,Delivered,UPS,Northeast,49.32,339.03,22,False,False,4.0,False,3.0,2026-04-27T23:39:17.576413
TRK000001106,2024-04-18,2024-04-25,2024-04-23,Delivered,FEDEX,Midwest,581.8,759.84,18,False,False,5.0,True,0.0,2026-04-27T23:39:17.576413
TRK000002063,2024-04-18,2024-04-25,2024-04-26,In Transit,FEDEX,Northeast,449.06,502.4,34,False,False,8.0,False,1.0,2026-04-27T23:39:17.576413
TRK000004160,2024-04-18,2024-04-20,2024-04-24,Cancelled,FEDEX,Southwest,86.07,745.61,15,False,False,6.0,False,4.0,2026-04-27T23:39:17.576413
TRK000003823,2024-04-18,2024-04-23,2024-04-24,In Transit,XPO,Midwest,290.07,507.11,32,False,False,6.0,False,1.0,2026-04-27T23:39:17.576413
TRK000003187,2024-04-17,2024-04-21,2024-04-21,In Transit,FEDEX,Southeast,495.07,71.4,21,False,False,4.0,False,0.0,2026-04-27T23:39:17.576413
TRK000002455,2024-04-17,2024-04-20,2024-04-22,Delivered,XPO,West Coast,594.27,596.93,48,False,False,5.0,False,2.0,2026-04-27T23:39:17.576413
TRK000001641,2024-04-17,2024-04-19,,Cancelled,FEDEX,Southeast,425.35,614.56,25,False,False,,False,,2026-04-27T23:39:17.576413
TRK000000374,2024-04-17,2024-04-18,2024-04-16,In Transit,FEDEX,Northeast,495.94,484.05,47,False,False,-1.0,False,0.0,2026-04-27T23:39:17.576413
TRK000002380,2024-04-17,2024-04-20,2024-04-23,In Transit,FEDEX,West Coast,366.08,499.45,5,False,False,6.0,False,3.0,2026-04-27T23:39:17.576413
TRK000003768,2024-04-16,2024-04-20,2024-04-24,Delivered,FEDEX,Northeast,139.84,288.49,21,False,False,8.0,False,4.0,2026-04-27T23:39:17.576413
TRK000001028,2024-04-16,2024-04-19,,Delayed,XPO,Southeast,214.77,559.43,2,False,False,,False,,2026-04-27T23:39:17.576413
TRK000003684,2024-04-16,2024-04-20,2024-04-25,Delivered,DHL,Northeast,522.89,53.89,47,False,False,9.0,False,5.0,2026-04-27T23:39:17.576413
TRK000003824,2024-04-16,2024-04-22,,In Transit,UPS,Southeast,476.23,314.43,43,False,False,,False,,2026-04-27T23:39:17.576413
TRK000000042,2024-04-16,2024-04-20,2024-04-20,Delayed,USPS,Northeast,411.92,269.54,2,False,False,4.0,False,0.0,2026-04-27T23:39:17.576413
TRK000001510,2024-04-16,2024-04-23,,Delivered,FEDEX,Midwest,37.46,96.49,48,False,False,,False,,2026-04-27T23:39:17.576413
TRK000000703,2024-04-16,2024-04-20,2024-04-19,In Transit,USPS,West Coast,427.95,620.32,26,False,False,3.0,False,0.0,2026-04-27T23:39:17.576413
TRK000001810,2024-04-15,2024-04-17,2024-04-15,Delivered,UPS,Midwest,235.03,478.22,30,False,False,0.0,True,0.0,2026-04-27T23:39:17.576413
TRK000004531,2024-04-15,2024-04-17,2024-04-15,Cancelled,UPS,Midwest,216.31,553.28,30,False,False,0.0,False,0.0,2026-04-27T23:39:17.576413
TRK000004873,2024-04-15,2024-04-21,2024-04-20,Cancelled,UPS,Midwest,330.13,506.0,9,False,False,5.0,False,0.0,2026-04-27T23:39:17.576413
TRK000002695,2024-04-15,2024-04-16,2024-04-16,Cancelled,XPO,Midwest,527.41,439.69,40,False,False,1.0,False,0.0,2026-04-27T23:39:17.576413
TRK000001307,2024-04-15,2024-04-20,2024-04-20,Delayed,USPS,Midwest,106.8,694.08,37,False,False,5.0,False,0.0,2026-04-27T23:39:17.576413
API000378,2024-04-15,2024-04-16,2024-04-20,In Transit,UPS,Midwest,57.47,292.67,30,False,False,5.0,False,4.0,2026-04-27T23:39:17.576413
TRK000003938,2024-04-15,2024-04-17,2024-04-19,Delivered,FEDEX,Midwest,444.18,872.75,33,False,False,4.0,False,2.0,2026-04-27T23:39:17.576413
TRK000000424,2024-04-14,2024-04-19,2024-04-19,Cancelled,FEDEX,Midwest,580.65,660.32,38,False,False,5.0,False,0.0,2026-04-27T23:39:17.576413
TRK000002839,2024-04-14,2024-04-15,2024-04-15,Delivered,USPS,West Coast,419.53,129.57,18,False,False,1.0,True,0.0,2026-04-27T23:39:17.576413
TRK000001907,2024-04-14,2024-04-18,2024-04-16,Delivered,USPS,Midwest,414.79,852.34,27,False,False,2.0,True,0.0,2026-04-27T23:39:17.576413
TRK000003710,2024-04-14,2024-04-15,,Delayed,FEDEX,Southwest,173.65,495.42,27,False,False,,False,,2026-04-27T23:39:17.576413
TRK000004727,2024-04-14,2024-04-18,2024-04-18,Delivered,XPO,Southeast,456.89,357.89,42,False,False,4.0,True,0.0,2026-04-27T23:39:17.576413
TRK000002296,2024-04-14,2024-04-16,2024-04-15,Cancelled,UPS,Midwest,175.31,605.71,49,False,False,1.0,False,0.0,2026-04-27T23:39:17.576413
API000019,2024-04-14,2024-04-15,2024-04-19,Delayed,FEDEX,West Coast,261.35,529.21,12,False,False,5.0,False,4.0,2026-04-27T23:39:17.576413
TRK000003042,2024-04-14,2024-04-15,2024-04-17,Delivered,FEDEX,Midwest,313.79,632.3,30,False,False,3.0,False,2.0,2026-04-27T23:39:17.576413
API000424,2024-04-14,2024-04-19,2024-04-16,Delivered,UPS,Midwest,287.57,349.57,12,False,False,2.0,True,0.0,2026-04-27T23:39:17.576413
TRK000001339,2024-04-14,2024-04-18,2024-04-18,Delivered,UPS,Northeast,539.41,6606.8,12,False,True,4.0,True,0.0,2026-04-27T23:39:17.576413
TRK000004058,2024-04-13,2024-04-18,2024-04-20,Delayed,FEDEX,Southeast,261.47,237.5,22,False,False,7.0,False,2.0,2026-04-27T23:39:17.576413
TRK000003815,2024-04-13,2024-04-18,2024-04-23,Delayed,USPS,West Coast,462.46,381.52,49,False,False,10.0,False,5.0,2026-04-27T23:39:17.576413
API000362,2024-04-13,2024-04-17,,Delayed,DHL,Midwest,343.13,183.19,23,False,False,,False,,2026-04-27T23:39:17.576413
TRK000002830,2024-04-13,2024-04-18,2024-04-21,Delayed,FEDEX,Southwest,390.73,231.61,28,False,False,8.0,False,3.0,2026-04-27T23:39:17.576413
TRK000003434,2024-04-13,2024-04-17,2024-04-20,Delivered,UPS,Midwest,429.0,270.22,12,False,False,7.0,False,3.0,2026-04-27T23:39:17.576413
TRK000002417,2024-04-13,2024-04-20,2024-04-20,Delivered,FEDEX,Midwest,541.86,52.98,3,False,False,7.0,True,0.0,2026-04-27T23:39:17.576413
TRK000002610,2024-04-13,2024-04-16,2024-04-17,In Transit,FEDEX,Southeast,365.28,327.17,43,False,False,4.0,False,1.0,2026-04-27T23:39:17.576413
TRK000000112,2024-04-13,2024-04-16,2024-04-16,Delayed,DHL,Midwest,401.79,671.74,19,False,False,3.0,False,0.0,2026-04-27T23:39:17.576413
TRK000000142,2024-04-12,2024-04-17,2024-04-22,Delayed,UPS,Midwest,441.98,490.94,19,False,False,10.0,False,5.0,2026-04-27T23:39:17.576413
TRK000004831,2024-04-12,2024-12-11,2024-10-12,Cancelled,FEDEX,Northeast,172.65,333.3,35,False,False,183.0,False,0.0,2026-04-27T23:39:17.576413
TRK000004963,2024-04-12,2024-04-15,,Delayed,FEDEX,Southeast,372.21,686.82,37,False,False,,False,,2026-04-27T23:39:17.576413
TRK000004908,2024-04-12,2024-04-19,2024-04-20,Delayed,UPS,Southeast,421.24,725.03,17,False,False,8.0,False,1.0,2026-04-27T23:39:17.576413
TRK000002193,2024-04-12,2024-04-19,2024-04-20,Cancelled,FEDEX,West Coast,443.67,227.32,14,False,False,8.0,False,1.0,2026-04-27T23:39:17.576413
TRK000002083,2024-04-12,2024-04-14,2024-04-14,In Transit,FEDEX,Midwest,278.01,287.85,4,False,False,2.0,False,0.0,2026-04-27T23:39:17.576413
TRK000001663,2024-04-12,2024-12-10,2024-12-09,Delivered,UPS,Southwest,359.69,623.39,5,False,False,241.0,True,0.0,2026-04-27T23:39:17.576413
TRK000000791,2024-04-12,2024-10-12,2024-12-08,In Transit,FEDEX,Midwest,442.86,126.92,16,False,False,240.0,False,57.0,2026-04-27T23:39:17.576413
TRK000001076,2024-04-11,2024-11-06,2024-11-07,In Transit,FEDEX,Southwest,250.72,454.73,28,False,False,210.0,False,1.0,2026-04-27T23:39:17.576413
TRK000004046,2024-04-11,2024-11-08,2024-11-13,In Transit,UPS,Midwest,311.94,302.99,46,False,False,216.0,False,5.0,2026-04-27T23:39:17.576413
TRK000000738,2024-04-11,2024-04-15,2024-04-20,Delayed,DHL,Northeast,281.28,565.28,38,False,False,9.0,False,5.0,2026-04-27T23:39:17.576413
API000480,2024-04-10,2024-04-14,2024-04-13,Delayed,UPS,Northeast,226.18,103.92,4,False,False,3.0,False,0.0,2026-04-27T23:39:17.576413
TRK000000952,2024-04-10,2024-04-14,2024-04-13,In Transit,XPO,Northeast,313.5,98.17,20,False,False,3.0,False,0.0,2026-04-27T23:39:17.576413
TRK000001509,2024-04-10,2024-10-09,2024-10-10,Cancelled,FEDEX,Midwest,292.58,538.05,33,False,False,183.0,False,1.0,2026-04-27T23:39:17.576413
TRK000000897,2024-04-10,2024-04-14,2024-04-16,Delayed,XPO,Southwest,338.34,198.78,50,False,False,6.0,False,2.0,2026-04-27T23:39:17.576413
API000215,2024-04-10,2024-04-14,2024-04-11,Delivered,FEDEX,Midwest,361.4,628.53,29,False,False,1.0,True,0.0,2026-04-27T23:39:17.576413
TRK000003019,2024-04-10,2024-04-15,2024-04-17,Delayed,DHL,Northeast,260.28,425.16,22,False,False,7.0,False,2.0,2026-04-27T23:39:17.576413
TRK000000455,2024-04-10,2024-04-15,2024-04-16,In Transit,DHL,Southwest,216.26,604.13,38,False,False,6.0,False,1.0,2026-04-27T23:39:17.576413
TRK000002617,2024-04-10,2024-04-14,2024-04-17,In Transit,FEDEX,Northeast,537.78,233.2,16,False,False,7.0,False,3.0,2026-04-27T23:39:17.576413
TRK000004808,2024-04-10,2024-04-11,,Delayed,UPS,Midwest,17.02,465.94,12,False,False,,False,,2026-04-27T23:39:17.576413
TRK000003613,2024-04-10,2024-10-10,2024-12-10,Delayed,DHL,Southeast,341.99,823.14,22,False,False,244.0,False,61.0,2026-04-27T23:39:17.576413
TRK000003492,2024-04-10,2024-04-15,2024-04-18,In Transit,FEDEX,West Coast,185.15,884.48,19,False,False,8.0,False,3.0,2026-04-27T23:39:17.576413
TRK000004817,2024-04-09,2024-04-16,2024-04-18,Delivered,FEDEX,Southwest,449.16,352.51,24,False,False,9.0,False,2.0,2026-04-27T23:39:17.576413
TRK000001181,2024-04-09,2024-04-13,2024-04-15,Delayed,FEDEX,West Coast,537.17,553.3,44,False,False,6.0,False,2.0,2026-04-27T23:39:17.576413
TRK000000727,2024-04-09,2024-04-16,2024-04-17,Delivered,USPS,Southwest,207.4,534.33,43,False,False,8.0,False,1.0,2026-04-27T23:39:17.576413
TRK000004962,2024-04-09,2024-10-04,2024-04-11,Delayed,FEDEX,Southwest,477.86,541.78,31,False,False,2.0,False,0.0,2026-04-27T23:39:17.576413
TRK000002423,2024-04-09,2024-04-12,2024-04-13,In Transit,FEDEX,Southeast,424.1,828.08,16,False,False,4.0,False,1.0,2026-04-27T23:39:17.576413
TRK000003568,2024-04-09,2024-11-04,2024-04-11,In Transit,XPO,Midwest,582.01,76.94,8,False,False,2.0,False,0.0,2026-04-27T23:39:17.576413
TRK000002716,2024-04-09,2024-04-14,2024-04-14,Cancelled,USPS,Midwest,287.0,210.77,26,False,False,5.0,False,0.0,2026-04-27T23:39:17.576413
TRK000002306,2024-04-09,2024-09-10,2024-08-09,Cancelled,XPO,Midwest,263.96,545.95,13,False,False,122.0,False,0.0,2026-04-27T23:39:17.576413
API000286,2024-04-08,2024-04-10,2024-04-16,Delivered,FEDEX,Northeast,212.97,637.32,22,False,False,8.0,False,6.0,2026-04-27T23:39:17.576413
TRK000004211,2024-04-08,2024-11-04,2024-04-16,Delayed,UPS,Midwest,263.61,209.62,1,False,False,8.0,False,0.0,2026-04-27T23:39:17.576413
TRK000004705,2024-04-08,2024-04-10,2024-04-14,Delivered,XPO,West Coast,393.12,286.74,48,False,False,6.0,False,4.0,2026-04-27T23:39:17.576413
TRK000002229,2024-04-08,2024-10-04,,Cancelled,UPS,Northeast,440.8,467.88,49,False,False,,False,,2026-04-27T23:39:17.576413
TRK000002961,2024-04-08,2024-08-08,2024-08-07,In Transit,XPO,Southeast,348.64,622.07,17,False,False,121.0,False,0.0,2026-04-27T23:39:17.576413
TRK000001758,2024-04-08,2024-04-15,2024-04-19,Delivered,UPS,Southeast,160.12,771.65,48,False,False,11.0,False,4.0,2026-04-27T23:39:17.576413
TRK000003771,2024-04-07,2024-07-05,2024-07-06,Delivered,FEDEX,Northeast,376.42,62.68,7,False,False,90.0,False,1.0,2026-04-27T23:39:17.576413
API000287,2024-04-07,2024-04-09,2024-04-08,In Transit,FEDEX,Midwest,150.81,578.3,25,False,False,1.0,False,0.0,2026-04-27T23:39:17.576413
TRK000002515,2024-04-07,2024-04-11,2024-04-16,In Transit,FEDEX,Northeast,169.28,639.86,7,False,False,9.0,False,5.0,2026-04-27T23:39:17.576413
TRK000004302,2024-04-07,2024-04-09,,In Transit,UPS,Midwest,33.0,183.35,31,False,False,,False,,2026-04-27T23:39:17.576413
TRK000002750,2024-04-07,2024-04-13,,Delayed,FEDEX,Southeast,192.29,55.75,49,False,False,,False,,2026-04-27T23:39:17.576413
TRK000001392,2024-04-07,2024-04-11,2024-04-09,Delayed,USPS,Northeast,300.1,223.16,40,False,False,2.0,False,0.0,2026-04-27T23:39:17.576413
TRK000001240,2024-04-07,2024-08-04,,Delivered,FEDEX,Midwest,408.32,444.95,23,False,False,,False,,2026-04-27T23:39:17.576413
API000158,2024-04-06,2024-04-07,2024-04-10,In Transit,FEDEX,West Coast,263.68,457.68,23,False,False,4.0,False,3.0,2026-04-27T23:39:17.576413
TRK000004934,2024-04-06,2024-07-04,2024-04-09,Delivered,DHL,Northeast,224.87,702.11,16,False,False,3.0,True,0.0,2026-04-27T23:39:17.576413
TRK000004328,2024-04-06,2024-04-12,2024-04-11,Delayed,FEDEX,Midwest,105.25,683.32,5,False,False,5.0,False,0.0,2026-04-27T23:39:17.576413
TRK000004549,2024-04-06,2024-04-08,2024-04-08,In Transit,UPS,Midwest,484.87,394.58,10,False,False,2.0,False,0.0,2026-04-27T23:39:17.576413
TRK000003755,2024-04-06,2024-04-07,2024-04-08,In Transit,FEDEX,West Coast,234.6,700.06,42,False,False,2.0,False,1.0,2026-04-27T23:39:17.576413
TRK000000432,2024-04-06,2024-04-09,2024-04-14,In Transit,DHL,Southwest,528.1,364.88,21,False,False,8.0,False,5.0,2026-04-27T23:39:17.576413
TRK000000907,2024-04-06,2024-06-11,,Delayed,USPS,Northeast,207.34,290.34,15,False,False,,False,,2026-04-27T23:39:17.576413
TRK000004565,2024-04-06,2024-04-10,2024-04-14,Cancelled,FEDEX,Southeast,24.34,361.51,28,False,False,8.0,False,4.0,2026-04-27T23:39:17.576413
TRK000001553,2024-04-06,2024-04-12,2024-04-11,Cancelled,FEDEX,West Coast,396.98,63.23,35,False,False,5.0,False,0.0,2026-04-27T23:39:17.576413
API000056,2024-04-06,2024-04-09,2024-04-13,Delayed,DHL,Northeast,179.89,415.83,2,False,False,7.0,False,4.0,2026-04-27T23:39:17.576413
API000465,2024-04-05,2024-04-07,,Delivered,DHL,Midwest,88.48,112.23,12,False,False,,False,,2026-04-27T23:39:17.576413
TRK000000149,2024-04-05,2024-09-04,2024-04-08,Delayed,UPS,Southeast,385.37,877.97,13,False,False,3.0,False,0.0,2026-04-27T23:39:17.576413
TRK000004891,2024-04-05,2024-11-04,2024-04-14,Delayed,UPS,Midwest,167.15,125.92,6,False,False,9.0,False,0.0,2026-04-27T23:39:17.576413
TRK000003698,2024-04-05,2024-05-05,2024-05-10,Cancelled,UPS,Midwest,183.24,52.93,41,False,False,35.0,False,5.0,2026-04-27T23:39:17.576413
TRK000004971,2024-04-04,2024-04-08,2024-04-13,Cancelled,USPS,Southwest,192.43,110.75,29,False,False,9.0,False,5.0,2026-04-27T23:39:17.576413
TRK000001060,2024-04-04,2024-04-09,2024-04-07,In Transit,DHL,Midwest,258.69,669.39,41,False,False,3.0,False,0.0,2026-04-27T23:39:17.576413
TRK000004539,2024-04-04,2024-04-06,2024-04-07,Delayed,UPS,Southeast,581.87,198.59,22,False,False,3.0,False,1.0,2026-04-27T23:39:17.576413
TRK000004800,2024-04-04,2024-04-05,2024-04-08,In Transit,FEDEX,Northeast,131.49,272.29,41,False,False,4.0,False,3.0,2026-04-27T23:39:17.576413
TRK000004332,2024-04-04,2024-04-10,2024-04-08,In Transit,FEDEX,Southwest,246.2,532.29,6,False,False,4.0,False,0.0,2026-04-27T23:39:17.576413
TRK000000139,2024-04-04,2024-08-04,2024-07-04,Cancelled,UPS,Northeast,255.29,896.13,40,False,False,91.0,False,0.0,2026-04-27T23:39:17.576413
API000415,2024-04-04,2024-04-08,2024-04-05,Delivered,DHL,West Coast,153.45,137.55,2,False,False,1.0,True,0.0,2026-04-27T23:39:17.576413
TRK000000126,2024-04-03,2024-04-05,,Delayed,FEDEX,Southeast,221.12,478.55,34,False,False,,False,,2026-04-27T23:39:17.576413
TRK000002114,2024-04-03,2024-04-09,2024-04-11,Cancelled,FEDEX,Midwest,585.42,711.85,26,False,False,8.0,False,2.0,2026-04-27T23:39:17.576413
TRK000001856,2024-04-03,2024-03-09,2024-07-03,Cancelled,FEDEX,Midwest,460.82,566.04,24,False,False,91.0,False,116.0,2026-04-27T23:39:17.576413
API000295,2024-04-03,2024-04-04,2024-04-08,Delayed,UPS,Midwest,76.01,301.69,24,False,False,5.0,False,4.0,2026-04-27T23:39:17.576413
TRK000002984,2024-04-03,2024-03-07,2024-09-03,In Transit,UPS,West Coast,466.74,587.74,4,False,False,153.0,False,180.0,2026-04-27T23:39:17.576413
TRK000001260,2024-04-03,2024-04-04,2024-04-04,Delivered,USPS,Midwest,225.3,694.1,13,False,False,1.0,True,0.0,2026-04-27T23:39:17.576413
TRK000002275,2024-04-02,2024-04-05,2024-04-03,Delayed,UPS,Midwest,296.58,556.41,18,False,False,1.0,False,0.0,2026-04-27T23:39:17.576413
TRK000000088,2024-04-02,2024-04-04,,Delayed,XPO,Northeast,2.75,790.65,16,False,False,,False,,2026-04-27T23:39:17.576413
TRK000004326,2024-04-02,2024-02-08,2024-02-06,Delayed,FEDEX,Midwest,530.07,700.79,43,False,False,-56.0,False,0.0,2026-04-27T23:39:17.576413
TRK000002096,2024-04-02,2024-04-04,2024-04-04,In Transit,FEDEX,Southwest,211.48,87.17,3,False,False,2.0,False,0.0,2026-04-27T23:39:17.576413
TRK000000978,2024-04-02,2024-04-03,2024-04-08,In Transit,UPS,Southeast,396.27,478.58,3,False,False,6.0,False,5.0,2026-04-27T23:39:17.576413
TRK000001237,2024-04-02,2024-04-09,2024-07-04,Delivered,FEDEX,Midwest,507.69,594.16,20,False,False,93.0,False,86.0,2026-04-27T23:39:17.576413
TRK000002712,2024-04-02,2024-04-04,2024-04-09,In Transit,UPS,Southwest,308.15,556.14,44,False,False,7.0,False,5.0,2026-04-27T23:39:17.576413
TRK000001046,2024-04-01,2024-07-04,,Delayed,USPS,Southwest,499.67,816.11,34,False,False,,False,,2026-04-27T23:39:17.576413
TRK000003456,2024-04-01,2024-04-02,2024-03-04,Delayed,FEDEX,Southeast,420.49,496.98,46,False,False,-28.0,False,0.0,2026-04-27T23:39:17.576413
TRK000004525,2024-04-01,2024-05-04,2024-04-04,Delivered,XPO,West Coast,106.93,151.46,13,False,False,3.0,True,0.0,2026-04-27T23:39:17.576413
TRK000000363,2024-04-01,2024-04-02,2024-04-02,Delayed,USPS,Southwest,242.94,5378.36,47,False,True,1.0,False,0.0,2026-04-27T23:39:17.576413
TRK000002677,2024-04-01,2024-04-07,2024-09-04,In Transit,USPS,West Coast,564.8,104.93,2,False,False,156.0,False,150.0,2026-04-27T23:39:17.576413
TRK000000729,2024-04-01,2024-04-02,2024-03-31,In Transit,DHL,Midwest,498.72,767.81,33,False,False,-1.0,False,0.0,2026-04-27T23:39:17.576413
TRK000002109,2024-04-01,2024-04-06,2024-04-08,Delayed,UPS,Midwest,259.24,366.0,12,False,False,7.0,False,2.0,2026-04-27T23:39:17.576413
API000284,2024-03-31,2024-04-03,2024-04-06,In Transit,UPS,Northeast,388.56,301.27,16,False,False,6.0,False,3.0,2026-04-27T23:39:17.576413
TRK000003165,2024-03-31,2024-04-06,2024-04-07,Cancelled,UPS,Southeast,18.6,381.99,46,False,False,7.0,False,1.0,2026-04-27T23:39:17.576413
TRK000000450,2024-03-31,2024-07-04,2024-08-04,Cancelled,FEDEX,Midwest,545.84,790.78,32,False,False,126.0,False,31.0,2026-04-27T23:39:17.576413
TRK000003709,2024-03-31,2024-07-04,2024-04-07,Delivered,FEDEX,Midwest,193.89,839.4,44,False,False,7.0,True,0.0,2026-04-27T23:39:17.576413
TRK000004448,2024-03-31,2024-06-04,2024-08-04,Delivered,DHL,Midwest,311.4,670.1,14,False,False,126.0,False,61.0,2026-04-27T23:39:17.576413
TRK000003556,2024-03-31,2024-04-02,2024-04-02,Delivered,USPS,Northeast,62.79,292.01,25,False,False,2.0,True,0.0,2026-04-27T23:39:17.576413
TRK000003850,2024-03-31,2024-06-04,2024-04-04,Cancelled,UPS,Southeast,383.12,736.14,13,False,False,4.0,False,0.0,2026-04-27T23:39:17.576413
TRK000002789,2024-03-31,2024-04-02,2024-04-05,In Transit,FEDEX,Northeast,228.53,363.52,35,False,False,5.0,False,3.0,2026-04-27T23:39:17.576413
TRK000000014,2024-03-31,2024-04-06,2024-04-11,In Transit,FEDEX,Southwest,528.42,598.58,42,False,False,11.0,False,5.0,2026-04-27T23:39:17.576413
TRK000002040,2024-03-30,2024-04-06,2024-10-04,Delayed,FEDEX,Southeast,544.52,867.55,33,False,False,188.0,False,181.0,2026-04-27T23:39:17.576413
TRK000002343,2024-03-30,2024-03-31,,In Transit,FEDEX,Northeast,111.88,388.73,31,False,False,,False,,2026-04-27T23:39:17.576413
API000418,2024-03-30,2024-04-01,2024-04-04,In Transit,UPS,Northeast,199.41,465.67,19,False,False,5.0,False,3.0,2026-04-27T23:39:17.576413
TRK000001273,2024-03-30,2024-05-04,2024-08-04,Delayed,DHL,West Coast,433.56,132.85,24,False,False,127.0,False,92.0,2026-04-27T23:39:17.576413
TRK000004730,2024-03-29,2024-01-04,2024-03-31,Cancelled,UPS,Midwest,93.68,221.48,50,False,False,2.0,False,87.0,2026-04-27T23:39:17.576413
TRK000003617,2024-03-29,2024-02-04,2024-04-03,Delivered,UPS,Midwest,235.06,623.31,19,False,False,5.0,False,59.0,2026-04-27T23:39:17.576413
TRK000003812,2024-03-29,2024-03-30,2024-04-01,Delayed,FEDEX,Northeast,384.27,631.69,18,False,False,3.0,False,2.0,2026-04-27T23:39:17.576413
TRK000004304,2024-03-28,2024-03-30,2024-04-01,Delayed,FEDEX,Midwest,334.87,159.29,37,False,False,4.0,False,2.0,2026-04-27T23:39:17.576413
TRK000004481,2024-03-28,2024-03-30,2024-04-02,Delivered,FEDEX,Midwest,189.94,520.57,13,False,False,5.0,False,3.0,2026-04-27T23:39:17.576413
TRK000002459,2024-03-28,2024-04-04,2024-04-03,Delivered,FEDEX,Midwest,557.09,124.6,11,False,False,6.0,True,0.0,2026-04-27T23:39:17.576413
TRK000003714,2024-03-28,2024-03-31,2024-04-02,Delayed,USPS,Southeast,6.47,182.36,28,False,False,5.0,False,2.0,2026-04-27T23:39:17.576413
TRK000003865,2024-03-28,2024-03-29,2024-03-04,Delayed,USPS,Midwest,521.53,587.72,25,False,False,-24.0,False,0.0,2026-04-27T23:39:17.576413
TRK000000435,2024-03-27,2024-03-30,2024-04-01,In Transit,USPS,Midwest,77.13,413.71,22,False,False,5.0,False,2.0,2026-04-27T23:39:17.576413
TRK000001096,2024-03-27,2024-03-04,2024-04-07,In Transit,XPO,Midwest,238.21,230.97,41,False,False,11.0,False,34.0,2026-04-27T23:39:17.576413
TRK000000982,2024-03-27,2024-03-28,2024-03-30,Delivered,FEDEX,West Coast,422.7,496.74,12,False,False,3.0,False,2.0,2026-04-27T23:39:17.576413
TRK000004922,2024-03-27,2024-03-31,2024-03-31,Cancelled,FEDEX,Northeast,455.73,299.29,25,False,False,4.0,False,0.0,2026-04-27T23:39:17.576413
TRK000004482,2024-03-27,2024-03-28,2024-03-31,Cancelled,USPS,Southwest,533.8,615.76,18,False,False,4.0,False,3.0,2026-04-27T23:39:17.576413
TRK000002066,2024-03-27,2024-03-28,2024-04-01,Delivered,USPS,Southeast,509.47,714.98,26,False,False,5.0,False,4.0,2026-04-27T23:39:17.576413
TRK000004606,2024-03-27,2024-03-28,2024-03-31,In Transit,UPS,Northeast,43.27,871.38,23,False,False,4.0,False,3.0,2026-04-27T23:39:17.576413
TRK000001401,2024-03-27,2024-03-29,2024-03-04,Delivered,DHL,Midwest,94.61,418.25,23,False,False,-23.0,True,0.0,2026-04-27T23:39:17.576413
API000300,2024-03-27,2024-03-29,2024-03-29,Delivered,DHL,West Coast,255.61,681.29,16,False,False,2.0,True,0.0,2026-04-27T23:39:17.576413
TRK000004551,2024-03-27,2024-04-01,2024-04-05,In Transit,FEDEX,West Coast,369.06,265.11,32,False,False,9.0,False,4.0,2026-04-27T23:39:17.576413
TRK000000591,2024-03-27,2024-04-02,,Cancelled,FEDEX,Midwest,316.71,357.74,14,False,False,,False,,2026-04-27T23:39:17.576413
TRK000003634,2024-03-27,2024-03-29,2024-03-28,In Transit,USPS,Midwest,289.64,375.44,21,False,False,1.0,False,0.0,2026-04-27T23:39:17.576413
TRK000000447,2024-03-27,2024-03-31,2024-04-05,Delayed,DHL,Midwest,549.81,514.75,26,False,False,9.0,False,5.0,2026-04-27T23:39:17.576413
TRK000003287,2024-03-27,2024-04-03,,In Transit,USPS,Midwest,237.69,430.96,31,False,False,,False,,2026-04-27T23:39:17.576413
TRK000004508,2024-03-26,2024-03-28,2024-03-29,Delivered,XPO,Southwest,241.13,558.89,26,False,False,3.0,False,1.0,2026-04-27T23:39:17.576413
TRK000001829,2024-03-26,2024-03-29,,In Transit,FEDEX,Northeast,153.51,100.36,6,False,False,,False,,2026-04-27T23:39:17.576413
TRK000001629,2024-03-26,2024-04-01,2024-04-03,Delivered,UPS,Midwest,572.18,172.36,13,False,False,8.0,False,2.0,2026-04-27T23:39:17.576413
TRK000002206,2024-03-26,2024-04-01,2024-03-31,In Transit,UPS,Southwest,12.29,68.1,25,False,False,5.0,False,0.0,2026-04-27T23:39:17.576413
TRK000001703,2024-03-26,2024-03-30,2024-04-01,Delivered,FEDEX,Midwest,236.39,516.94,20,False,False,6.0,False,2.0,2026-04-27T23:39:17.576413
TRK000004031,2024-03-26,2024-04-01,2024-04-06,Cancelled,USPS,Southwest,284.54,671.96,48,False,False,11.0,False,5.0,2026-04-27T23:39:17.576413
TRK000003635,2024-03-26,2024-03-29,2024-04-03,Delayed,UPS,Northeast,428.29,120.87,50,False,False,8.0,False,5.0,2026-04-27T23:39:17.576413
TRK000001066,2024-03-25,2024-03-29,2024-03-27,Cancelled,USPS,Northeast,452.17,258.52,34,False,False,2.0,False,0.0,2026-04-27T23:39:17.576413
TRK000001763,2024-03-25,2024-03-28,2024-04-01,Cancelled,FEDEX,Southwest,460.27,407.93,9,False,False,7.0,False,4.0,2026-04-27T23:39:17.576413
TRK000000146,2024-03-25,2024-03-27,2024-03-30,Delayed,FEDEX,Southwest,5.26,577.38,8,False,False,5.0,False,3.0,2026-04-27T23:39:17.576413
TRK000002412,2024-03-25,2024-01-04,2024-04-04,In Transit,UPS,Midwest,548.64,98.66,42,False,False,10.0,False,91.0,2026-04-27T23:39:17.576413
TRK000003662,2024-03-25,2024-03-26,2024-03-26,Delayed,FEDEX,Midwest,537.33,424.12,21,False,False,1.0,False,0.0,2026-04-27T23:39:17.576413
TRK000001160,2024-03-25,2024-03-26,,Delivered,UPS,Southwest,324.77,674.71,41,False,False,,False,,2026-04-27T23:39:17.576413
TRK000003746,2024-03-25,2024-04-01,2024-04-01,Delayed,FEDEX,West Coast,200.08,746.18,47,False,False,7.0,False,0.0,2026-04-27T23:39:17.576413
API000306,2024-03-24,2024-03-25,,Delayed,UPS,Northeast,352.41,556.29,2,False,False,,False,,2026-04-27T23:39:17.576413
TRK000001275,2024-03-24,2024-03-30,2024-03-28,Delivered,FEDEX,Midwest,204.23,214.13,22,False,False,4.0,True,0.0,2026-04-27T23:39:17.576413
TRK000004317,2024-03-24,2024-03-26,2024-03-27,Cancelled,FEDEX,Midwest,540.92,451.28,8,False,False,3.0,False,1.0,2026-04-27T23:39:17.576413
TRK000002864,2024-03-24,2024-03-25,,In Transit,DHL,Southeast,531.59,345.58,9,False,False,,False,,2026-04-27T23:39:17.576413
TRK000004205,2024-03-24,2024-03-30,2024-03-31,Delayed,DHL,Southeast,388.49,523.53,17,False,False,7.0,False,1.0,2026-04-27T23:39:17.576413
TRK000000188,2024-03-24,2024-03-29,2024-04-01,Delivered,FEDEX,Midwest,56.46,61.44,19,False,False,8.0,False,3.0,2026-04-27T23:39:17.576413
TRK000001143,2024-03-24,2024-03-29,2024-01-04,In Transit,DHL,Southwest,196.93,645.22,19,False,False,-80.0,False,0.0,2026-04-27T23:39:17.576413
API000143,2024-03-24,2024-03-29,2024-03-27,Delivered,UPS,West Coast,342.82,281.95,8,False,False,3.0,True,0.0,2026-04-27T23:39:17.576413
TRK000003425,2024-03-23,2024-03-28,2024-04-01,Delayed,FEDEX,Midwest,413.21,542.19,13,False,False,9.0,False,4.0,2026-04-27T23:39:17.576413
API000184,2024-03-23,2024-03-24,2024-03-28,Delivered,FEDEX,Northeast,173.65,163.01,22,False,False,5.0,False,4.0,2026-04-27T23:39:17.576413
TRK000003146,2024-03-23,2024-03-28,2024-03-29,In Transit,DHL,Midwest,149.59,222.85,25,False,False,6.0,False,1.0,2026-04-27T23:39:17.576413
API000231,2024-03-23,2024-03-26,,Delivered,DHL,West Coast,275.62,680.55,11,False,False,,False,,2026-04-27T23:39:17.576413
TRK000001492,2024-03-23,2024-03-26,2024-03-24,Delivered,UPS,Northeast,40.48,478.54,11,False,False,1.0,True,0.0,2026-04-27T23:39:17.576413
TRK000002023,2024-03-22,2024-03-26,2024-03-30,Cancelled,UPS,Southeast,1.95,408.77,29,False,False,8.0,False,4.0,2026-04-27T23:39:17.576413
TRK000000502,2024-03-22,2024-03-25,2024-03-24,In Transit,FEDEX,Northeast,196.37,464.37,46,False,False,2.0,False,0.0,2026-04-27T23:39:17.576413
TRK000002762,2024-03-22,2024-03-25,2024-03-29,Cancelled,UPS,Midwest,111.03,424.51,8,False,False,7.0,False,4.0,2026-04-27T23:39:17.576413
TRK000002332,2024-03-22,2024-03-28,2024-03-28,Cancelled,DHL,Northeast,226.2,630.82,28,False,False,6.0,False,0.0,2026-04-27T23:39:17.576413
TRK000003810,2024-03-21,2024-03-28,2024-03-27,Cancelled,XPO,Midwest,500.17,878.24,7,False,False,6.0,False,0.0,2026-04-27T23:39:17.576413
TRK000000512,2024-03-21,2024-03-22,2024-03-22,Delayed,FEDEX,West Coast,137.49,381.65,36,False,False,1.0,False,0.0,2026-04-27T23:39:17.576413
TRK000001630,2024-03-21,2024-03-25,2024-03-23,Delayed,FEDEX,Midwest,367.96,169.41,43,False,False,2.0,False,0.0,2026-04-27T23:39:17.576413
TRK000001124,2024-03-21,2024-03-27,2024-03-29,Delayed,XPO,Northeast,551.87,712.45,33,False,False,8.0,False,2.0,2026-04-27T23:39:17.576413
TRK000001048,2024-03-21,2024-03-23,2024-03-26,Delayed,DHL,Midwest,168.0,613.97,34,False,False,5.0,False,3.0,2026-04-27T23:39:17.576413
TRK000003089,2024-03-21,2024-03-26,2024-03-31,Cancelled,XPO,Northeast,224.59,723.17,24,False,False,10.0,False,5.0,2026-04-27T23:39:17.576413
TRK000001525,2024-03-20,2024-03-26,,In Transit,DHL,Midwest,147.49,172.77,3,False,False,,False,,2026-04-27T23:39:17.576413
TRK000003936,2024-03-20,2024-03-23,2024-03-23,Cancelled,UPS,Midwest,145.39,695.49,14,False,False,3.0,False,0.0,2026-04-27T23:39:17.576413
TRK000003660,2024-03-20,2024-03-21,2024-03-25,Delayed,FEDEX,Midwest,414.75,229.72,25,False,False,5.0,False,4.0,2026-04-27T23:39:17.576413
TRK000003226,2024-03-20,2024-03-23,2024-03-27,Delivered,UPS,Midwest,11.46,704.22,46,False,False,7.0,False,4.0,2026-04-27T23:39:17.576413
TRK000002539,2024-03-20,2024-03-21,2024-03-22,Delayed,UPS,Southeast,169.52,510.28,29,False,False,2.0,False,1.0,2026-04-27T23:39:17.576413
TRK000003188,2024-03-20,2024-03-26,2024-03-27,Delivered,UPS,Southwest,53.25,852.66,43,False,False,7.0,False,1.0,2026-04-27T23:39:17.576413
TRK000004346,2024-03-20,2024-03-21,,Cancelled,USPS,Midwest,477.54,572.6,9,False,False,,False,,2026-04-27T23:39:17.576413
TRK000000714,2024-03-20,2024-03-24,2024-03-26,In Transit,UPS,Southeast,313.33,735.03,44,False,False,6.0,False,2.0,2026-04-27T23:39:17.576413
TRK000004656,2024-03-19,2024-03-23,2024-03-25,Delivered,UPS,Southeast,528.4,458.56,12,False,False,6.0,False,2.0,2026-04-27T23:39:17.576413
API000443,2024-03-19,2024-03-22,2024-03-22,Delivered,DHL,Midwest,7.54,612.23,1,False,False,3.0,True,0.0,2026-04-27T23:39:17.576413
TRK000001341,2024-03-19,2024-03-21,2024-03-19,Delivered,FEDEX,Southwest,312.32,11691.11,49,False,True,0.0,True,0.0,2026-04-27T23:39:17.576413
TRK000000317,2024-03-19,2024-03-22,2024-03-26,Cancelled,UPS,West Coast,504.72,634.67,5,False,False,7.0,False,4.0,2026-04-27T23:39:17.576413
TRK000003229,2024-03-19,2024-03-23,2024-03-23,Delayed,UPS,Northeast,591.38,771.91,44,False,False,4.0,False,0.0,2026-04-27T23:39:17.576413
API000393,2024-03-19,2024-03-22,2024-03-24,Delayed,UPS,West Coast,146.71,394.73,23,False,False,5.0,False,2.0,2026-04-27T23:39:17.576413
TRK000001280,2024-03-19,2024-03-20,2024-03-18,Delayed,UPS,Southeast,256.59,721.21,49,False,False,-1.0,False,0.0,2026-04-27T23:39:17.576413
TRK000004652,2024-03-18,2024-03-22,2024-03-27,Cancelled,FEDEX,Midwest,432.8,618.91,9,False,False,9.0,False,5.0,2026-04-27T23:39:17.576413
TRK000000020,2024-03-18,2024-03-24,,In Transit,FEDEX,Southeast,357.19,235.65,4,False,False,,False,,2026-04-27T23:39:17.576413
TRK000001379,2024-03-18,2024-03-25,2024-03-25,Cancelled,UPS,Midwest,219.45,883.56,46,False,False,7.0,False,0.0,2026-04-27T23:39:17.576413
TRK000004890,2024-03-18,2024-03-24,2024-03-24,In Transit,DHL,Southwest,557.22,826.57,47,False,False,6.0,False,0.0,2026-04-27T23:39:17.576413
TRK000002168,2024-03-18,2024-03-19,2024-03-19,Delayed,DHL,Midwest,148.11,239.39,23,False,False,1.0,False,0.0,2026-04-27T23:39:17.576413
TRK000004300,2024-03-18,2024-03-24,2024-03-24,Cancelled,XPO,Midwest,121.87,553.13,47,False,False,6.0,False,0.0,2026-04-27T23:39:17.576413
TRK000001029,2024-03-18,2024-03-20,2024-03-18,Cancelled,UPS,Midwest,215.74,9358.18,42,False,True,0.0,False,0.0,2026-04-27T23:39:17.576413
TRK000004933,2024-03-17,2024-03-18,,Cancelled,USPS,Midwest,217.53,360.05,16,False,False,,False,,2026-04-27T23:39:17.576413
TRK000000187,2024-03-17,2024-03-24,,In Transit,UPS,Midwest,75.18,229.42,42,False,False,,False,,2026-04-27T23:39:17.576413
TRK000001248,2024-03-17,2024-03-18,,In Transit,FEDEX,Midwest,351.43,600.93,31,False,False,,False,,2026-04-27T23:39:17.576413
API000006,2024-03-17,2024-03-19,2024-03-24,Delivered,UPS,West Coast,346.8,412.77,6,False,False,7.0,False,5.0,2026-04-27T23:39:17.576413
TRK000002583,2024-03-17,2024-03-23,,Cancelled,FEDEX,Midwest,69.34,138.7,13,False,False,,False,,2026-04-27T23:39:17.576413
TRK000003625,2024-03-17,2024-03-24,2024-03-28,Delayed,UPS,Midwest,381.22,871.38,49,False,False,11.0,False,4.0,2026-04-27T23:39:17.576413
TRK000003842,2024-03-17,2024-03-21,2024-03-19,Delayed,XPO,Midwest,54.97,611.29,2,False,False,2.0,False,0.0,2026-04-27T23:39:17.576413
TRK000000933,2024-03-17,2024-03-21,2024-03-22,Delivered,FEDEX,West Coast,17.87,92.49,46,False,False,5.0,False,1.0,2026-04-27T23:39:17.576413
TRK000000639,2024-03-16,2024-03-21,2024-03-26,Cancelled,DHL,Midwest,478.94,395.09,50,False,False,10.0,False,5.0,2026-04-27T23:39:17.576413
TRK000000376,2024-03-16,2024-03-19,2024-03-20,Cancelled,FEDEX,Northeast,585.08,516.92,50,False,False,4.0,False,1.0,2026-04-27T23:39:17.576413
TRK000001410,2024-03-16,2024-03-17,2024-03-20,In Transit,XPO,Southeast,526.79,589.61,43,False,False,4.0,False,3.0,2026-04-27T23:39:17.576413
TRK000000220,2024-03-16,2024-03-19,2024-03-22,In Transit,UPS,Midwest,404.23,629.86,37,False,False,6.0,False,3.0,2026-04-27T23:39:17.576413
TRK000002152,2024-03-16,2024-03-20,2024-03-21,In Transit,XPO,Southeast,243.64,787.82,20,False,False,5.0,False,1.0,2026-04-27T23:39:17.576413
TRK000001263,2024-03-16,2024-03-18,2024-03-22,Delivered,FEDEX,Midwest,44.72,735.19,48,False,False,6.0,False,4.0,2026-04-27T23:39:17.576413
TRK000001258,2024-03-16,2024-03-21,2024-03-19,Cancelled,UPS,Southeast,241.13,352.63,11,False,False,3.0,False,0.0,2026-04-27T23:39:17.576413
TRK000001602,2024-03-16,2024-03-17,2024-03-17,Delivered,XPO,Midwest,436.53,765.43,38,False,False,1.0,True,0.0,2026-04-27T23:39:17.576413
TRK000004268,2024-03-15,2024-03-16,2024-03-18,Cancelled,FEDEX,Midwest,378.56,178.94,18,False,False,3.0,False,2.0,2026-04-27T23:39:17.576413
TRK000000547,2024-03-15,2024-03-20,2024-03-18,Cancelled,XPO,Northeast,110.9,412.26,5,False,False,3.0,False,0.0,2026-04-27T23:39:17.576413
TRK000002887,2024-03-15,2024-03-17,2024-03-20,Delivered,USPS,Midwest,48.91,227.33,5,False,False,5.0,False,3.0,2026-04-27T23:39:17.576413
API000115,2024-03-15,2024-03-19,,In Transit,UPS,Midwest,192.29,505.31,2,False,False,,False,,2026-04-27T23:39:17.576413
TRK000003795,2024-03-15,2024-03-17,2024-03-15,Cancelled,UPS,Midwest,375.43,670.23,12,False,False,0.0,False,0.0,2026-04-27T23:39:17.576413
TRK000002706,2024-03-15,2024-03-19,2024-03-20,Delayed,XPO,Southwest,251.96,862.36,15,False,False,5.0,False,1.0,2026-04-27T23:39:17.576413
TRK000003998,2024-03-15,2024-03-19,2024-03-17,Delivered,USPS,Midwest,484.67,435.48,22,False,False,2.0,True,0.0,2026-04-27T23:39:17.576413
API000358,2024-03-15,2024-03-20,2024-03-21,In Transit,DHL,Northeast,61.98,541.94,27,False,False,6.0,False,1.0,2026-04-27T23:39:17.576413
TRK000000686,2024-03-14,2024-03-15,2024-03-16,Delayed,USPS,Midwest,208.1,543.08,42,False,False,2.0,False,1.0,2026-04-27T23:39:17.576413
TRK000004853,2024-03-14,2024-03-20,2024-03-25,Cancelled,UPS,Midwest,258.34,803.25,38,False,False,11.0,False,5.0,2026-04-27T23:39:17.576413
TRK000003320,2024-03-13,2024-03-19,,Delivered,UPS,Midwest,32.23,143.55,48,False,False,,False,,2026-04-27T23:39:17.576413
TRK000003903,2024-03-13,2024-03-17,2024-03-21,Cancelled,DHL,Northeast,592.17,881.73,25,False,False,8.0,False,4.0,2026-04-27T23:39:17.576413
API000094,2024-03-13,2024-03-16,,Delivered,DHL,Midwest,90.87,359.51,19,False,False,,False,,2026-04-27T23:39:17.576413
TRK000002394,2024-03-13,2024-03-14,2024-03-15,Cancelled,USPS,Southeast,127.93,491.85,21,False,False,2.0,False,1.0,2026-04-27T23:39:17.576413
API000073,2024-03-12,2024-03-14,2024-03-18,In Transit,DHL,West Coast,73.33,550.42,11,False,False,6.0,False,4.0,2026-04-27T23:39:17.576413
TRK000003626,2024-03-12,2024-03-17,2024-03-20,Delivered,FEDEX,Midwest,489.66,616.55,3,False,False,8.0,False,3.0,2026-04-27T23:39:17.576413
TRK000004181,2024-03-12,2024-03-18,2024-03-18,Delayed,XPO,Midwest,598.0,623.29,1,False,False,6.0,False,0.0,2026-04-27T23:39:17.576413
TRK000002734,2024-03-12,2024-03-14,2024-03-17,Delivered,FEDEX,Northeast,205.19,292.09,42,False,False,5.0,False,3.0,2026-04-27T23:39:17.576413
API000033,2024-03-12,2024-03-14,2024-03-18,Delivered,UPS,West Coast,49.19,116.97,14,False,False,6.0,False,4.0,2026-04-27T23:39:17.576413
TRK000000598,2024-03-12,2024-12-10,,Delivered,FEDEX,Southeast,289.84,832.96,35,False,False,,False,,2026-04-27T23:39:17.576413
TRK000002754,2024-03-12,2024-12-06,2024-09-12,Delayed,FEDEX,Southwest,166.47,238.79,43,False,False,184.0,False,0.0,2026-04-27T23:39:17.576413
TRK000002080,2024-03-11,2024-11-08,2024-11-12,Cancelled,FEDEX,Midwest,3.2,155.08,36,False,False,246.0,False,4.0,2026-04-27T23:39:17.576413
TRK000001843,2024-03-11,2024-03-14,2024-03-17,Delayed,USPS,Southwest,561.37,355.47,26,False,False,6.0,False,3.0,2026-04-27T23:39:17.576413
TRK000000026,2024-03-11,2024-03-15,2024-03-13,Delivered,UPS,West Coast,432.87,362.54,35,False,False,2.0,True,0.0,2026-04-27T23:39:17.576413
TRK000000227,2024-03-11,2024-03-14,2024-12-03,Delivered,USPS,Northeast,306.57,728.97,4,False,False,267.0,False,264.0,2026-04-27T23:39:17.576413
TRK000000584,2024-03-11,2024-03-13,2024-03-14,Cancelled,DHL,Southwest,102.16,469.94,5,False,False,3.0,False,1.0,2026-04-27T23:39:17.576413
TRK000002790,2024-03-11,2024-03-18,2024-03-22,In Transit,USPS,Northeast,394.3,376.57,22,False,False,11.0,False,4.0,2026-04-27T23:39:17.576413
TRK000002107,2024-03-11,2024-03-17,2024-03-16,In Transit,UPS,Southeast,26.93,116.08,20,False,False,5.0,False,0.0,2026-04-27T23:39:17.576413
TRK000004427,2024-03-11,2024-03-14,2024-03-16,In Transit,XPO,Southwest,362.06,265.99,14,False,False,5.0,False,2.0,2026-04-27T23:39:17.576413
TRK000003161,2024-03-11,2024-03-12,2024-11-03,Delayed,FEDEX,Midwest,28.0,417.34,43,False,False,237.0,False,236.0,2026-04-27T23:39:17.576413
TRK000000081,2024-03-10,2024-03-17,2024-03-15,Delivered,UPS,Midwest,45.85,865.2,46,False,False,5.0,True,0.0,2026-04-27T23:39:17.576413
API000252,2024-03-10,2024-03-15,2024-03-12,Delayed,UPS,Northeast,214.18,254.14,20,False,False,2.0,False,0.0,2026-04-27T23:39:17.576413
TRK000003200,2024-03-10,2024-03-17,2024-03-20,Delivered,FEDEX,Midwest,59.99,451.59,15,False,False,10.0,False,3.0,2026-04-27T23:39:17.576413
TRK000003375,2024-03-10,2024-03-17,2024-03-21,In Transit,UPS,Midwest,286.42,145.9,3,False,False,11.0,False,4.0,2026-04-27T23:39:17.576413
TRK000002959,2024-03-10,2024-12-03,2024-03-11,Delivered,DHL,Midwest,175.33,888.87,30,False,False,1.0,True,0.0,2026-04-27T23:39:17.576413
TRK000003785,2024-03-10,2024-10-07,2024-10-05,Cancelled,UPS,Midwest,282.14,-751.95,26,True,False,209.0,False,0.0,2026-04-27T23:39:17.576413
TRK000004635,2024-03-10,2024-03-17,2024-03-20,Delivered,FEDEX,Southwest,447.0,555.35,23,False,False,10.0,False,3.0,2026-04-27T23:39:17.576413
TRK000003590,2024-03-10,2024-04-10,2024-10-03,Delivered,FEDEX,Midwest,455.43,587.47,26,False,False,207.0,False,176.0,2026-04-27T23:39:17.576413
TRK000003305,2024-03-09,2024-03-15,,Delayed,FEDEX,Southwest,317.48,445.07,20,False,False,,False,,2026-04-27T23:39:17.576413
TRK000001047,2024-03-09,2024-03-16,2024-03-20,Delivered,UPS,West Coast,223.58,841.1,36,False,False,11.0,False,4.0,2026-04-27T23:39:17.576413
TRK000004607,2024-03-09,2024-05-09,2024-09-10,Cancelled,FEDEX,Southwest,28.96,388.7,26,False,False,185.0,False,124.0,2026-04-27T23:39:17.576413
TRK000000086,2024-03-09,2024-03-16,2024-03-17,Cancelled,FEDEX,Midwest,272.44,382.81,8,False,False,8.0,False,1.0,2026-04-27T23:39:17.576413
TRK000002318,2024-03-09,2024-07-09,,Delivered,UPS,Midwest,225.55,602.96,32,False,False,,False,,2026-04-27T23:39:17.576413
TRK000001913,2024-03-09,2024-03-16,2024-03-21,Cancelled,DHL,West Coast,21.61,458.04,2,False,False,12.0,False,5.0,2026-04-27T23:39:17.576413
TRK000002828,2024-03-09,2024-03-16,2024-03-14,Delayed,UPS,Southeast,113.69,691.54,9,False,False,5.0,False,0.0,2026-04-27T23:39:17.576413
TRK000002664,2024-03-09,2024-03-16,2024-03-20,Delayed,UPS,Southeast,350.28,353.74,29,False,False,11.0,False,4.0,2026-04-27T23:39:17.576413
TRK000004554,2024-03-09,2024-03-11,2024-03-10,Delivered,FEDEX,Midwest,411.97,831.03,25,False,False,1.0,True,0.0,2026-04-27T23:39:17.576413
TRK000000509,2024-03-09,2024-03-12,2024-03-10,Delivered,USPS,Midwest,126.92,228.65,50,False,False,1.0,True,0.0,2026-04-27T23:39:17.576413
TRK000002280,2024-03-09,2024-03-16,,Cancelled,FEDEX,Midwest,23.66,225.95,17,False,False,,False,,2026-04-27T23:39:17.576413
TRK000002060,2024-03-08,2024-07-08,2024-08-10,Delayed,DHL,Midwest,392.0,241.25,25,False,False,155.0,False,33.0,2026-04-27T23:39:17.576413
API000445,2024-03-08,2024-03-09,2024-03-10,In Transit,DHL,West Coast,223.72,106.17,18,False,False,2.0,False,1.0,2026-04-27T23:39:17.576413
TRK000003493,2024-03-08,2024-03-09,2024-03-10,Delivered,FEDEX,Midwest,264.1,508.9,5,False,False,2.0,False,1.0,2026-04-27T23:39:17.576413
TRK000004284,2024-03-08,2024-03-13,,Cancelled,UPS,Southwest,532.37,110.73,3,False,False,,False,,2026-04-27T23:39:17.576413
TRK000001466,2024-03-08,2024-03-11,2024-03-14,Delivered,USPS,Midwest,82.54,719.47,1,False,False,6.0,False,3.0,2026-04-27T23:39:17.576413
TRK000001704,2024-03-08,2024-08-04,2024-08-04,Delivered,FEDEX,Southeast,530.25,742.31,38,False,False,149.0,True,0.0,2026-04-27T23:39:17.576413
API000030,2024-03-08,2024-03-10,2024-03-10,In Transit,DHL,Midwest,77.62,554.14,17,False,False,2.0,False,0.0,2026-04-27T23:39:17.576413
TRK000002386,2024-03-08,2024-03-14,2024-03-16,In Transit,XPO,Midwest,19.37,748.87,48,False,False,8.0,False,2.0,2026-04-27T23:39:17.576413
TRK000000949,2024-03-08,2024-03-10,2024-09-03,Delayed,FEDEX,Southeast,271.19,265.37,16,False,False,179.0,False,177.0,2026-04-27T23:39:17.576413
TRK000004848,2024-03-08,2024-08-09,2024-08-13,Cancelled,UPS,Northeast,363.4,336.82,38,False,False,158.0,False,4.0,2026-04-27T23:39:17.576413
API000411,2024-03-08,2024-03-13,2024-03-16,Delayed,FEDEX,Northeast,42.27,178.31,19,False,False,8.0,False,3.0,2026-04-27T23:39:17.576413
TRK000003723,2024-03-07,2024-03-11,2024-03-16,Delivered,XPO,Northeast,336.33,545.23,48,False,False,9.0,False,5.0,2026-04-27T23:39:17.576413
TRK000001169,2024-03-07,2024-03-08,2024-03-12,In Transit,FEDEX,Southwest,592.13,504.54,33,False,False,5.0,False,4.0,2026-04-27T23:39:17.576413
API000341,2024-03-07,2024-03-10,,Delayed,FEDEX,Midwest,374.89,197.24,15,False,False,,False,,2026-04-27T23:39:17.576413
TRK000003280,2024-03-07,2024-03-14,2024-03-18,Cancelled,FEDEX,Midwest,51.78,401.4,21,False,False,11.0,False,4.0,2026-04-27T23:39:17.576413
TRK000002001,2024-03-07,2024-03-08,2024-06-03,Delivered,FEDEX,Midwest,102.88,508.45,7,False,False,88.0,False,87.0,2026-04-27T23:39:17.576413
TRK000004033,2024-03-07,2024-07-06,2024-07-05,Delivered,XPO,West Coast,349.84,552.98,48,False,False,120.0,True,0.0,2026-04-27T23:39:17.576413
TRK000002551,2024-03-07,2024-03-08,2024-03-10,Delivered,XPO,Southwest,484.68,718.64,34,False,False,3.0,False,2.0,2026-04-27T23:39:17.576413
TRK000002008,2024-03-07,2024-03-12,2024-10-03,Cancelled,USPS,Midwest,164.47,796.98,20,False,False,210.0,False,205.0,2026-04-27T23:39:17.576413
TRK000000633,2024-03-06,2024-03-10,2024-03-15,In Transit,FEDEX,Northeast,251.53,692.72,36,False,False,9.0,False,5.0,2026-04-27T23:39:17.576413
TRK000000909,2024-03-06,2024-03-11,2024-03-15,Delayed,USPS,Southwest,440.88,342.5,8,False,False,9.0,False,4.0,2026-04-27T23:39:17.576413
TRK000004460,2024-03-06,2024-03-11,2024-03-10,Delivered,FEDEX,Midwest,549.96,310.16,49,False,False,4.0,True,0.0,2026-04-27T23:39:17.576413
TRK000003069,2024-03-06,2024-06-07,2024-06-10,Delivered,DHL,Midwest,353.21,618.36,4,False,False,96.0,False,3.0,2026-04-27T23:39:17.576413
TRK000004453,2024-03-06,2024-08-03,2024-09-03,Cancelled,UPS,Midwest,316.15,303.51,13,False,False,181.0,False,31.0,2026-04-27T23:39:17.576413
TRK000002310,2024-03-06,2024-07-06,2024-06-12,Delayed,FEDEX,Northeast,470.1,501.08,25,False,False,98.0,False,0.0,2026-04-27T23:39:17.576413
TRK000003395,2024-03-06,2024-03-11,2024-03-13,In Transit,UPS,Southwest,489.91,312.81,25,False,False,7.0,False,2.0,2026-04-27T23:39:17.576413
TRK000000628,2024-03-06,2024-03-09,2024-03-13,In Transit,UPS,Northeast,594.42,593.96,3,False,False,7.0,False,4.0,2026-04-27T23:39:17.576413
TRK000000205,2024-03-05,2024-03-07,2024-03-10,In Transit,FEDEX,Midwest,309.66,674.37,35,False,False,5.0,False,3.0,2026-04-27T23:39:17.576413
TRK000003212,2024-03-05,2024-03-07,2024-03-07,Delivered,FEDEX,Southwest,375.56,680.67,17,False,False,2.0,True,0.0,2026-04-27T23:39:17.576413
TRK000002005,2024-03-05,2024-07-03,2024-03-08,Delivered,FEDEX,Midwest,175.0,359.77,10,False,False,3.0,True,0.0,2026-04-27T23:39:17.576413
TRK000002900,2024-03-05,2024-05-06,2024-09-05,Delayed,UPS,West Coast,75.21,766.64,12,False,False,184.0,False,122.0,2026-04-27T23:39:17.576413
TRK000002244,2024-03-04,2024-08-03,2024-03-13,Delivered,UPS,Midwest,175.2,147.36,16,False,False,9.0,True,0.0,2026-04-27T23:39:17.576413
TRK000003813,2024-03-04,2024-03-11,2024-03-09,Delivered,UPS,Northeast,306.16,544.59,42,False,False,5.0,True,0.0,2026-04-27T23:39:17.576413
TRK000003213,2024-03-04,2024-03-09,,Delivered,UPS,Southeast,76.33,766.6,4,False,False,,False,,2026-04-27T23:39:17.576413
TRK000004274,2024-03-04,2024-03-08,2024-03-09,Delivered,FEDEX,Southeast,303.46,-354.41,14,True,False,5.0,False,1.0,2026-04-27T23:39:17.576413
TRK000003247,2024-03-04,2024-06-04,2024-04-07,Cancelled,UPS,West Coast,591.4,615.75,31,False,False,34.0,False,0.0,2026-04-27T23:39:17.576413
TRK000002643,2024-03-04,2024-03-07,,Delayed,FEDEX,Southwest,568.94,392.46,13,False,False,,False,,2026-04-27T23:39:17.576413
TRK000001512,2024-03-04,2024-03-09,2024-03-09,In Transit,UPS,Midwest,403.78,875.09,24,False,False,5.0,False,0.0,2026-04-27T23:39:17.576413
TRK000000249,2024-03-04,2024-03-08,2024-03-07,Delayed,DHL,Midwest,287.81,795.74,15,False,False,3.0,False,0.0,2026-04-27T23:39:17.576413
TRK000004876,2024-03-04,2024-03-09,2024-03-09,Delivered,FEDEX,Midwest,290.12,412.87,5,False,False,5.0,True,0.0,2026-04-27T23:39:17.576413
API000281,2024-03-04,2024-03-05,2024-03-06,Delivered,UPS,West Coast,286.7,262.64,21,False,False,2.0,False,1.0,2026-04-27T23:39:17.576413
TRK000002312,2024-03-04,2024-03-06,2024-03-05,In Transit,UPS,Southwest,47.47,160.55,45,False,False,1.0,False,0.0,2026-04-27T23:39:17.576413
API000133,2024-03-03,2024-03-04,2024-03-08,In Transit,FEDEX,West Coast,336.86,359.89,23,False,False,5.0,False,4.0,2026-04-27T23:39:17.576413
TRK000002304,2024-03-03,2024-03-05,2024-03-03,In Transit,FEDEX,Southwest,73.93,844.37,39,False,False,0.0,False,0.0,2026-04-27T23:39:17.576413
TRK000000095,2024-03-03,2024-03-09,2024-08-03,In Transit,FEDEX,Southeast,510.47,124.56,12,False,False,153.0,False,147.0,2026-04-27T23:39:17.576413
TRK000001999,2024-03-03,2024-06-03,2024-09-03,Cancelled,UPS,West Coast,328.4,300.41,11,False,False,184.0,False,92.0,2026-04-27T23:39:17.576413
TRK000002346,2024-03-03,2024-08-03,2024-07-03,Cancelled,FEDEX,Midwest,552.25,693.05,21,False,False,122.0,False,0.0,2026-04-27T23:39:17.576413
TRK000002074,2024-03-03,2024-03-07,,Delayed,UPS,Midwest,381.48,704.77,34,False,False,,False,,2026-04-27T23:39:17.576413
TRK000001914,2024-03-03,2024-03-08,,Delivered,FEDEX,Southwest,244.14,199.25,40,False,False,,False,,2026-04-27T23:39:17.576413
API000016,2024-03-03,2024-03-06,2024-03-11,Delivered,UPS,Northeast,267.02,340.18,12,False,False,8.0,False,5.0,2026-04-27T23:39:17.576413
TRK000004829,2024-03-02,2024-05-03,2024-10-03,Cancelled,UPS,Southeast,463.14,370.85,47,False,False,215.0,False,153.0,2026-04-27T23:39:17.576413
TRK000000045,2024-03-02,2024-03-09,,In Transit,USPS,West Coast,442.54,303.46,14,False,False,,False,,2026-04-27T23:39:17.576413
TRK000002221,2024-03-02,2024-02-10,2024-02-15,Cancelled,UPS,Midwest,547.09,53.53,42,False,False,-16.0,False,5.0,2026-04-27T23:39:17.576413
TRK000001310,2024-03-02,2024-03-05,2024-03-08,In Transit,UPS,Southeast,275.57,376.48,8,False,False,6.0,False,3.0,2026-04-27T23:39:17.576413
TRK000001514,2024-03-02,2024-02-10,2024-02-11,Delivered,USPS,Northeast,5.46,313.29,10,False,False,-20.0,False,1.0,2026-04-27T23:39:17.576413
TRK000004088,2024-03-02,2024-03-09,2024-03-12,Delayed,DHL,Northeast,94.63,726.58,32,False,False,10.0,False,3.0,2026-04-27T23:39:17.576413
API000256,2024-03-02,2024-03-07,2024-03-06,Delivered,DHL,West Coast,364.62,193.09,5,False,False,4.0,True,0.0,2026-04-27T23:39:17.576413
TRK000001527,2024-03-01,2024-03-06,2024-03-11,Delivered,FEDEX,Midwest,554.88,670.75,31,False,False,10.0,False,5.0,2026-04-27T23:39:17.576413
TRK000003688,2024-03-01,2024-03-02,,In Transit,DHL,Midwest,84.79,89.46,38,False,False,,False,,2026-04-27T23:39:17.576413
TRK000001549,2024-03-01,2024-03-04,2024-03-06,In Transit,UPS,West Coast,335.68,380.05,15,False,False,5.0,False,2.0,2026-04-27T23:39:17.576413
TRK000001924,2024-02-29,2024-03-07,2024-03-05,Cancelled,DHL,Southwest,293.95,520.92,29,False,False,5.0,False,0.0,2026-04-27T23:39:17.576413
API000487,2024-02-29,2024-03-04,,Delivered,UPS,Northeast,45.45,660.49,2,False,False,,False,,2026-04-27T23:39:17.576413
TRK000001535,2024-02-29,2024-03-03,2024-03-07,Cancelled,UPS,Southeast,421.06,853.04,11,False,False,7.0,False,4.0,2026-04-27T23:39:17.576413
TRK000004499,2024-02-29,2024-03-01,2024-03-03,Delivered,FEDEX,Northeast,63.64,723.53,23,False,False,3.0,False,2.0,2026-04-27T23:39:17.576413
TRK000003925,2024-02-29,2024-03-02,2024-03-04,In Transit,FEDEX,Midwest,452.53,632.24,7,False,False,4.0,False,2.0,2026-04-27T23:39:17.576413
API000047,2024-02-29,2024-03-02,2024-03-08,In Transit,DHL,West Coast,194.49,476.55,24,False,False,8.0,False,6.0,2026-04-27T23:39:17.576413
TRK000003955,2024-02-29,2024-03-05,2024-04-03,In Transit,XPO,Midwest,58.82,352.7,40,False,False,34.0,False,29.0,2026-04-27T23:39:17.576413
TRK000003508,2024-02-29,2024-03-06,,Delayed,UPS,Southeast,367.88,610.85,22,False,False,,False,,2026-04-27T23:39:17.576413
TRK000002052,2024-02-29,2024-03-06,2024-05-03,In Transit,XPO,Midwest,319.41,614.07,45,False,False,64.0,False,58.0,2026-04-27T23:39:17.576413
TRK000000762,2024-02-29,2024-03-04,2024-07-03,Cancelled,FEDEX,Midwest,284.72,694.83,24,False,False,125.0,False,121.0,2026-04-27T23:39:17.576413
TRK000001131,2024-02-28,2024-02-29,2024-03-03,Delivered,XPO,Midwest,302.9,742.53,37,False,False,4.0,False,3.0,2026-04-27T23:39:17.576413
API000236,2024-02-28,2024-03-01,2024-03-03,In Transit,FEDEX,Midwest,132.52,461.45,14,False,False,4.0,False,2.0,2026-04-27T23:39:17.576413
TRK000003970,2024-02-28,2024-02-29,2024-03-01,Cancelled,FEDEX,Midwest,318.99,174.34,24,False,False,2.0,False,1.0,2026-04-27T23:39:17.576413
TRK000000289,2024-02-28,2024-03-06,2024-03-07,In Transit,FEDEX,Midwest,103.31,897.06,43,False,False,8.0,False,1.0,2026-04-27T23:39:17.576413
TRK000003276,2024-02-28,2024-03-02,2024-03-02,Delayed,XPO,Southwest,306.29,670.8,50,False,False,3.0,False,0.0,2026-04-27T23:39:17.576413
TRK000000884,2024-02-28,2024-03-02,,Delayed,USPS,Midwest,526.12,784.07,8,False,False,,False,,2026-04-27T23:39:17.576413
TRK000001082,2024-02-28,2024-05-03,2024-03-05,In Transit,UPS,Midwest,514.49,472.06,50,False,False,6.0,False,0.0,2026-04-27T23:39:17.576413
TRK000001453,2024-02-28,2024-02-29,2024-03-01,Delivered,FEDEX,Southeast,238.23,59.6,37,False,False,2.0,False,1.0,2026-04-27T23:39:17.576413
TRK000002504,2024-02-28,2024-06-03,2024-03-06,Delayed,FEDEX,Midwest,462.17,551.34,45,False,False,7.0,False,0.0,2026-04-27T23:39:17.576413
TRK000003879,2024-02-28,2024-03-01,2024-03-05,Delayed,UPS,Midwest,216.49,794.57,25,False,False,6.0,False,4.0,2026-04-27T23:39:17.576413
TRK000002910,2024-02-27,2024-03-03,2024-03-03,In Transit,FEDEX,Southwest,239.26,452.54,3,False,False,5.0,False,0.0,2026-04-27T23:39:17.576413
TRK000001577,2024-02-27,2024-03-05,2024-03-05,Delayed,FEDEX,Midwest,47.57,87.91,24,False,False,7.0,False,0.0,2026-04-27T23:39:17.576413
TRK000000192,2024-02-27,2024-05-03,2024-03-09,Delayed,USPS,Southeast,112.62,261.2,50,False,False,11.0,False,0.0,2026-04-27T23:39:17.576413
TRK000003646,2024-02-27,2024-03-02,2024-03-05,Delivered,DHL,Southwest,147.45,70.29,2,False,False,7.0,False,3.0,2026-04-27T23:39:17.576413
TRK000004711,2024-02-27,2024-03-02,2024-03-06,Delivered,UPS,Midwest,58.84,631.1,25,False,False,8.0,False,4.0,2026-04-27T23:39:17.576413
TRK000002655,2024-02-27,2024-03-02,,Delayed,FEDEX,Northeast,363.45,840.57,33,False,False,,False,,2026-04-27T23:39:17.576413
TRK000003718,2024-02-27,2024-02-29,,Cancelled,FEDEX,Midwest,528.02,321.62,49,False,False,,False,,2026-04-27T23:39:17.576413
TRK000001460,2024-02-27,2024-02-28,2024-03-02,Cancelled,UPS,Midwest,567.25,225.38,32,False,False,4.0,False,3.0,2026-04-27T23:39:17.576413
TRK000002863,2024-02-27,2024-03-03,2024-03-08,Delivered,USPS,Southwest,65.33,388.84,38,False,False,10.0,False,5.0,2026-04-27T23:39:17.576413
TRK000001424,2024-02-27,2024-03-01,2024-03-04,Delivered,FEDEX,Northeast,97.4,586.89,38,False,False,6.0,False,3.0,2026-04-27T23:39:17.576413
TRK000001380,2024-02-27,2024-02-03,2024-02-03,In Transit,FEDEX,Southeast,159.94,723.2,31,False,False,-24.0,False,0.0,2026-04-27T23:39:17.576413
TRK000000750,2024-02-26,2024-03-03,,In Transit,DHL,Southwest,141.08,558.13,2,False,False,,False,,2026-04-27T23:39:17.576413
TRK000003499,2024-02-26,2024-02-28,2024-02-26,Delivered,FEDEX,West Coast,142.15,556.83,8,False,False,0.0,True,0.0,2026-04-27T23:39:17.576413
TRK000003560,2024-02-26,2024-03-04,2024-05-03,Delivered,USPS,Southeast,271.29,150.02,17,False,False,67.0,False,60.0,2026-04-27T23:39:17.576413
TRK000000333,2024-02-26,2024-02-27,2024-02-26,Cancelled,UPS,Midwest,412.41,736.65,37,False,False,0.0,False,0.0,2026-04-27T23:39:17.576413
API000436,2024-02-26,2024-03-02,2024-03-02,Delayed,DHL,Midwest,165.67,291.78,9,False,False,5.0,False,0.0,2026-04-27T23:39:17.576413
TRK000001451,2024-02-26,2024-03-03,,Delivered,USPS,Midwest,503.56,557.72,30,False,False,,False,,2026-04-27T23:39:17.576413
TRK000004299,2024-02-26,2024-03-01,2024-03-03,In Transit,UPS,Midwest,337.15,379.4,49,False,False,6.0,False,2.0,2026-04-27T23:39:17.576413
TRK000000108,2024-02-26,2024-02-28,2024-03-03,Cancelled,DHL,Midwest,150.68,244.29,37,False,False,6.0,False,4.0,2026-04-27T23:39:17.576413
TRK000000274,2024-02-25,2024-02-27,2024-02-28,In Transit,UPS,Midwest,541.72,530.58,1,False,False,3.0,False,1.0,2026-04-27T23:39:17.576413
TRK000004182,2024-02-25,2024-03-02,2024-03-04,Delivered,UPS,Midwest,529.07,572.86,13,False,False,8.0,False,2.0,2026-04-27T23:39:17.576413
TRK000002989,2024-02-25,2024-02-27,2024-02-29,In Transit,USPS,Midwest,428.12,291.19,39,False,False,4.0,False,2.0,2026-04-27T23:39:17.576413
API000156,2024-02-25,2024-02-26,2024-02-28,In Transit,FEDEX,Midwest,13.57,201.19,29,False,False,3.0,False,2.0,2026-04-27T23:39:17.576413
TRK000000372,2024-02-25,2024-03-03,2024-03-08,Delivered,FEDEX,Southeast,79.73,313.34,7,False,False,12.0,False,5.0,2026-04-27T23:39:17.576413
TRK000004177,2024-02-25,2024-03-02,,In Transit,XPO,Midwest,225.73,238.81,35,False,False,,False,,2026-04-27T23:39:17.576413
API000474,2024-02-24,2024-02-26,2024-03-03,Delayed,FEDEX,West Coast,182.7,165.62,26,False,False,8.0,False,6.0,2026-04-27T23:39:17.576413
TRK000000397,2024-02-24,2024-02-27,2024-02-28,Delivered,XPO,Midwest,404.95,165.55,17,False,False,4.0,False,1.0,2026-04-27T23:39:17.576413
TRK000002130,2024-02-24,2024-02-28,2024-02-29,Delivered,FEDEX,Midwest,151.11,480.15,46,False,False,5.0,False,1.0,2026-04-27T23:39:17.576413
TRK000000573,2024-02-24,2024-02-29,2024-02-29,In Transit,FEDEX,Midwest,510.7,803.27,42,False,False,5.0,False,0.0,2026-04-27T23:39:17.576413
TRK000000595,2024-02-24,2024-02-27,2024-02-27,Delivered,DHL,Midwest,411.97,281.57,32,False,False,3.0,True,0.0,2026-04-27T23:39:17.576413
API000336,2024-02-24,2024-02-27,2024-03-01,In Transit,FEDEX,West Coast,89.56,446.53,1,False,False,6.0,False,3.0,2026-04-27T23:39:17.576413
TRK000000360,2024-02-24,2024-02-26,2024-02-29,Cancelled,UPS,Midwest,155.63,166.66,4,False,False,5.0,False,3.0,2026-04-27T23:39:17.576413
TRK000000873,2024-02-24,2024-02-27,,Cancelled,USPS,Southwest,77.85,695.21,47,False,False,,False,,2026-04-27T23:39:17.576413
TRK000003016,2024-02-24,2024-03-02,2024-02-29,Delayed,USPS,Southwest,533.99,273.43,37,False,False,5.0,False,0.0,2026-04-27T23:39:17.576413
TRK000004796,2024-02-23,2024-02-29,2024-03-04,Delayed,UPS,Midwest,476.05,778.53,36,False,False,10.0,False,4.0,2026-04-27T23:39:17.576413
TRK000000517,2024-02-23,2024-02-24,2024-02-29,Delayed,FEDEX,Midwest,166.97,809.14,11,False,False,6.0,False,5.0,2026-04-27T23:39:17.576413
TRK000000980,2024-02-23,2024-02-24,2024-02-26,In Transit,UPS,Southeast,77.67,462.08,14,False,False,3.0,False,2.0,2026-04-27T23:39:17.576413
TRK000004271,2024-02-23,2024-02-28,,Cancelled,FEDEX,West Coast,338.63,707.36,8,False,False,,False,,2026-04-27T23:39:17.576413
TRK000002970,2024-02-23,2024-02-26,2024-02-24,In Transit,DHL,Northeast,256.22,541.29,38,False,False,1.0,False,0.0,2026-04-27T23:39:17.576413
TRK000002286,2024-02-23,2024-02-24,2024-02-28,Delayed,FEDEX,West Coast,95.39,311.27,40,False,False,5.0,False,4.0,2026-04-27T23:39:17.576413
TRK000002069,2024-02-22,2024-02-24,2024-02-28,In Transit,FEDEX,Midwest,459.64,281.78,27,False,False,6.0,False,4.0,2026-04-27T23:39:17.576413
TRK000001589,2024-02-22,2024-02-28,2024-02-26,In Transit,FEDEX,Southwest,59.79,385.85,45,False,False,4.0,False,0.0,2026-04-27T23:39:17.576413
TRK000003238,2024-02-22,2024-02-25,,In Transit,FEDEX,Northeast,492.22,267.37,25,False,False,,False,,2026-04-27T23:39:17.576413
TRK000001543,2024-02-22,2024-02-28,,Cancelled,FEDEX,Southwest,291.28,626.89,38,False,False,,False,,2026-04-27T23:39:17.576413
TRK000002416,2024-02-22,2024-02-23,2024-02-24,Cancelled,UPS,Southwest,79.85,313.75,24,False,False,2.0,False,1.0,2026-04-27T23:39:17.576413
TRK000000017,2024-02-22,2024-02-25,2024-03-01,Delivered,XPO,Midwest,590.09,586.89,26,False,False,8.0,False,5.0,2026-04-27T23:39:17.576413
TRK000002820,2024-02-22,2024-02-24,2024-02-24,Delivered,XPO,Southeast,139.96,78.46,29,False,False,2.0,True,0.0,2026-04-27T23:39:17.576413
TRK000004769,2024-02-22,2024-02-23,2024-02-24,Delivered,FEDEX,Southwest,96.76,478.11,45,False,False,2.0,False,1.0,2026-04-27T23:39:17.576413
TRK000004488,2024-02-21,2024-02-24,2024-02-27,Cancelled,FEDEX,Northeast,438.41,795.69,8,False,False,6.0,False,3.0,2026-04-27T23:39:17.576413
TRK000001318,2024-02-21,2024-02-26,,In Transit,UPS,Southeast,447.76,165.78,27,False,False,,False,,2026-04-27T23:39:17.576413
TRK000002289,2024-02-21,2024-02-24,2024-02-26,Delivered,UPS,Midwest,472.55,734.7,20,False,False,5.0,False,2.0,2026-04-27T23:39:17.576413
TRK000002732,2024-02-21,2024-02-25,2024-01-03,Delivered,DHL,Southwest,247.59,559.65,10,False,False,-49.0,True,0.0,2026-04-27T23:39:17.576413
TRK000004266,2024-02-21,2024-02-24,,Delivered,UPS,Southwest,319.91,490.55,21,False,False,,False,,2026-04-27T23:39:17.576413
TRK000003001,2024-02-21,2024-02-27,2024-01-03,Cancelled,XPO,Midwest,14.78,661.25,9,False,False,-49.0,False,0.0,2026-04-27T23:39:17.576413
TRK000003454,2024-02-21,2024-02-23,2024-02-23,Cancelled,XPO,Northeast,82.46,322.31,31,False,False,2.0,False,0.0,2026-04-27T23:39:17.576413
TRK000004846,2024-02-21,2024-02-26,2024-02-03,Delivered,FEDEX,Midwest,64.59,880.01,46,False,False,-18.0,True,0.0,2026-04-27T23:39:17.576413
TRK000004514,2024-02-20,2024-02-22,2024-02-27,Delivered,XPO,Midwest,138.45,390.73,46,False,False,7.0,False,5.0,2026-04-27T23:39:17.576413
TRK000004577,2024-02-20,2024-02-24,2024-02-24,Delivered,UPS,Midwest,378.09,157.01,4,False,False,4.0,True,0.0,2026-04-27T23:39:17.576413
TRK000000056,2024-02-20,2024-02-24,2024-02-29,In Transit,FEDEX,Midwest,104.32,363.28,16,False,False,9.0,False,5.0,2026-04-27T23:39:17.576413
TRK000001654,2024-02-20,2024-02-24,2024-02-27,Delayed,FEDEX,Southeast,212.01,114.47,4,False,False,7.0,False,3.0,2026-04-27T23:39:17.576413
API000162,2024-02-20,2024-02-21,2024-02-24,Delivered,DHL,West Coast,293.2,580.08,21,False,False,4.0,False,3.0,2026-04-27T23:39:17.576413
TRK000003629,2024-02-20,2024-02-25,,In Transit,DHL,Midwest,487.54,184.99,31,False,False,,False,,2026-04-27T23:39:17.576413
TRK000002829,2024-02-20,2024-02-24,2024-02-29,Delayed,DHL,Northeast,442.35,105.84,8,False,False,9.0,False,5.0,2026-04-27T23:39:17.576413
API000315,2024-02-20,2024-02-25,,Delayed,DHL,Midwest,41.27,569.19,20,False,False,,False,,2026-04-27T23:39:17.576413
TRK000004578,2024-02-20,2024-02-27,2024-02-25,Delayed,USPS,Northeast,309.98,451.2,36,False,False,5.0,False,0.0,2026-04-27T23:39:17.576413
TRK000000391,2024-02-20,2024-02-26,2024-02-28,Delivered,FEDEX,Southwest,407.97,58.53,26,False,False,8.0,False,2.0,2026-04-27T23:39:17.576413
TRK000003811,2024-02-20,2024-02-27,,Delayed,FEDEX,Midwest,517.11,889.99,42,False,False,,False,,2026-04-27T23:39:17.576413
TRK000002274,2024-02-20,2024-02-22,,Delivered,FEDEX,Northeast,96.46,213.13,9,False,False,,False,,2026-04-27T23:39:17.576413
TRK000003018,2024-02-19,2024-02-23,2024-02-25,In Transit,UPS,Southwest,144.53,176.56,39,False,False,6.0,False,2.0,2026-04-27T23:39:17.576413
TRK000003838,2024-02-19,2024-02-22,,Cancelled,FEDEX,Midwest,109.23,538.21,31,False,False,,False,,2026-04-27T23:39:17.576413
TRK000002258,2024-02-19,2024-02-22,2024-02-27,Cancelled,UPS,Midwest,382.51,61.84,27,False,False,8.0,False,5.0,2026-04-27T23:39:17.576413
TRK000002357,2024-02-18,2024-02-22,2024-02-20,Cancelled,DHL,Midwest,24.45,624.44,27,False,False,2.0,False,0.0,2026-04-27T23:39:17.576413
TRK000002345,2024-02-18,2024-02-23,2024-02-22,Cancelled,USPS,Midwest,38.41,284.55,41,False,False,4.0,False,0.0,2026-04-27T23:39:17.576413
TRK000001789,2024-02-18,2024-02-22,2024-02-23,Delayed,UPS,Midwest,71.64,692.92,6,False,False,5.0,False,1.0,2026-04-27T23:39:17.576413
TRK000002693,2024-02-18,2024-02-23,2024-02-22,In Transit,FEDEX,Midwest,90.05,274.94,49,False,False,4.0,False,0.0,2026-04-27T23:39:17.576413
TRK000004857,2024-02-18,2024-02-25,2024-02-28,In Transit,FEDEX,Midwest,131.83,417.81,8,False,False,10.0,False,3.0,2026-04-27T23:39:17.576413
API000328,2024-02-18,2024-02-20,,Delivered,DHL,Northeast,318.72,221.24,19,False,False,,False,,2026-04-27T23:39:17.576413
TRK000002957,2024-02-17,2024-02-24,2024-02-24,Cancelled,USPS,Southwest,331.98,546.63,23,False,False,7.0,False,0.0,2026-04-27T23:39:17.576413
TRK000000490,2024-02-17,2024-02-21,2024-02-26,Delayed,UPS,Southwest,220.06,434.35,28,False,False,9.0,False,5.0,2026-04-27T23:39:17.576413
TRK000004645,2024-02-17,2024-02-18,2024-02-18,Delayed,UPS,Northeast,462.3,667.75,18,False,False,1.0,False,0.0,2026-04-27T23:39:17.576413
API000448,2024-02-17,2024-02-22,2024-02-22,Delivered,UPS,West Coast,223.86,657.17,11,False,False,5.0,True,0.0,2026-04-27T23:39:17.576413
TRK000000037,2024-02-17,2024-02-19,2024-02-18,In Transit,FEDEX,West Coast,37.22,448.03,18,False,False,1.0,False,0.0,2026-04-27T23:39:17.576413
TRK000002434,2024-02-17,2024-02-24,2024-02-29,In Transit,DHL,Midwest,243.61,226.6,10,False,False,12.0,False,5.0,2026-04-27T23:39:17.576413
TRK000003867,2024-02-16,2024-02-21,,Delivered,FEDEX,Midwest,69.67,782.68,7,False,False,,False,,2026-04-27T23:39:17.576413
TRK000002897,2024-02-16,2024-02-23,2024-02-21,In Transit,USPS,Midwest,420.77,384.28,20,False,False,5.0,False,0.0,2026-04-27T23:39:17.576413
TRK000000197,2024-02-16,2024-02-21,,In Transit,UPS,West Coast,258.94,53.67,22,False,False,,False,,2026-04-27T23:39:17.576413
TRK000003737,2024-02-16,2024-02-20,2024-02-19,Delayed,UPS,Midwest,57.64,546.8,28,False,False,3.0,False,0.0,2026-04-27T23:39:17.576413
TRK000000662,2024-02-16,2024-02-17,2024-02-17,Delayed,FEDEX,Midwest,567.38,814.74,13,False,False,1.0,False,0.0,2026-04-27T23:39:17.576413
TRK000002105,2024-02-16,2024-02-17,2024-02-21,Cancelled,FEDEX,Northeast,38.43,53.56,45,False,False,5.0,False,4.0,2026-04-27T23:39:17.576413
TRK000004380,2024-02-16,2024-02-22,2024-02-22,Delivered,XPO,Southeast,399.66,326.64,47,False,False,6.0,True,0.0,2026-04-27T23:39:17.576413
TRK000000462,2024-02-16,2024-02-19,2024-02-21,Delivered,UPS,Southwest,589.62,422.32,48,False,False,5.0,False,2.0,2026-04-27T23:39:17.576413
TRK000003149,2024-02-16,2024-02-20,2024-02-22,In Transit,FEDEX,Midwest,108.12,411.23,28,False,False,6.0,False,2.0,2026-04-27T23:39:17.576413
TRK000001952,2024-02-16,2024-02-18,2024-02-20,Delivered,FEDEX,Southwest,220.81,803.54,17,False,False,4.0,False,2.0,2026-04-27T23:39:17.576413
TRK000002267,2024-02-16,2024-02-21,2024-02-21,Delayed,UPS,West Coast,377.78,386.71,36,False,False,5.0,False,0.0,2026-04-27T23:39:17.576413
TRK000001714,2024-02-16,2024-02-18,,Delivered,FEDEX,Southwest,348.16,818.89,49,False,False,,False,,2026-04-27T23:39:17.576413
API000493,2024-02-16,2024-02-20,,Delivered,UPS,Northeast,261.89,684.7,28,False,False,,False,,2026-04-27T23:39:17.576413
TRK000000680,2024-02-15,2024-02-17,,In Transit,XPO,Southwest,470.68,795.23,46,False,False,,False,,2026-04-27T23:39:17.576413
TRK000003015,2024-02-15,2024-02-18,,Delivered,FEDEX,Northeast,307.81,839.64,20,False,False,,False,,2026-04-27T23:39:17.576413
TRK000003020,2024-02-15,2024-02-19,2024-02-21,Cancelled,FEDEX,Northeast,593.73,104.5,8,False,False,6.0,False,2.0,2026-04-27T23:39:17.576413
API000391,2024-02-15,2024-02-18,2024-02-19,In Transit,DHL,West Coast,166.01,526.14,11,False,False,4.0,False,1.0,2026-04-27T23:39:17.576413
TRK000001656,2024-02-15,2024-02-19,2024-02-19,Delivered,FEDEX,West Coast,586.48,424.7,4,False,False,4.0,True,0.0,2026-04-27T23:39:17.576413
TRK000003393,2024-02-15,2024-02-20,2024-02-21,In Transit,FEDEX,Southwest,454.34,405.45,19,False,False,6.0,False,1.0,2026-04-27T23:39:17.576413
API000437,2024-02-15,2024-02-16,2024-02-19,Delivered,FEDEX,Midwest,385.98,646.05,26,False,False,4.0,False,3.0,2026-04-27T23:39:17.576413
TRK000002469,2024-02-14,2024-02-17,2024-02-16,Cancelled,UPS,Southeast,390.21,227.16,5,False,False,2.0,False,0.0,2026-04-27T23:39:17.576413
TRK000000324,2024-02-14,2024-02-16,2024-02-21,Delayed,XPO,Northeast,543.82,53.32,9,False,False,7.0,False,5.0,2026-04-27T23:39:17.576413
TRK000004575,2024-02-14,2024-02-17,2024-02-21,Delivered,FEDEX,Northeast,364.21,548.17,13,False,False,7.0,False,4.0,2026-04-27T23:39:17.576413
TRK000004089,2024-02-14,2024-02-18,2024-02-19,Delivered,FEDEX,Midwest,524.17,557.34,42,False,False,5.0,False,1.0,2026-04-27T23:39:17.576413
TRK000002523,2024-02-14,2024-02-17,2024-02-21,Delivered,USPS,West Coast,196.01,756.31,30,False,False,7.0,False,4.0,2026-04-27T23:39:17.576413
TRK000002700,2024-02-14,2024-02-16,,Cancelled,FEDEX,Midwest,536.56,409.63,12,False,False,,False,,2026-04-27T23:39:17.576413
TRK000000392,2024-02-13,2024-02-14,,Delivered,USPS,Midwest,362.5,226.99,23,False,False,,False,,2026-04-27T23:39:17.576413
TRK000003993,2024-02-13,2024-02-15,2024-02-18,Cancelled,DHL,Northeast,551.81,398.51,40,False,False,5.0,False,3.0,2026-04-27T23:39:17.576413
TRK000001620,2024-02-13,2024-02-16,2024-02-16,Delayed,FEDEX,Midwest,445.35,646.04,35,False,False,3.0,False,0.0,2026-04-27T23:39:17.576413
TRK000000602,2024-02-13,2024-02-15,2024-02-17,Cancelled,USPS,Northeast,11.83,54.29,21,False,False,4.0,False,2.0,2026-04-27T23:39:17.576413
TRK000003259,2024-02-13,2024-02-17,2024-02-21,In Transit,USPS,West Coast,46.95,91.71,40,False,False,8.0,False,4.0,2026-04-27T23:39:17.576413
TRK000001530,2024-02-13,2024-02-17,2024-02-17,Delivered,FEDEX,West Coast,527.76,12751.04,45,False,True,4.0,True,0.0,2026-04-27T23:39:17.576413
TRK000002075,2024-02-12,2024-12-06,2024-12-06,Delivered,XPO,Southwest,429.36,166.85,48,False,False,298.0,True,0.0,2026-04-27T23:39:17.576413
API000380,2024-02-12,2024-02-17,2024-02-17,Delayed,UPS,Midwest,254.79,147.43,10,False,False,5.0,False,0.0,2026-04-27T23:39:17.576413
TRK000000925,2024-02-12,2024-02-16,2024-02-15,Delayed,UPS,Midwest,46.52,410.57,9,False,False,3.0,False,0.0,2026-04-27T23:39:17.576413
TRK000001746,2024-02-12,2024-02-16,2024-02-15,Delayed,FEDEX,Midwest,534.37,625.38,31,False,False,3.0,False,0.0,2026-04-27T23:39:17.576413
TRK000003210,2024-02-12,2024-02-15,2024-02-17,In Transit,USPS,Southeast,73.36,726.16,38,False,False,5.0,False,2.0,2026-04-27T23:39:17.576413
TRK000000809,2024-02-11,2024-02-15,2024-02-17,Delivered,FEDEX,Midwest,145.81,798.48,50,False,False,6.0,False,2.0,2026-04-27T23:39:17.576413
TRK000004851,2024-02-11,2024-11-09,2024-11-13,Delayed,DHL,Northeast,23.11,310.02,8,False,False,276.0,False,4.0,2026-04-27T23:39:17.576413
TRK000000587,2024-02-11,2024-02-13,2024-02-16,Cancelled,FEDEX,West Coast,531.34,339.26,12,False,False,5.0,False,3.0,2026-04-27T23:39:17.576413
TRK000000293,2024-02-11,2024-02-15,2024-02-19,Delivered,FEDEX,Midwest,284.11,652.3,14,False,False,8.0,False,4.0,2026-04-27T23:39:17.576413
TRK000003103,2024-02-11,2024-02-13,2024-02-12,Delayed,XPO,Midwest,25.42,768.26,36,False,False,1.0,False,0.0,2026-04-27T23:39:17.576413
TRK000000004,2024-02-11,2024-02-18,2024-02-22,Cancelled,UPS,Midwest,537.23,349.59,23,False,False,11.0,False,4.0,2026-04-27T23:39:17.576413
TRK000001039,2024-02-11,2024-02-16,2024-02-20,Delivered,UPS,Southwest,336.87,9806.13,7,False,True,9.0,False,4.0,2026-04-27T23:39:17.576413
TRK000003282,2024-02-11,2024-02-12,2024-02-17,Delayed,USPS,Midwest,315.17,797.12,44,False,False,6.0,False,5.0,2026-04-27T23:39:17.576413
TRK000003386,2024-02-10,2024-02-14,2024-02-18,In Transit,UPS,Midwest,488.15,349.67,18,False,False,8.0,False,4.0,2026-04-27T23:39:17.576413
TRK000003472,2024-02-10,2024-02-14,2024-02-13,Cancelled,FEDEX,Southeast,120.96,151.34,26,False,False,3.0,False,0.0,2026-04-27T23:39:17.576413
API000186,2024-02-10,2024-02-11,2024-02-18,Delayed,UPS,West Coast,110.81,404.71,27,False,False,8.0,False,7.0,2026-04-27T23:39:17.576413
TRK000001695,2024-02-10,2024-02-11,2024-02-09,Cancelled,DHL,Midwest,244.2,106.69,7,False,False,-1.0,False,0.0,2026-04-27T23:39:17.576413
TRK000004795,2024-02-10,2024-10-03,,Delivered,FEDEX,Northeast,205.26,548.64,28,False,False,,False,,2026-04-27T23:39:17.576413
TRK000001428,2024-02-10,2024-02-17,2024-02-18,In Transit,UPS,Southeast,530.54,221.33,49,False,False,8.0,False,1.0,2026-04-27T23:39:17.576413
TRK000000655,2024-02-10,2024-02-15,2024-02-17,In Transit,DHL,Midwest,382.69,297.61,35,False,False,7.0,False,2.0,2026-04-27T23:39:17.576413
API000004,2024-02-10,2024-02-13,2024-02-13,Delayed,UPS,Midwest,138.05,396.68,20,False,False,3.0,False,0.0,2026-04-27T23:39:17.576413
TRK000001315,2024-02-10,2024-10-07,2024-10-05,In Transit,UPS,Southwest,568.14,743.02,23,False,False,238.0,False,0.0,2026-04-27T23:39:17.576413
TRK000004969,2024-02-09,2024-02-11,2024-02-15,Cancelled,UPS,West Coast,11.29,547.63,29,False,False,6.0,False,4.0,2026-04-27T23:39:17.576413
TRK000004661,2024-02-09,2024-11-02,2024-02-16,Delivered,FEDEX,Northeast,145.8,758.59,28,False,False,7.0,True,0.0,2026-04-27T23:39:17.576413
TRK000000381,2024-02-09,2024-02-13,2024-02-18,Cancelled,FEDEX,Southeast,397.05,561.65,39,False,False,9.0,False,5.0,2026-04-27T23:39:17.576413
TRK000004521,2024-02-09,2024-12-02,2024-02-16,Delayed,USPS,West Coast,210.66,450.26,3,False,False,7.0,False,0.0,2026-04-27T23:39:17.576413
TRK000001005,2024-02-09,2024-09-07,,Cancelled,FEDEX,Midwest,167.68,742.17,37,False,False,,False,,2026-04-27T23:39:17.576413
TRK000002867,2024-02-09,2024-02-16,2024-02-15,In Transit,USPS,West Coast,414.73,461.7,36,False,False,6.0,False,0.0,2026-04-27T23:39:17.576413
TRK000001469,2024-02-09,2024-02-15,2024-02-13,Cancelled,FEDEX,Southwest,85.94,543.41,8,False,False,4.0,False,0.0,2026-04-27T23:39:17.576413
TRK000003729,2024-02-08,2024-03-08,2024-08-08,In Transit,USPS,Midwest,68.01,801.91,32,False,False,182.0,False,153.0,2026-04-27T23:39:17.576413
TRK000000737,2024-02-08,2024-02-12,2024-02-14,In Transit,FEDEX,West Coast,356.93,773.52,33,False,False,6.0,False,2.0,2026-04-27T23:39:17.576413
TRK000001338,2024-02-08,2024-02-10,2024-02-08,Delayed,DHL,Southwest,332.68,164.26,27,False,False,0.0,False,0.0,2026-04-27T23:39:17.576413
TRK000000427,2024-02-08,2024-02-12,,Delayed,UPS,Southeast,497.37,889.17,19,False,False,,False,,2026-04-27T23:39:17.576413
TRK000004318,2024-02-08,2024-08-08,,Delayed,UPS,Midwest,339.46,392.0,30,False,False,,False,,2026-04-27T23:39:17.576413
API000483,2024-02-08,2024-02-13,2024-02-13,In Transit,DHL,Midwest,297.36,650.6,23,False,False,5.0,False,0.0,2026-04-27T23:39:17.576413
TRK000003558,2024-02-08,2024-02-14,2024-02-14,Delivered,XPO,Northeast,7.16,809.48,42,False,False,6.0,True,0.0,2026-04-27T23:39:17.576413
TRK000004828,2024-02-08,2024-08-04,2024-08-08,Delivered,FEDEX,Northeast,593.31,722.8,39,False,False,182.0,False,4.0,2026-04-27T23:39:17.576413
TRK000000837,2024-02-08,2024-08-09,2024-09-08,Delayed,UPS,Midwest,539.23,187.81,13,False,False,213.0,False,30.0,2026-04-27T23:39:17.576413
TRK000003916,2024-02-08,2024-08-06,2024-08-09,Delayed,FEDEX,West Coast,263.89,556.05,3,False,False,183.0,False,3.0,2026-04-27T23:39:17.576413
API000199,2024-02-07,2024-02-10,,In Transit,UPS,Midwest,142.58,193.59,20,False,False,,False,,2026-04-27T23:39:17.576413
TRK000004074,2024-02-07,2024-02-13,2024-02-18,Delivered,FEDEX,Southwest,254.49,757.65,43,False,False,11.0,False,5.0,2026-04-27T23:39:17.576413
TRK000003731,2024-02-07,2024-02-09,,Delayed,DHL,West Coast,303.63,580.74,47,False,False,,False,,2026-04-27T23:39:17.576413
TRK000003104,2024-02-07,2024-02-08,2024-02-11,Delayed,FEDEX,Southwest,187.17,768.47,42,False,False,4.0,False,3.0,2026-04-27T23:39:17.576413
TRK000001813,2024-02-07,2024-02-13,,Delivered,DHL,West Coast,198.24,670.41,35,False,False,,False,,2026-04-27T23:39:17.576413
TRK000001978,2024-02-07,2024-07-03,2024-07-06,Cancelled,FEDEX,Midwest,287.81,312.27,36,False,False,150.0,False,3.0,2026-04-27T23:39:17.576413
TRK000001257,2024-02-07,2024-02-13,2024-02-13,Delivered,FEDEX,West Coast,288.04,312.03,19,False,False,6.0,True,0.0,2026-04-27T23:39:17.576413
TRK000000537,2024-02-06,2024-08-02,,Delayed,UPS,Southeast,410.11,106.3,39,False,False,,False,,2026-04-27T23:39:17.576413
TRK000003012,2024-02-06,2024-02-07,2024-02-07,Cancelled,DHL,West Coast,317.52,887.51,7,False,False,1.0,False,0.0,2026-04-27T23:39:17.576413
TRK000004878,2024-02-06,2024-02-10,2024-11-02,In Transit,UPS,Northeast,65.28,586.18,34,False,False,270.0,False,266.0,2026-04-27T23:39:17.576413
TRK000004555,2024-02-06,2024-02-11,2024-02-10,Cancelled,UPS,Southeast,118.57,738.49,39,False,False,4.0,False,0.0,2026-04-27T23:39:17.576413
TRK000001265,2024-02-05,2024-08-02,2024-02-10,Delayed,USPS,West Coast,175.62,734.04,41,False,False,5.0,False,0.0,2026-04-27T23:39:17.576413
TRK000001563,2024-02-05,2024-02-08,,Cancelled,USPS,Midwest,495.48,658.22,49,False,False,,False,,2026-04-27T23:39:17.576413
API000258,2024-02-05,2024-02-09,,Delivered,FEDEX,Midwest,336.45,613.64,26,False,False,,False,,2026-04-27T23:39:17.576413
TRK000003237,2024-02-05,2024-07-05,2024-05-05,Delivered,FEDEX,West Coast,28.03,382.68,24,False,False,90.0,True,0.0,2026-04-27T23:39:17.576413
TRK000003169,2024-02-05,2024-07-02,,Delivered,UPS,West Coast,479.4,851.49,48,False,False,,False,,2026-04-27T23:39:17.576413
TRK000001668,2024-02-05,2024-02-10,2024-02-08,Delivered,DHL,Midwest,207.9,496.56,6,False,False,3.0,True,0.0,2026-04-27T23:39:17.576413
TRK000002747,2024-02-05,2024-02-10,2024-02-15,Delivered,USPS,West Coast,568.24,738.51,49,False,False,10.0,False,5.0,2026-04-27T23:39:17.576413
TRK000004797,2024-02-05,2024-02-09,2024-02-12,Delivered,FEDEX,Southeast,101.96,571.37,14,False,False,7.0,False,3.0,2026-04-27T23:39:17.576413
TRK000003836,2024-02-04,2024-08-02,2024-09-02,Cancelled,UPS,Southeast,425.24,206.46,36,False,False,211.0,False,31.0,2026-04-27T23:39:17.576413
TRK000001374,2024-02-04,2024-02-09,2024-02-12,Delayed,XPO,Southeast,14.81,361.28,39,False,False,8.0,False,3.0,2026-04-27T23:39:17.576413
TRK000000796,2024-02-04,2024-11-02,2024-02-15,Delivered,FEDEX,West Coast,281.41,699.57,3,False,False,11.0,True,0.0,2026-04-27T23:39:17.576413
TRK000001507,2024-02-04,2024-02-06,,Delayed,XPO,Midwest,259.72,829.43,44,False,False,,False,,2026-04-27T23:39:17.576413
TRK000004503,2024-02-04,2024-02-07,2024-07-02,Delivered,FEDEX,Northeast,129.66,854.41,29,False,False,149.0,False,146.0,2026-04-27T23:39:17.576413
TRK000001636,2024-02-04,2024-02-08,2024-12-02,In Transit,FEDEX,West Coast,550.91,60.08,18,False,False,302.0,False,298.0,2026-04-27T23:39:17.576413
TRK000002531,2024-02-04,2024-04-03,2024-04-06,Delivered,XPO,Midwest,202.97,377.87,33,False,False,62.0,False,3.0,2026-04-27T23:39:17.576413
TRK000004019,2024-02-04,2024-02-05,2024-02-08,Delivered,FEDEX,Southwest,351.6,627.69,14,False,False,4.0,False,3.0,2026-04-27T23:39:17.576413
TRK000003279,2024-02-04,2024-04-04,,Cancelled,UPS,Midwest,381.4,600.77,14,False,False,,False,,2026-04-27T23:39:17.576413
TRK000003621,2024-02-04,2024-04-03,2024-02-04,Delayed,UPS,Midwest,511.98,459.37,41,False,False,0.0,False,0.0,2026-04-27T23:39:17.576413
TRK000004188,2024-02-04,2024-04-09,2024-10-04,Cancelled,UPS,Midwest,330.51,893.04,38,False,False,243.0,False,178.0,2026-04-27T23:39:17.576413
TRK000001064,2024-02-04,2024-04-09,2024-04-11,Delivered,FEDEX,Northeast,456.56,649.94,2,False,False,67.0,False,2.0,2026-04-27T23:39:17.576413
TRK000002124,2024-02-03,2024-02-04,2024-02-08,Delayed,FEDEX,Midwest,265.56,809.81,12,False,False,5.0,False,4.0,2026-04-27T23:39:17.576413
TRK000004048,2024-02-03,2024-04-03,2024-03-06,Delivered,UPS,Southeast,13.61,678.56,33,False,False,32.0,True,0.0,2026-04-27T23:39:17.576413
TRK000004072,2024-02-03,2024-02-05,,Delivered,UPS,Southwest,585.89,141.7,48,False,False,,False,,2026-04-27T23:39:17.576413
TRK000004391,2024-02-03,2024-02-06,2024-02-07,Delivered,FEDEX,Midwest,275.79,466.43,19,False,False,4.0,False,1.0,2026-04-27T23:39:17.576413
TRK000001973,2024-02-03,2024-02-09,2024-02-13,Delayed,FEDEX,Midwest,361.19,302.01,40,False,False,10.0,False,4.0,2026-04-27T23:39:17.576413
TRK000003207,2024-02-03,2024-02-08,2024-06-02,Cancelled,FEDEX,Midwest,344.25,304.0,32,False,False,120.0,False,115.0,2026-04-27T23:39:17.576413
TRK000004226,2024-02-03,2024-02-07,2024-02-06,Delayed,XPO,Southeast,148.06,520.16,17,False,False,3.0,False,0.0,2026-04-27T23:39:17.576413
API000070,2024-02-03,2024-02-07,2024-02-07,Delivered,FEDEX,Northeast,295.77,218.39,23,False,False,4.0,True,0.0,2026-04-27T23:39:17.576413
TRK000002604,2024-02-03,2024-02-09,2024-02-07,In Transit,USPS,West Coast,581.76,862.92,46,False,False,4.0,False,0.0,2026-04-27T23:39:17.576413
TRK000003061,2024-02-02,2024-02-04,2024-09-02,Delivered,FEDEX,Midwest,172.83,507.46,16,False,False,213.0,False,211.0,2026-04-27T23:39:17.576413
TRK000002348,2024-02-02,2024-03-02,,Cancelled,UPS,Northeast,162.77,381.7,26,False,False,,False,,2026-04-27T23:39:17.576413
API000146,2024-02-02,2024-02-03,2024-02-06,Delayed,FEDEX,Northeast,249.8,301.21,12,False,False,4.0,False,3.0,2026-04-27T23:39:17.576413
TRK000004447,2024-02-02,2024-02-04,,Cancelled,FEDEX,Midwest,89.19,129.83,38,False,False,,False,,2026-04-27T23:39:17.576413
TRK000003217,2024-02-02,2024-06-02,2024-02-10,Delivered,XPO,Midwest,2.59,416.8,41,False,False,8.0,True,0.0,2026-04-27T23:39:17.576413
API000099,2024-02-02,2024-02-05,,Delayed,UPS,Midwest,87.5,540.42,30,False,False,,False,,2026-04-27T23:39:17.576413
TRK000000207,2024-02-02,2024-02-06,2024-02-06,Delivered,FEDEX,Southeast,128.29,303.14,43,False,False,4.0,True,0.0,2026-04-27T23:39:17.576413
TRK000004147,2024-02-02,2024-02-07,2024-02-11,Delivered,DHL,Southwest,485.5,810.15,31,False,False,9.0,False,4.0,2026-04-27T23:39:17.576413
TRK000001951,2024-02-02,2024-02-07,2024-02-09,Delivered,UPS,Southeast,98.06,496.76,41,False,False,7.0,False,2.0,2026-04-27T23:39:17.576413
TRK000004572,2024-02-02,2024-03-02,2024-02-04,Delivered,FEDEX,Midwest,112.26,798.94,16,False,False,2.0,True,0.0,2026-04-27T23:39:17.576413
API000408,2024-02-02,2024-02-03,2024-02-05,Delayed,FEDEX,Midwest,385.06,205.45,30,False,False,3.0,False,2.0,2026-04-27T23:39:17.576413
TRK000001306,2024-02-02,2024-02-09,2024-02-08,Cancelled,FEDEX,Southeast,599.68,343.5,7,False,False,6.0,False,0.0,2026-04-27T23:39:17.576413
TRK000000588,2024-02-02,2024-02-07,2024-02-06,In Transit,FEDEX,Midwest,375.75,174.2,15,False,False,4.0,False,0.0,2026-04-27T23:39:17.576413
API000028,2024-02-01,2024-02-04,2024-02-09,In Transit,DHL,West Coast,305.6,662.41,22,False,False,8.0,False,5.0,2026-04-27T23:39:17.576413
TRK000002872,2024-02-01,2024-02-08,2024-02-11,Cancelled,FEDEX,Southwest,172.78,811.83,43,False,False,10.0,False,3.0,2026-04-27T23:39:17.576413
TRK000000580,2024-02-01,2024-02-07,,Delayed,DHL,Southeast,287.17,829.69,25,False,False,,False,,2026-04-27T23:39:17.576413
TRK000003829,2024-02-01,2024-01-06,2024-01-10,Delayed,UPS,Midwest,263.66,345.42,17,False,False,-22.0,False,4.0,2026-04-27T23:39:17.576413
TRK000002992,2024-02-01,2024-02-03,2024-02-08,Delivered,UPS,Midwest,562.74,700.87,12,False,False,7.0,False,5.0,2026-04-27T23:39:17.576413
TRK000004443,2024-02-01,2024-02-02,2024-02-05,Cancelled,XPO,West Coast,82.6,62.66,17,False,False,4.0,False,3.0,2026-04-27T23:39:17.576413
TRK000004814,2024-02-01,2024-01-03,2024-01-06,In Transit,UPS,Southeast,23.38,100.08,47,False,False,-26.0,False,3.0,2026-04-27T23:39:17.576413
TRK000002028,2024-01-31,2024-04-02,2024-02-09,Delivered,UPS,Southeast,475.41,694.0,32,False,False,9.0,True,0.0,2026-04-27T23:39:17.576413
TRK000000743,2024-01-31,2024-02-07,2024-05-02,Delayed,USPS,Midwest,403.38,442.02,45,False,False,92.0,False,85.0,2026-04-27T23:39:17.576413
TRK000004375,2024-01-31,2024-02-07,2024-02-11,Delayed,UPS,Midwest,165.27,889.95,29,False,False,11.0,False,4.0,2026-04-27T23:39:17.576413
TRK000000707,2024-01-31,2024-02-01,2024-02-01,Delayed,FEDEX,Northeast,168.32,346.2,25,False,False,1.0,False,0.0,2026-04-27T23:39:17.576413
API000467,2024-01-30,2024-01-31,2024-02-02,Delayed,DHL,Northeast,55.18,248.44,10,False,False,3.0,False,2.0,2026-04-27T23:39:17.576413
TRK000001693,2024-01-30,2024-02-06,2024-02-06,Delivered,FEDEX,Midwest,414.08,759.6,15,False,False,7.0,True,0.0,2026-04-27T23:39:17.576413
TRK000000725,2024-01-30,2024-01-31,2024-01-31,In Transit,FEDEX,Northeast,452.2,768.98,2,False,False,1.0,False,0.0,2026-04-27T23:39:17.576413
TRK000002753,2024-01-30,2024-02-01,2024-01-30,Delivered,FEDEX,Midwest,286.21,482.41,24,False,False,0.0,True,0.0,2026-04-27T23:39:17.576413
API000177,2024-01-30,2024-02-03,,Delayed,DHL,Midwest,24.42,550.14,10,False,False,,False,,2026-04-27T23:39:17.576413
TRK000002936,2024-01-30,2024-02-05,2024-02-08,Delivered,UPS,Southeast,203.06,624.41,48,False,False,9.0,False,3.0,2026-04-27T23:39:17.576413
TRK000003831,2024-01-30,2024-02-05,2024-05-02,Delayed,DHL,Midwest,414.54,270.63,42,False,False,93.0,False,87.0,2026-04-27T23:39:17.576413
TRK000001418,2024-01-30,2024-02-02,2024-01-31,Cancelled,UPS,Southwest,139.23,250.69,4,False,False,1.0,False,0.0,2026-04-27T23:39:17.576413
TRK000001725,2024-01-30,2024-01-02,2024-02-04,In Transit,UPS,Southeast,57.32,211.53,12,False,False,5.0,False,33.0,2026-04-27T23:39:17.576413
TRK000002163,2024-01-30,2024-01-02,2024-01-31,Delivered,FEDEX,Midwest,453.77,398.42,22,False,False,1.0,False,29.0,2026-04-27T23:39:17.576413
TRK000000300,2024-01-30,2024-02-02,,Delayed,UPS,Northeast,113.7,588.04,21,False,False,,False,,2026-04-27T23:39:17.576413
TRK000004513,2024-01-29,2024-01-30,2024-01-30,Delayed,USPS,West Coast,525.86,177.61,2,False,False,1.0,False,0.0,2026-04-27T23:39:17.576413
TRK000001993,2024-01-29,2024-02-01,2024-05-02,Delivered,DHL,Midwest,341.32,563.89,46,False,False,94.0,False,91.0,2026-04-27T23:39:17.576413
TRK000000975,2024-01-29,2024-02-02,,Delivered,UPS,West Coast,452.93,224.87,22,False,False,,False,,2026-04-27T23:39:17.576413
TRK000000439,2024-01-29,2024-05-02,2024-02-10,Cancelled,FEDEX,Midwest,397.2,580.63,39,False,False,12.0,False,0.0,2026-04-27T23:39:17.576413
TRK000004286,2024-01-29,2024-02-05,,In Transit,UPS,West Coast,138.24,95.05,36,False,False,,False,,2026-04-27T23:39:17.576413
TRK000003584,2024-01-29,2024-01-31,2024-02-01,In Transit,FEDEX,West Coast,94.41,660.86,6,False,False,3.0,False,1.0,2026-04-27T23:39:17.576413
TRK000003594,2024-01-28,2024-01-29,,In Transit,FEDEX,Midwest,406.25,436.07,10,False,False,,False,,2026-04-27T23:39:17.576413
TRK000000101,2024-01-28,2024-02-04,,Delivered,XPO,Midwest,238.59,456.95,7,False,False,,False,,2026-04-27T23:39:17.576413
TRK000001842,2024-01-28,2024-01-30,2024-01-29,In Transit,DHL,Southwest,188.67,881.54,34,False,False,1.0,False,0.0,2026-04-27T23:39:17.576413
API000430,2024-01-28,2024-02-01,,Delivered,FEDEX,Midwest,194.65,446.49,23,False,False,,False,,2026-04-27T23:39:17.576413
TRK000002439,2024-01-28,2024-02-02,,In Transit,FEDEX,Northeast,131.78,566.27,13,False,False,,False,,2026-04-27T23:39:17.576413
TRK000004746,2024-01-27,2024-02-03,,In Transit,XPO,West Coast,389.32,69.17,27,False,False,,False,,2026-04-27T23:39:17.576413
TRK000001067,2024-01-27,2024-02-02,2024-02-05,In Transit,UPS,Southwest,192.27,668.01,37,False,False,9.0,False,3.0,2026-04-27T23:39:17.576413
API000253,2024-01-27,2024-01-30,2024-02-02,In Transit,UPS,West Coast,288.76,343.07,22,False,False,6.0,False,3.0,2026-04-27T23:39:17.576413
TRK000000167,2024-01-27,2024-01-29,2024-01-30,Delivered,XPO,Midwest,275.72,825.42,13,False,False,3.0,False,1.0,2026-04-27T23:39:17.576413
TRK000003805,2024-01-27,2024-01-30,2024-02-04,Delivered,FEDEX,Midwest,447.47,362.22,38,False,False,8.0,False,5.0,2026-04-27T23:39:17.576413
TRK000003757,2024-01-27,2024-01-29,2024-01-27,Delivered,FEDEX,Southwest,529.79,521.82,38,False,False,0.0,True,0.0,2026-04-27T23:39:17.576413
TRK000000273,2024-01-27,2024-01-30,2024-02-04,Cancelled,FEDEX,Midwest,146.58,315.11,18,False,False,8.0,False,5.0,2026-04-27T23:39:17.576413
TRK000002009,2024-01-27,2024-01-02,2024-02-01,Delayed,FEDEX,West Coast,157.74,307.34,22,False,False,5.0,False,30.0,2026-04-27T23:39:17.576413
TRK000004623,2024-01-27,2024-01-28,2024-02-01,Delayed,FEDEX,Southeast,286.61,858.74,7,False,False,5.0,False,4.0,2026-04-27T23:39:17.576413
TRK000001256,2024-01-27,2024-01-29,2024-02-02,Delivered,UPS,Northeast,539.68,657.74,21,False,False,6.0,False,4.0,2026-04-27T23:39:17.576413
TRK000000777,2024-01-27,2024-01-30,2024-01-28,Delivered,XPO,Midwest,388.68,216.46,42,False,False,1.0,True,0.0,2026-04-27T23:39:17.576413
TRK000001145,2024-01-26,2024-01-27,,Delayed,USPS,Midwest,69.76,569.3,47,False,False,,False,,2026-04-27T23:39:17.576413
TRK000001117,2024-01-26,2024-01-27,2024-02-01,Delayed,DHL,Northeast,512.33,822.81,42,False,False,6.0,False,5.0,2026-04-27T23:39:17.576413
TRK000004629,2024-01-26,2024-01-29,2024-02-02,Cancelled,FEDEX,Midwest,25.81,837.56,18,False,False,7.0,False,4.0,2026-04-27T23:39:17.576413
API000450,2024-01-26,2024-01-30,,Delayed,FEDEX,Midwest,366.92,495.75,28,False,False,,False,,2026-04-27T23:39:17.576413
TRK000000388,2024-01-26,2024-02-02,,Delayed,UPS,West Coast,299.31,778.18,46,False,False,,False,,2026-04-27T23:39:17.576413
TRK000000286,2024-01-26,2024-01-28,2024-01-27,In Transit,FEDEX,Midwest,134.33,867.39,4,False,False,1.0,False,0.0,2026-04-27T23:39:17.576413
TRK000004451,2024-01-25,2024-01-02,2024-02-03,Delivered,UPS,Northeast,103.48,167.01,50,False,False,9.0,False,32.0,2026-04-27T23:39:17.576413
TRK000001562,2024-01-25,2024-01-31,2024-02-04,Delivered,DHL,Midwest,157.31,650.2,23,False,False,10.0,False,4.0,2026-04-27T23:39:17.576413
TRK000000477,2024-01-25,2024-01-26,2024-01-24,In Transit,FEDEX,West Coast,71.61,415.55,4,False,False,-1.0,False,0.0,2026-04-27T23:39:17.576413
TRK000002093,2024-01-25,2024-01-31,2024-01-29,Delivered,USPS,Northeast,427.13,368.46,25,False,False,4.0,True,0.0,2026-04-27T23:39:17.576413
TRK000002413,2024-01-24,2024-01-30,2024-01-29,Delivered,USPS,Midwest,231.03,866.01,5,False,False,5.0,True,0.0,2026-04-27T23:39:17.576413
TRK000003566,2024-01-24,2024-01-31,,Delayed,UPS,Midwest,213.73,514.0,35,False,False,,False,,2026-04-27T23:39:17.576413
API000251,2024-01-24,2024-01-25,2024-02-01,In Transit,FEDEX,Midwest,160.93,398.95,24,False,False,8.0,False,7.0,2026-04-27T23:39:17.576413
TRK000001429,2024-01-24,2024-01-26,2024-01-27,Cancelled,FEDEX,Midwest,169.73,101.47,20,False,False,3.0,False,1.0,2026-04-27T23:39:17.576413
API000453,2024-01-24,2024-01-25,2024-01-30,In Transit,UPS,West Coast,228.23,497.68,20,False,False,6.0,False,5.0,2026-04-27T23:39:17.576413
TRK000000621,2024-01-23,2024-01-27,2024-01-31,In Transit,FEDEX,Midwest,444.64,601.48,9,False,False,8.0,False,4.0,2026-04-27T23:39:17.576413
TRK000000276,2024-01-23,2024-01-27,2024-01-29,Delivered,USPS,Midwest,9.09,399.97,45,False,False,6.0,False,2.0,2026-04-27T23:39:17.576413
TRK000001754,2024-01-22,2024-01-26,2024-01-24,Delivered,UPS,West Coast,46.15,425.38,49,False,False,2.0,True,0.0,2026-04-27T23:39:17.576413
TRK000002440,2024-01-22,2024-01-28,2024-02-02,Delayed,UPS,Southeast,362.64,853.76,14,False,False,11.0,False,5.0,2026-04-27T23:39:17.576413
TRK000001328,2024-01-22,2024-01-28,,Cancelled,FEDEX,Southeast,262.48,646.14,4,False,False,,False,,2026-04-27T23:39:17.576413
TRK000004729,2024-01-22,2024-01-23,2024-01-26,Delayed,XPO,Southeast,3.84,242.56,48,False,False,4.0,False,3.0,2026-04-27T23:39:17.576413
TRK000002710,2024-01-22,2024-01-24,,In Transit,USPS,West Coast,528.96,355.42,49,False,False,,False,,2026-04-27T23:39:17.576413
TRK000002103,2024-01-22,2024-01-26,2024-01-27,Cancelled,XPO,Midwest,386.32,396.03,20,False,False,5.0,False,1.0,2026-04-27T23:39:17.576413
TRK000004277,2024-01-22,2024-01-27,2024-01-30,Delivered,XPO,Midwest,356.69,73.0,10,False,False,8.0,False,3.0,2026-04-27T23:39:17.576413
TRK000000200,2024-01-22,2024-01-26,2024-01-28,Delivered,FEDEX,Midwest,165.81,692.76,4,False,False,6.0,False,2.0,2026-04-27T23:39:17.576413
TRK000000842,2024-01-22,2024-01-23,2024-01-23,Delivered,FEDEX,Southeast,285.04,522.79,3,False,False,1.0,True,0.0,2026-04-27T23:39:17.576413
TRK000001761,2024-01-22,2024-01-26,2024-01-28,In Transit,XPO,Midwest,290.55,310.02,25,False,False,6.0,False,2.0,2026-04-27T23:39:17.576413
TRK000003985,2024-01-21,2024-01-22,,In Transit,FEDEX,Southwest,447.79,856.15,50,False,False,,False,,2026-04-27T23:39:17.576413
TRK000002142,2024-01-21,2024-01-25,2024-01-24,Delivered,DHL,Midwest,550.27,756.46,38,False,False,3.0,True,0.0,2026-04-27T23:39:17.576413
TRK000001396,2024-01-21,2024-01-22,2024-01-20,In Transit,FEDEX,West Coast,546.71,529.93,7,False,False,-1.0,False,0.0,2026-04-27T23:39:17.576413
TRK000000642,2024-01-21,2024-01-24,2024-01-23,In Transit,FEDEX,West Coast,148.8,120.69,37,False,False,2.0,False,0.0,2026-04-27T23:39:17.576413
API000305,2024-01-21,2024-01-22,2024-01-27,Delayed,DHL,West Coast,314.58,447.47,1,False,False,6.0,False,5.0,2026-04-27T23:39:17.576413
TRK000000327,2024-01-21,2024-01-27,2024-01-28,Delayed,UPS,Midwest,57.73,545.96,38,False,False,7.0,False,1.0,2026-04-27T23:39:17.576413
TRK000003777,2024-01-21,2024-01-28,2024-02-02,Delayed,XPO,Midwest,163.3,14261.37,29,False,True,12.0,False,5.0,2026-04-27T23:39:17.576413
TRK000002908,2024-01-20,2024-01-26,,Delivered,DHL,Midwest,375.01,657.14,41,False,False,,False,,2026-04-27T23:39:17.576413
TRK000002773,2024-01-20,2024-01-22,2024-01-22,Cancelled,UPS,Northeast,283.45,353.51,12,False,False,2.0,False,0.0,2026-04-27T23:39:17.576413
TRK000004789,2024-01-20,2024-01-24,2024-01-27,Delayed,XPO,Southwest,216.04,223.83,41,False,False,7.0,False,3.0,2026-04-27T23:39:17.576413
TRK000003550,2024-01-20,2024-01-22,,In Transit,DHL,Southeast,82.71,547.33,47,False,False,,False,,2026-04-27T23:39:17.576413
TRK000000403,2024-01-20,2024-01-25,,Delayed,DHL,Midwest,96.31,566.05,50,False,False,,False,,2026-04-27T23:39:17.576413
TRK000003966,2024-01-20,2024-01-23,,Cancelled,USPS,Midwest,38.59,181.63,19,False,False,,False,,2026-04-27T23:39:17.576413
API000299,2024-01-20,2024-01-22,2024-01-25,In Transit,FEDEX,Midwest,185.81,443.43,2,False,False,5.0,False,3.0,2026-04-27T23:39:17.576413
TRK000003407,2024-01-20,2024-01-22,,Cancelled,FEDEX,Midwest,130.76,874.87,44,False,False,,False,,2026-04-27T23:39:17.576413
TRK000001235,2024-01-20,2024-01-21,2024-01-22,Delivered,UPS,Southeast,11.38,658.31,5,False,False,2.0,False,1.0,2026-04-27T23:39:17.576413
TRK000000184,2024-01-20,2024-01-24,2024-01-25,Delivered,FEDEX,Midwest,46.95,409.99,31,False,False,5.0,False,1.0,2026-04-27T23:39:17.576413
TRK000001360,2024-01-19,2024-01-21,2024-01-25,Cancelled,USPS,Northeast,370.57,891.81,29,False,False,6.0,False,4.0,2026-04-27T23:39:17.576413
TRK000003791,2024-01-19,2024-01-26,2024-01-25,Delivered,DHL,Northeast,291.6,609.52,19,False,False,6.0,True,0.0,2026-04-27T23:39:17.576413
TRK000001245,2024-01-19,2024-01-26,2024-01-30,In Transit,UPS,Midwest,389.96,869.36,26,False,False,11.0,False,4.0,2026-04-27T23:39:17.576413
TRK000000323,2024-01-19,2024-01-24,2024-01-22,Delivered,UPS,Midwest,129.91,542.62,9,False,False,3.0,True,0.0,2026-04-27T23:39:17.576413
TRK000004604,2024-01-19,2024-01-21,2024-01-21,In Transit,XPO,Southwest,591.59,141.81,4,False,False,2.0,False,0.0,2026-04-27T23:39:17.576413
TRK000003957,2024-01-19,2024-01-23,2024-01-28,In Transit,FEDEX,Midwest,411.69,371.8,47,False,False,9.0,False,5.0,2026-04-27T23:39:17.576413
TRK000000770,2024-01-19,2024-01-23,2024-01-25,Delivered,USPS,West Coast,429.75,578.63,48,False,False,6.0,False,2.0,2026-04-27T23:39:17.576413
API000230,2024-01-19,2024-01-24,2024-01-27,Delivered,FEDEX,Midwest,241.22,550.28,18,False,False,8.0,False,3.0,2026-04-27T23:39:17.576413
TRK000003413,2024-01-18,2024-01-25,2024-01-25,Cancelled,FEDEX,Southeast,246.8,877.91,28,False,False,7.0,False,0.0,2026-04-27T23:39:17.576413
TRK000000084,2024-01-18,2024-01-20,,In Transit,FEDEX,Southwest,407.67,633.89,8,False,False,,False,,2026-04-27T23:39:17.576413
TRK000002533,2024-01-18,2024-01-25,2024-01-28,Delivered,FEDEX,Northeast,464.04,606.41,6,False,False,10.0,False,3.0,2026-04-27T23:39:17.576413
TRK000002428,2024-01-18,2024-01-24,2024-01-24,In Transit,XPO,Midwest,170.6,530.95,37,False,False,6.0,False,0.0,2026-04-27T23:39:17.576413
TRK000002110,2024-01-18,2024-01-19,2024-01-23,Delivered,UPS,Southwest,530.87,324.73,6,False,False,5.0,False,4.0,2026-04-27T23:39:17.576413
API000089,2024-01-18,2024-01-20,2024-01-23,Delivered,DHL,West Coast,335.54,641.45,17,False,False,5.0,False,3.0,2026-04-27T23:39:17.576413
TRK000003913,2024-01-18,2024-01-24,2024-01-29,In Transit,UPS,Northeast,485.62,192.16,28,False,False,11.0,False,5.0,2026-04-27T23:39:17.576413
TRK000000685,2024-01-17,2024-01-21,2024-01-21,Cancelled,USPS,Southwest,323.78,364.89,6,False,False,4.0,False,0.0,2026-04-27T23:39:17.576413
API000150,2024-01-17,2024-01-19,2024-01-24,Delivered,UPS,Northeast,327.34,495.82,15,False,False,7.0,False,5.0,2026-04-27T23:39:17.576413
TRK000002460,2024-01-17,2024-01-19,2024-01-18,Delayed,FEDEX,Southwest,480.2,584.07,40,False,False,1.0,False,0.0,2026-04-27T23:39:17.576413
TRK000000405,2024-01-17,2024-01-20,2024-01-25,Cancelled,FEDEX,Midwest,393.51,133.68,46,False,False,8.0,False,5.0,2026-04-27T23:39:17.576413
TRK000004616,2024-01-17,2024-01-20,2024-01-23,Delivered,FEDEX,Northeast,472.66,463.09,34,False,False,6.0,False,3.0,2026-04-27T23:39:17.576413
TRK000001679,2024-01-17,2024-01-19,2024-01-18,In Transit,FEDEX,Northeast,410.31,803.61,8,False,False,1.0,False,0.0,2026-04-27T23:39:17.576413
TRK000003730,2024-01-16,2024-01-20,2024-01-22,Delayed,UPS,West Coast,93.29,233.72,22,False,False,6.0,False,2.0,2026-04-27T23:39:17.576413
TRK000003539,2024-01-16,2024-01-21,2024-01-22,Delivered,DHL,Midwest,131.48,340.48,41,False,False,6.0,False,1.0,2026-04-27T23:39:17.576413
TRK000002549,2024-01-16,2024-01-20,2024-01-22,Delivered,UPS,Southwest,568.42,484.36,50,False,False,6.0,False,2.0,2026-04-27T23:39:17.576413
TRK000003592,2024-01-16,2024-01-19,2024-01-18,Delivered,FEDEX,Midwest,561.86,414.95,20,False,False,2.0,True,0.0,2026-04-27T23:39:17.576413
API000274,2024-01-16,2024-01-21,,Delayed,UPS,Midwest,102.01,248.08,14,False,False,,False,,2026-04-27T23:39:17.576413
API000041,2024-01-16,2024-01-20,2024-01-17,Delivered,FEDEX,West Coast,375.25,392.76,14,False,False,1.0,True,0.0,2026-04-27T23:39:17.576413
TRK000000070,2024-01-16,2024-01-20,2024-01-24,Delayed,DHL,Southwest,1.12,752.23,3,False,False,8.0,False,4.0,2026-04-27T23:39:17.576413
TRK000003157,2024-01-15,2024-01-20,2024-01-22,Delivered,UPS,Northeast,48.37,384.07,22,False,False,7.0,False,2.0,2026-04-27T23:39:17.576413
TRK000001370,2024-01-15,2024-01-17,2024-01-20,In Transit,UPS,Southeast,387.83,754.85,9,False,False,5.0,False,3.0,2026-04-27T23:39:17.576413
TRK000002869,2024-01-15,2024-01-17,2024-01-21,Delivered,XPO,Southwest,137.46,482.97,6,False,False,6.0,False,4.0,2026-04-27T23:39:17.576413
TRK000001004,2024-01-15,2024-01-16,2024-01-16,Delivered,FEDEX,Midwest,388.47,189.08,29,False,False,1.0,True,0.0,2026-04-27T23:39:17.576413
TRK000002308,2024-01-15,2024-01-22,,Delayed,FEDEX,Midwest,584.8,634.73,23,False,False,,False,,2026-04-27T23:39:17.576413
API000117,2024-01-15,2024-01-17,2024-01-23,In Transit,FEDEX,West Coast,54.55,244.2,4,False,False,8.0,False,6.0,2026-04-27T23:39:17.576413
TRK000002070,2024-01-15,2024-01-18,2024-01-19,Cancelled,USPS,Midwest,285.97,322.13,21,False,False,4.0,False,1.0,2026-04-27T23:39:17.576413
API000229,2024-01-15,2024-01-20,2024-01-18,Delayed,FEDEX,Northeast,279.14,330.76,19,False,False,3.0,False,0.0,2026-04-27T23:39:17.576413
TRK000004685,2024-01-15,2024-01-20,2024-01-19,In Transit,UPS,West Coast,248.67,216.72,43,False,False,4.0,False,0.0,2026-04-27T23:39:17.576413
TRK000003080,2024-01-15,2024-01-18,2024-01-19,Delayed,UPS,Midwest,497.36,53.76,36,False,False,4.0,False,1.0,2026-04-27T23:39:17.576413
TRK000002877,2024-01-15,2024-01-18,2024-01-19,Delayed,FEDEX,Midwest,325.78,237.49,33,False,False,4.0,False,1.0,2026-04-27T23:39:17.576413
API000018,2024-01-14,2024-01-19,2024-01-18,In Transit,DHL,West Coast,309.28,616.48,11,False,False,4.0,False,0.0,2026-04-27T23:39:17.576413
TRK000003945,2024-01-14,2024-01-21,2024-01-25,Cancelled,UPS,Southeast,580.27,828.72,28,False,False,11.0,False,4.0,2026-04-27T23:39:17.576413
TRK000002157,2024-01-14,2024-01-21,,Cancelled,FEDEX,Midwest,228.27,425.38,3,False,False,,False,,2026-04-27T23:39:17.576413
TRK000003948,2024-01-14,2024-01-15,2024-01-20,Cancelled,DHL,Midwest,72.89,876.05,26,False,False,6.0,False,5.0,2026-04-27T23:39:17.576413
TRK000003083,2024-01-14,2024-01-16,2024-01-18,In Transit,FEDEX,Midwest,367.08,370.82,30,False,False,4.0,False,2.0,2026-04-27T23:39:17.576413
TRK000004706,2024-01-14,2024-01-17,2024-01-20,Delivered,USPS,West Coast,446.69,433.77,16,False,False,6.0,False,3.0,2026-04-27T23:39:17.576413
TRK000004399,2024-01-14,2024-01-18,2024-01-17,Delayed,FEDEX,Midwest,357.19,717.63,41,False,False,3.0,False,0.0,2026-04-27T23:39:17.576413
TRK000004187,2024-01-14,2024-01-17,2024-01-16,Delivered,XPO,Midwest,296.58,157.26,46,False,False,2.0,True,0.0,2026-04-27T23:39:17.576413
TRK000000519,2024-01-14,2024-01-15,,Cancelled,DHL,Southwest,66.4,375.14,4,False,False,,False,,2026-04-27T23:39:17.576413
TRK000002239,2024-01-14,2024-01-18,2024-01-19,Cancelled,UPS,Midwest,543.21,861.23,29,False,False,5.0,False,1.0,2026-04-27T23:39:17.576413
TRK000001529,2024-01-14,2024-01-15,2024-01-18,Cancelled,FEDEX,Midwest,298.65,700.44,46,False,False,4.0,False,3.0,2026-04-27T23:39:17.576413
TRK000000799,2024-01-14,2024-01-15,2024-01-14,Delivered,FEDEX,Midwest,293.17,525.94,44,False,False,0.0,True,0.0,2026-04-27T23:39:17.576413
TRK000004178,2024-01-14,2024-01-21,2024-01-23,Cancelled,DHL,Southwest,394.36,61.79,41,False,False,9.0,False,2.0,2026-04-27T23:39:17.576413
TRK000004136,2024-01-13,2024-01-16,2024-01-17,Delivered,FEDEX,Midwest,308.51,618.35,43,False,False,4.0,False,1.0,2026-04-27T23:39:17.576413
TRK000004078,2024-01-13,2024-01-15,2024-01-19,Delivered,UPS,West Coast,34.46,517.61,46,False,False,6.0,False,4.0,2026-04-27T23:39:17.576413
TRK000003844,2024-01-13,2024-01-14,2024-01-18,Delayed,FEDEX,Southwest,16.62,202.94,9,False,False,5.0,False,4.0,2026-04-27T23:39:17.576413
TRK000001411,2024-01-13,2024-01-20,2024-01-20,Delivered,DHL,Northeast,489.67,819.81,10,False,False,7.0,True,0.0,2026-04-27T23:39:17.576413
API000003,2024-01-13,2024-01-15,2024-01-20,In Transit,UPS,West Coast,254.77,626.52,1,False,False,7.0,False,5.0,2026-04-27T23:39:17.576413
API000131,2024-01-13,2024-01-14,2024-01-16,Delayed,DHL,Northeast,64.9,369.64,26,False,False,3.0,False,2.0,2026-04-27T23:39:17.576413
TRK000004122,2024-01-13,2024-01-14,2024-01-13,Delayed,XPO,Midwest,445.27,170.77,43,False,False,0.0,False,0.0,2026-04-27T23:39:17.576413
TRK000003848,2024-01-12,2024-06-12,2024-07-12,Delivered,DHL,Southeast,23.05,800.85,33,False,False,182.0,False,30.0,2026-04-27T23:39:17.576413
TRK000002563,2024-01-12,2024-01-18,2024-01-17,Delayed,UPS,West Coast,506.03,491.55,1,False,False,5.0,False,0.0,2026-04-27T23:39:17.576413
TRK000002154,2024-01-12,2024-01-14,2024-01-19,Delivered,DHL,Southwest,345.65,167.6,27,False,False,7.0,False,5.0,2026-04-27T23:39:17.576413
TRK000000688,2024-01-12,2024-12-06,2024-10-12,Delayed,UPS,Northeast,589.51,882.91,15,False,False,274.0,False,0.0,2026-04-27T23:39:17.576413
TRK000000767,2024-01-12,2024-12-08,,Cancelled,UPS,Southeast,201.9,872.59,12,False,False,,False,,2026-04-27T23:39:17.576413
API000027,2024-01-12,2024-01-17,2024-01-17,Delayed,UPS,West Coast,142.99,569.41,16,False,False,5.0,False,0.0,2026-04-27T23:39:17.576413
TRK000004588,2024-01-12,2024-12-06,2024-12-04,Cancelled,USPS,Midwest,134.24,285.6,30,False,False,327.0,False,0.0,2026-04-27T23:39:17.576413
API000276,2024-01-12,2024-01-15,2024-01-16,Delivered,UPS,West Coast,31.64,147.09,22,False,False,4.0,False,1.0,2026-04-27T23:39:17.576413
TRK000002352,2024-01-12,2024-01-19,2024-01-20,Delivered,FEDEX,Midwest,454.61,899.79,17,False,False,8.0,False,1.0,2026-04-27T23:39:17.576413
TRK000000947,2024-01-12,2024-01-13,2024-01-15,In Transit,FEDEX,Southeast,5.83,423.34,37,False,False,3.0,False,2.0,2026-04-27T23:39:17.576413
TRK000003986,2024-01-11,2024-05-11,2024-11-06,Delayed,FEDEX,Midwest,324.81,676.95,18,False,False,300.0,False,179.0,2026-04-27T23:39:17.576413
TRK000003340,2024-01-11,2024-01-15,2024-01-14,Delivered,FEDEX,Northeast,461.41,54.27,13,False,False,3.0,True,0.0,2026-04-27T23:39:17.576413
TRK000001286,2024-01-11,2024-01-14,2024-01-14,In Transit,FEDEX,Midwest,231.93,447.02,48,False,False,3.0,False,0.0,2026-04-27T23:39:17.576413
TRK000004692,2024-01-11,2024-01-13,2024-01-15,Delayed,FEDEX,Midwest,53.86,853.23,5,False,False,4.0,False,2.0,2026-04-27T23:39:17.576413
TRK000003092,2024-01-11,2024-12-01,2024-01-16,Cancelled,USPS,Midwest,276.48,115.29,19,False,False,5.0,False,0.0,2026-04-27T23:39:17.576413
TRK000003644,2024-01-11,2024-01-18,2024-01-17,Delayed,XPO,Northeast,29.35,99.34,23,False,False,6.0,False,0.0,2026-04-27T23:39:17.576413
TRK000004374,2024-01-11,2024-11-08,2024-11-13,Cancelled,FEDEX,Midwest,399.79,261.32,45,False,False,307.0,False,5.0,2026-04-27T23:39:17.576413
TRK000002893,2024-01-11,2024-01-13,2024-11-01,In Transit,USPS,Midwest,41.19,851.04,41,False,False,295.0,False,293.0,2026-04-27T23:39:17.576413
TRK000004221,2024-01-10,2024-01-16,2024-01-20,Delivered,FEDEX,Midwest,481.5,571.56,19,False,False,10.0,False,4.0,2026-04-27T23:39:17.576413
TRK000004634,2024-01-10,2024-01-16,2024-01-17,Cancelled,FEDEX,Midwest,425.5,793.26,3,False,False,7.0,False,1.0,2026-04-27T23:39:17.576413
TRK000004953,2024-01-10,2024-01-12,2024-01-13,In Transit,UPS,Midwest,162.7,406.23,16,False,False,3.0,False,1.0,2026-04-27T23:39:17.576413
TRK000001322,2024-01-10,2024-01-13,2024-11-01,Delivered,DHL,Midwest,117.65,870.53,43,False,False,296.0,False,293.0,2026-04-27T23:39:17.576413
TRK000000412,2024-01-10,2024-01-14,2024-01-15,In Transit,FEDEX,Midwest,253.7,635.33,28,False,False,5.0,False,1.0,2026-04-27T23:39:17.576413
TRK000004682,2024-01-09,2024-01-14,2024-01-19,Delivered,FEDEX,Midwest,388.64,799.74,18,False,False,10.0,False,5.0,2026-04-27T23:39:17.576413
TRK000002422,2024-01-08,2024-12-01,2024-01-12,In Transit,FEDEX,Northeast,60.74,5340.14,6,False,True,4.0,False,0.0,2026-04-27T23:39:17.576413
TRK000002162,2024-01-08,2024-01-10,2024-01-08,Delivered,UPS,Northeast,270.91,826.53,38,False,False,0.0,True,0.0,2026-04-27T23:39:17.576413
TRK000001963,2024-01-08,2024-01-14,2024-01-15,Delivered,USPS,Northeast,201.53,606.94,41,False,False,7.0,False,1.0,2026-04-27T23:39:17.576413
TRK000004283,2024-01-08,2024-08-04,,In Transit,FEDEX,Northeast,271.82,863.23,40,False,False,,False,,2026-04-27T23:39:17.576413
API000208,2024-01-08,2024-01-09,2024-01-15,Delayed,FEDEX,Northeast,308.73,203.49,5,False,False,7.0,False,6.0,2026-04-27T23:39:17.576413
TRK000001352,2024-01-08,2024-01-13,2024-01-14,Delivered,XPO,Southeast,356.21,216.84,18,False,False,6.0,False,1.0,2026-04-27T23:39:17.576413
API000050,2024-01-08,2024-01-13,2024-01-16,In Transit,DHL,Midwest,327.67,536.01,6,False,False,8.0,False,3.0,2026-04-27T23:39:17.576413
TRK000001802,2024-01-08,2024-01-11,2024-01-14,Delayed,FEDEX,Southwest,475.01,130.88,9,False,False,6.0,False,3.0,2026-04-27T23:39:17.576413
TRK000003572,2024-01-08,2024-01-14,2024-01-13,In Transit,DHL,Northeast,360.29,387.36,50,False,False,5.0,False,0.0,2026-04-27T23:39:17.576413
TRK000002192,2024-01-07,2024-08-07,2024-07-07,Delivered,FEDEX,Southeast,134.81,803.63,38,False,False,182.0,True,0.0,2026-04-27T23:39:17.576413
TRK000002430,2024-01-07,2024-01-12,2024-01-17,Delivered,UPS,Southeast,251.82,463.08,18,False,False,10.0,False,5.0,2026-04-27T23:39:17.576413
TRK000003183,2024-01-07,2024-05-07,2024-10-07,Delayed,USPS,Southwest,165.48,74.66,32,False,False,274.0,False,153.0,2026-04-27T23:39:17.576413
TRK000003081,2024-01-07,2024-01-14,2024-01-18,Delayed,FEDEX,Midwest,311.96,565.59,46,False,False,11.0,False,4.0,2026-04-27T23:39:17.576413
TRK000004069,2024-01-07,2024-01-09,2024-12-01,Delayed,FEDEX,Northeast,79.0,196.38,6,False,False,329.0,False,327.0,2026-04-27T23:39:17.576413
TRK000003641,2024-01-07,2024-07-04,2024-04-07,In Transit,DHL,Southeast,530.67,867.3,16,False,False,91.0,False,0.0,2026-04-27T23:39:17.576413
API000181,2024-01-07,2024-01-12,2024-01-12,Delivered,UPS,West Coast,16.99,86.53,2,False,False,5.0,True,0.0,2026-04-27T23:39:17.576413
TRK000004239,2024-01-06,2024-06-07,,Delivered,FEDEX,Southwest,98.0,180.84,22,False,False,,False,,2026-04-27T23:39:17.576413
TRK000002831,2024-01-06,2024-01-07,2024-01-08,Delayed,USPS,Southwest,364.0,177.73,24,False,False,2.0,False,1.0,2026-04-27T23:39:17.576413
TRK000003827,2024-01-06,2024-01-08,2024-01-13,In Transit,FEDEX,Southwest,101.16,328.54,9,False,False,7.0,False,5.0,2026-04-27T23:39:17.576413
TRK000003531,2024-01-06,2024-06-04,2024-06-05,Delivered,FEDEX,Southeast,11.73,419.7,38,False,False,151.0,False,1.0,2026-04-27T23:39:17.576413
TRK000001872,2024-01-06,2024-06-05,2024-10-06,Delayed,FEDEX,Midwest,533.38,169.58,14,False,False,274.0,False,123.0,2026-04-27T23:39:17.576413
TRK000003198,2024-01-05,2024-01-11,2024-10-01,Delivered,UPS,Midwest,495.31,650.66,48,False,False,270.0,False,264.0,2026-04-27T23:39:17.576413
TRK000004830,2024-01-05,2024-01-12,2024-11-01,Cancelled,DHL,Midwest,572.8,370.27,6,False,False,301.0,False,294.0,2026-04-27T23:39:17.576413
TRK000002211,2024-01-05,2024-05-03,2024-05-01,Cancelled,FEDEX,Northeast,468.72,721.85,37,False,False,117.0,False,0.0,2026-04-27T23:39:17.576413
TRK000002692,2024-01-05,2024-07-05,2024-05-08,Cancelled,XPO,Midwest,91.09,243.15,38,False,False,124.0,False,0.0,2026-04-27T23:39:17.576413
API000053,2024-01-05,2024-01-10,,Delayed,UPS,Midwest,220.18,355.2,27,False,False,,False,,2026-04-27T23:39:17.576413
TRK000004000,2024-01-05,2024-01-08,2024-01-12,Delivered,FEDEX,Southwest,582.07,362.45,15,False,False,7.0,False,4.0,2026-04-27T23:39:17.576413
TRK000002835,2024-01-05,2024-01-12,2024-01-13,Cancelled,XPO,Northeast,504.6,333.01,20,False,False,8.0,False,1.0,2026-04-27T23:39:17.576413
TRK000002558,2024-01-05,2024-01-11,2024-01-16,Delivered,DHL,Southwest,160.66,413.97,30,False,False,11.0,False,5.0,2026-04-27T23:39:17.576413
TRK000001572,2024-01-04,2024-01-08,2024-01-07,In Transit,DHL,Midwest,487.7,860.53,34,False,False,3.0,False,0.0,2026-04-27T23:39:17.576413
TRK000001271,2024-01-04,2024-01-07,2024-01-10,In Transit,USPS,Southwest,203.5,538.48,14,False,False,6.0,False,3.0,2026-04-27T23:39:17.576413
TRK000001820,2024-01-04,2024-06-01,2024-01-07,Cancelled,FEDEX,Southwest,60.93,772.32,12,False,False,3.0,False,0.0,2026-04-27T23:39:17.576413
TRK000001817,2024-01-04,2024-01-05,2024-01-06,Delivered,USPS,Northeast,505.89,218.15,7,False,False,2.0,False,1.0,2026-04-27T23:39:17.576413
TRK000000930,2024-01-04,2024-01-08,2024-09-01,Cancelled,DHL,West Coast,364.04,192.81,13,False,False,241.0,False,237.0,2026-04-27T23:39:17.576413
TRK000003204,2024-01-04,2024-01-08,2024-01-13,Delivered,FEDEX,Midwest,505.03,14437.2,1,False,True,9.0,False,5.0,2026-04-27T23:39:17.576413
TRK000001175,2024-01-03,2024-06-01,2024-04-01,Delivered,FEDEX,West Coast,277.72,879.83,34,False,False,89.0,True,0.0,2026-04-27T23:39:17.576413
TRK000004209,2024-01-03,2024-01-09,2024-01-13,Delivered,FEDEX,West Coast,558.53,120.95,12,False,False,10.0,False,4.0,2026-04-27T23:39:17.576413
TRK000002474,2024-01-03,2024-02-03,,In Transit,UPS,West Coast,446.35,755.71,20,False,False,,False,,2026-04-27T23:39:17.576413
TRK000003707,2024-01-03,2024-01-04,2024-01-07,In Transit,DHL,Southwest,436.16,327.86,34,False,False,4.0,False,3.0,2026-04-27T23:39:17.576413
TRK000001571,2024-01-03,2024-07-01,2024-01-07,Cancelled,UPS,Midwest,80.54,266.55,44,False,False,4.0,False,0.0,2026-04-27T23:39:17.576413
TRK000002890,2024-01-02,2024-02-04,2024-09-02,Delivered,XPO,Northeast,462.59,99.37,5,False,False,244.0,False,211.0,2026-04-27T23:39:17.576413
TRK000001081,2024-01-02,2024-01-07,,Delayed,USPS,Midwest,389.99,880.75,32,False,False,,False,,2026-04-27T23:39:17.576413
TRK000003537,2024-01-02,2024-01-06,2024-01-07,Cancelled,USPS,Southeast,334.86,820.62,31,False,False,5.0,False,1.0,2026-04-27T23:39:17.576413
TRK000000166,2024-01-02,2024-07-01,2024-08-01,Delayed,FEDEX,Midwest,515.34,346.51,9,False,False,212.0,False,31.0,2026-04-27T23:39:17.576413
API000228,2024-01-02,2024-01-04,2024-01-05,Delayed,DHL,Midwest,361.48,591.92,10,False,False,3.0,False,1.0,2026-04-27T23:39:17.576413
TRK000001956,2024-01-02,2024-01-08,2024-01-06,Delivered,FEDEX,Midwest,89.24,887.38,1,False,False,4.0,True,0.0,2026-04-27T23:39:17.576413
API000452,2024-01-02,2024-01-07,2024-01-07,Delayed,UPS,Northeast,212.92,259.9,13,False,False,5.0,False,0.0,2026-04-27T23:39:17.576413
TRK000002516,2024-01-01,2024-01-02,2024-01-01,Delayed,UPS,Midwest,255.72,356.42,43,False,False,0.0,False,0.0,2026-04-27T23:39:17.576413
TRK000004790,2024-01-01,2024-01-02,2024-01-03,In Transit,DHL,Southwest,363.2,306.52,17,False,False,2.0,False,1.0,2026-04-27T23:39:17.576413
TRK000001135,2024-01-01,2024-01-02,2024-01-03,Delivered,FEDEX,Midwest,363.41,866.86,5,False,False,2.0,False,1.0,2026-04-27T23:39:17.576413
TRK000000023,2024-01-01,2024-01-08,2024-01-08,Cancelled,UPS,Midwest,28.08,72.86,12,False,False,7.0,False,0.0,2026-04-27T23:39:17.576413
TRK000002590,2024-01-01,2024-06-01,2024-01-05,In Transit,XPO,Midwest,106.54,236.09,21,False,False,4.0,False,0.0,2026-04-27T23:39:17.576413
TRK000004336,2024-01-01,2024-01-07,2024-10-01,Delivered,DHL,Midwest,424.92,117.13,43,False,False,274.0,False,268.0,2026-04-27T23:39:17.576413
TRK000001314,2024-01-01,2024-01-06,2024-01-08,Delayed,DHL,Midwest,450.97,379.5,20,False,False,7.0,False,2.0,2026-04-27T23:39:17.576413
TRK000001988,2024-01-01,2024-08-01,2024-01-12,Cancelled,FEDEX,Midwest,301.8,475.18,50,False,False,11.0,False,0.0,2026-04-27T23:39:17.576413
TRK000001899,2024-01-01,2024-06-01,2024-01-11,Cancelled,USPS,Midwest,412.83,543.69,45,False,False,10.0,False,0.0,2026-04-27T23:39:17.576413
TRK000004627,2024-01-01,2024-07-01,2024-11-01,Delayed,FEDEX,Midwest,352.13,800.58,7,False,False,305.0,False,123.0,2026-04-27T23:39:17.576413
TRK000000313,2024-01-01,2024-07-01,2024-01-12,In Transit,UPS,Southwest,226.9,576.67,29,False,False,11.0,False,0.0,2026-04-27T23:39:17.576413
TRK000003258,2024-01-01,2024-08-01,2024-01-06,Delayed,UPS,Southeast,580.0,184.22,42,False,False,5.0,False,0.0,2026-04-27T23:39:17.576413
TRK000000224,2023-12-31,2024-06-01,2024-01-10,In Transit,FEDEX,Midwest,3.33,760.31,23,False,False,10.0,False,0.0,2026-04-27T23:39:17.576413
TRK000003391,2023-12-31,2024-01-01,,Delivered,FEDEX,Southeast,76.8,675.67,31,False,False,,False,,2026-04-27T23:39:17.576413
TRK000000779,2023-12-31,2024-01-07,2024-10-01,In Transit,FEDEX,Northeast,393.06,312.57,32,False,False,275.0,False,268.0,2026-04-27T23:39:17.576413
TRK000002741,2023-12-31,2024-01-04,2024-01-03,Delayed,UPS,Southeast,227.49,569.44,39,False,False,3.0,False,0.0,2026-04-27T23:39:17.576413
TRK000004162,2023-12-31,2024-01-05,2024-08-01,Delayed,UPS,Midwest,582.35,835.09,49,False,False,214.0,False,209.0,2026-04-27T23:39:17.576413
TRK000000552,2023-12-31,2024-01-04,2024-01-02,Delayed,FEDEX,Southeast,223.37,278.25,50,False,False,2.0,False,0.0,2026-04-27T23:39:17.576413
TRK000001791,2023-12-30,2024-01-03,2024-01-05,Delivered,FEDEX,Midwest,298.13,465.04,28,False,False,6.0,False,2.0,2026-04-27T23:39:17.576413
API000198,2023-12-30,2023-12-31,2024-01-04,In Transit,FEDEX,Midwest,182.28,308.0,29,False,False,5.0,False,4.0,2026-04-27T23:39:17.576413
API000485,2023-12-30,2024-01-01,2024-01-06,Delayed,UPS,West Coast,14.95,201.34,21,False,False,7.0,False,5.0,2026-04-27T23:39:17.576413
API000263,2023-12-30,2024-01-04,2024-01-02,Delayed,UPS,West Coast,76.41,300.78,26,False,False,3.0,False,0.0,2026-04-27T23:39:17.576413
TRK000002141,2023-12-30,2023-12-31,2024-01-03,Cancelled,FEDEX,West Coast,459.91,601.41,38,False,False,4.0,False,3.0,2026-04-27T23:39:17.576413
TRK000004483,2023-12-30,2023-12-31,2024-01-04,Cancelled,UPS,Midwest,307.39,481.89,37,False,False,5.0,False,4.0,2026-04-27T23:39:17.576413
TRK000000226,2023-12-30,2024-01-02,2023-12-31,Delivered,USPS,Southeast,352.74,146.85,30,False,False,1.0,True,0.0,2026-04-27T23:39:17.576413
TRK000002238,2023-12-29,2023-12-31,,Delivered,USPS,Northeast,48.12,280.02,44,False,False,,False,,2026-04-27T23:39:17.576413
TRK000004502,2023-12-29,2023-12-30,,In Transit,FEDEX,Southwest,392.96,879.05,23,False,False,,False,,2026-04-27T23:39:17.576413
TRK000000109,2023-12-29,2024-01-05,2024-01-09,Delivered,FEDEX,Midwest,179.77,688.89,39,False,False,11.0,False,4.0,2026-04-27T23:39:17.576413
TRK000004119,2023-12-28,2023-12-30,2023-12-31,Delayed,FEDEX,West Coast,489.32,513.51,35,False,False,3.0,False,1.0,2026-04-27T23:39:17.576413
TRK000004801,2023-12-28,2023-12-29,2023-12-31,Cancelled,UPS,Midwest,313.54,559.57,31,False,False,3.0,False,2.0,2026-04-27T23:39:17.576413
TRK000001869,2023-12-28,2023-12-31,2023-12-31,In Transit,USPS,Midwest,596.27,575.84,37,False,False,3.0,False,0.0,2026-04-27T23:39:17.576413
TRK000003123,2023-12-28,2024-01-03,2024-01-08,Delivered,USPS,Midwest,549.06,584.42,46,False,False,11.0,False,5.0,2026-04-27T23:39:17.576413
TRK000001037,2023-12-28,2023-12-29,,Delayed,DHL,Southeast,197.69,356.34,5,False,False,,False,,2026-04-27T23:39:17.576413
TRK000004080,2023-12-27,2023-12-31,2023-12-29,Delivered,FEDEX,Southwest,116.55,621.69,39,False,False,2.0,True,0.0,2026-04-27T23:39:17.576413
TRK000000272,2023-12-27,2024-02-01,2024-06-01,Delivered,FEDEX,Midwest,119.67,67.59,28,False,False,157.0,False,121.0,2026-04-27T23:39:17.576413
TRK000001566,2023-12-27,2024-01-02,2024-01-06,In Transit,XPO,Southwest,73.78,757.5,9,False,False,10.0,False,4.0,2026-04-27T23:39:17.576413
TRK000000322,2023-12-27,2023-12-29,2024-01-01,Cancelled,USPS,West Coast,154.24,350.24,8,False,False,5.0,False,3.0,2026-04-27T23:39:17.576413
TRK000004886,2023-12-27,2023-12-30,2023-12-30,Delayed,XPO,Midwest,217.07,609.91,15,False,False,3.0,False,0.0,2026-04-27T23:39:17.576413
TRK000003561,2023-12-26,2023-12-27,2023-12-30,Delayed,USPS,Midwest,521.57,697.58,33,False,False,4.0,False,3.0,2026-04-27T23:39:17.576413
API000174,2023-12-26,2023-12-27,2024-01-03,In Transit,FEDEX,Northeast,215.56,117.23,5,False,False,8.0,False,7.0,2026-04-27T23:39:17.576413
TRK000004245,2023-12-26,2023-12-30,2024-01-04,Cancelled,UPS,Midwest,231.9,58.04,26,False,False,9.0,False,5.0,2026-04-27T23:39:17.576413
TRK000000753,2023-12-26,2023-12-27,2023-12-29,Delivered,DHL,West Coast,426.48,204.12,15,False,False,3.0,False,2.0,2026-04-27T23:39:17.576413
API000087,2023-12-26,2023-12-27,,Delivered,DHL,West Coast,90.8,657.74,19,False,False,,False,,2026-04-27T23:39:17.576413
TRK000003364,2023-12-26,2023-12-29,2024-01-02,In Transit,XPO,Southeast,484.37,475.66,13,False,False,7.0,False,4.0,2026-04-27T23:39:17.576413
TRK000002361,2023-12-26,2023-12-29,2024-01-01,Delayed,FEDEX,West Coast,363.83,62.07,17,False,False,6.0,False,3.0,2026-04-27T23:39:17.576413
TRK000002637,2023-12-25,2023-12-27,2023-12-26,Delivered,DHL,Southeast,143.48,341.5,34,False,False,1.0,True,0.0,2026-04-27T23:39:17.576413
TRK000002402,2023-12-25,2023-12-26,2023-12-28,Delivered,USPS,Midwest,71.26,169.37,20,False,False,3.0,False,2.0,2026-04-27T23:39:17.576413
TRK000003152,2023-12-25,2023-12-30,2023-12-29,Delivered,UPS,Southeast,447.23,674.01,37,False,False,4.0,True,0.0,2026-04-27T23:39:17.576413
TRK000000938,2023-12-25,2023-12-28,2023-12-29,Delayed,DHL,Northeast,7.62,803.41,46,False,False,4.0,False,1.0,2026-04-27T23:39:17.576413
TRK000001883,2023-12-25,2023-12-27,2023-12-27,Delivered,USPS,Southeast,172.63,853.23,34,False,False,2.0,True,0.0,2026-04-27T23:39:17.576413
TRK000001193,2023-12-25,2023-12-27,2023-12-25,Cancelled,UPS,West Coast,150.68,736.99,9,False,False,0.0,False,0.0,2026-04-27T23:39:17.576413
TRK000000253,2023-12-25,2024-01-01,2024-01-03,Delivered,FEDEX,Southwest,267.11,413.57,25,False,False,9.0,False,2.0,2026-04-27T23:39:17.576413
TRK000000150,2023-12-25,2023-12-30,2024-04-01,Delivered,UPS,Midwest,527.18,532.95,2,False,False,98.0,False,93.0,2026-04-27T23:39:17.576413
TRK000001312,2023-12-25,2023-12-31,2023-12-30,Delivered,XPO,Midwest,326.29,609.12,21,False,False,5.0,True,0.0,2026-04-27T23:39:17.576413
API000066,2023-12-25,2023-12-27,2023-12-30,Delivered,UPS,West Coast,269.19,536.85,12,False,False,5.0,False,3.0,2026-04-27T23:39:17.576413
TRK000001624,2023-12-25,2023-12-26,2023-12-28,Delivered,FEDEX,Southwest,3.13,833.75,37,False,False,3.0,False,2.0,2026-04-27T23:39:17.576413
TRK000004102,2023-12-24,2023-12-29,2024-01-01,Cancelled,FEDEX,Midwest,482.39,429.8,50,False,False,8.0,False,3.0,2026-04-27T23:39:17.576413
TRK000001887,2023-12-24,2023-12-31,2024-01-02,In Transit,FEDEX,Northeast,284.58,434.25,47,False,False,9.0,False,2.0,2026-04-27T23:39:17.576413
TRK000000011,2023-12-24,2023-12-31,2023-12-29,Delivered,UPS,Midwest,147.29,700.41,16,False,False,5.0,True,0.0,2026-04-27T23:39:17.576413
API000092,2023-12-24,2023-12-27,2023-12-26,Delayed,FEDEX,West Coast,223.96,117.36,18,False,False,2.0,False,0.0,2026-04-27T23:39:17.576413
TRK000001557,2023-12-24,2023-12-25,2023-12-23,Cancelled,USPS,Southwest,469.05,397.43,12,False,False,-1.0,False,0.0,2026-04-27T23:39:17.576413
TRK000004805,2023-12-24,2023-12-31,2024-01-03,Cancelled,FEDEX,Midwest,125.39,229.84,48,False,False,10.0,False,3.0,2026-04-27T23:39:17.576413
TRK000004468,2023-12-24,2023-12-26,,Delivered,UPS,Southeast,286.27,889.96,17,False,False,,False,,2026-04-27T23:39:17.576413
TRK000002983,2023-12-24,2023-12-31,2024-01-03,Delivered,FEDEX,Midwest,47.87,874.29,16,False,False,10.0,False,3.0,2026-04-27T23:39:17.576413
API000353,2023-12-24,2023-12-28,,In Transit,DHL,Northeast,59.57,270.05,29,False,False,,False,,2026-04-27T23:39:17.576413
TRK000004921,2023-12-24,2023-12-26,2023-12-26,In Transit,FEDEX,Southwest,363.36,780.46,4,False,False,2.0,False,0.0,2026-04-27T23:39:17.576413
TRK000000413,2023-12-23,2023-12-26,2023-12-25,In Transit,FEDEX,Southwest,329.17,653.49,23,False,False,2.0,False,0.0,2026-04-27T23:39:17.576413
TRK000004931,2023-12-23,2023-12-25,2023-12-29,Delivered,FEDEX,West Coast,260.27,364.96,20,False,False,6.0,False,4.0,2026-04-27T23:39:17.576413
TRK000001063,2023-12-23,2023-12-28,2024-01-01,Delivered,DHL,Midwest,139.69,107.43,50,False,False,9.0,False,4.0,2026-04-27T23:39:17.576413
TRK000000927,2023-12-23,2023-12-30,2024-01-04,Cancelled,FEDEX,Midwest,463.15,765.66,30,False,False,12.0,False,5.0,2026-04-27T23:39:17.576413
API000466,2023-12-23,2023-12-27,2023-12-31,Delivered,DHL,Midwest,340.18,336.21,25,False,False,8.0,False,4.0,2026-04-27T23:39:17.576413
TRK000003990,2023-12-22,2023-12-26,2023-12-24,Delivered,DHL,West Coast,443.73,268.39,18,False,False,2.0,True,0.0,2026-04-27T23:39:17.576413
TRK000003514,2023-12-22,2023-12-28,2023-12-31,Delivered,XPO,Midwest,489.74,325.88,23,False,False,9.0,False,3.0,2026-04-27T23:39:17.576413
TRK000004683,2023-12-22,2023-12-26,2023-12-24,Delayed,FEDEX,Southeast,434.07,187.13,25,False,False,2.0,False,0.0,2026-04-27T23:39:17.576413
TRK000003605,2023-12-22,2023-12-27,2023-12-30,Delayed,FEDEX,Midwest,227.38,93.28,43,False,False,8.0,False,3.0,2026-04-27T23:39:17.576413
TRK000003586,2023-12-22,2023-12-29,2024-01-02,Delivered,UPS,Midwest,420.69,301.58,6,False,False,11.0,False,4.0,2026-04-27T23:39:17.576413
TRK000002742,2023-12-22,2023-12-29,2023-12-27,Delayed,FEDEX,Southeast,109.83,598.7,17,False,False,5.0,False,0.0,2026-04-27T23:39:17.576413
TRK000003915,2023-12-21,2023-12-22,2023-12-24,Delivered,FEDEX,Midwest,439.35,216.88,24,False,False,3.0,False,2.0,2026-04-27T23:39:17.576413
TRK000001819,2023-12-21,2023-12-27,2023-12-29,Cancelled,XPO,Midwest,238.8,299.56,8,False,False,8.0,False,2.0,2026-04-27T23:39:17.576413
TRK000003878,2023-12-21,2023-12-22,2023-12-26,Delivered,FEDEX,Midwest,365.44,596.35,36,False,False,5.0,False,4.0,2026-04-27T23:39:17.576413
TRK000002316,2023-12-21,2023-12-23,2023-12-21,Delivered,UPS,Southwest,273.41,407.05,26,False,False,0.0,True,0.0,2026-04-27T23:39:17.576413
TRK000004049,2023-12-21,2023-12-26,2023-12-31,Delayed,FEDEX,Southwest,184.11,164.96,8,False,False,10.0,False,5.0,2026-04-27T23:39:17.576413
TRK000003114,2023-12-21,2023-12-23,,Delayed,XPO,Midwest,270.18,614.48,1,False,False,,False,,2026-04-27T23:39:17.576413
TRK000002250,2023-12-20,2023-12-26,2023-12-25,Delivered,USPS,West Coast,557.72,521.64,23,False,False,5.0,True,0.0,2026-04-27T23:39:17.576413
API000486,2023-12-20,2023-12-21,,In Transit,DHL,West Coast,356.45,448.37,30,False,False,,False,,2026-04-27T23:39:17.576413
TRK000004077,2023-12-20,2023-12-21,2023-12-22,Delayed,USPS,Southeast,235.24,121.62,36,False,False,2.0,False,1.0,2026-04-27T23:39:17.576413
TRK000000058,2023-12-20,2023-12-27,2023-12-27,Cancelled,FEDEX,Southwest,362.2,241.25,20,False,False,7.0,False,0.0,2026-04-27T23:39:17.576413
TRK000004308,2023-12-20,2023-12-24,,Delivered,XPO,Midwest,85.37,235.52,26,False,False,,False,,2026-04-27T23:39:17.576413
TRK000000774,2023-12-20,2023-12-24,2023-12-25,Delayed,FEDEX,West Coast,586.13,830.96,41,False,False,5.0,False,1.0,2026-04-27T23:39:17.576413
TRK000002223,2023-12-19,2023-12-20,2023-12-23,Cancelled,USPS,Southwest,465.07,787.26,29,False,False,4.0,False,3.0,2026-04-27T23:39:17.576413
TRK000004227,2023-12-19,2023-12-23,2023-12-27,In Transit,FEDEX,Northeast,460.58,739.15,20,False,False,8.0,False,4.0,2026-04-27T23:39:17.576413
TRK000004320,2023-12-19,2023-12-26,2023-12-24,Delivered,DHL,Midwest,363.83,388.57,39,False,False,5.0,True,0.0,2026-04-27T23:39:17.576413
TRK000003918,2023-12-19,2023-12-26,2023-12-27,Delayed,UPS,Northeast,149.22,635.34,17,False,False,8.0,False,1.0,2026-04-27T23:39:17.576413
TRK000000370,2023-12-19,2023-12-21,,In Transit,XPO,Midwest,251.15,614.22,16,False,False,,False,,2026-04-27T23:39:17.576413
TRK000000275,2023-12-18,2023-12-19,2023-12-18,Delivered,FEDEX,Northeast,340.1,879.87,38,False,False,0.0,True,0.0,2026-04-27T23:39:17.576413
TRK000003257,2023-12-18,2023-12-25,2023-12-27,Cancelled,FEDEX,Southeast,452.76,583.33,24,False,False,9.0,False,2.0,2026-04-27T23:39:17.576413
TRK000002266,2023-12-17,2023-12-24,2023-12-29,Delivered,FEDEX,Northeast,272.19,483.93,16,False,False,12.0,False,5.0,2026-04-27T23:39:17.576413
TRK000002368,2023-12-17,2023-12-23,2023-12-23,Cancelled,DHL,Midwest,104.75,621.58,26,False,False,6.0,False,0.0,2026-04-27T23:39:17.576413
TRK000004423,2023-12-17,2023-12-18,2023-12-23,In Transit,USPS,West Coast,181.24,209.44,7,False,False,6.0,False,5.0,2026-04-27T23:39:17.576413
TRK000001576,2023-12-17,2023-12-24,2023-12-26,Cancelled,UPS,Midwest,571.03,205.17,44,False,False,9.0,False,2.0,2026-04-27T23:39:17.576413
API000093,2023-12-17,2023-12-21,2023-12-22,Delivered,DHL,West Coast,92.98,348.5,12,False,False,5.0,False,1.0,2026-04-27T23:39:17.576413
API000257,2023-12-17,2023-12-18,2023-12-19,Delivered,FEDEX,West Coast,22.86,102.72,24,False,False,2.0,False,1.0,2026-04-27T23:39:17.576413
API000001,2023-12-17,2023-12-18,2023-12-22,Delayed,DHL,West Coast,92.56,449.79,8,False,False,5.0,False,4.0,2026-04-27T23:39:17.576413
TRK000001448,2023-12-17,2023-12-23,2023-12-23,Delivered,XPO,West Coast,126.96,214.56,44,False,False,6.0,True,0.0,2026-04-27T23:39:17.576413
TRK000001059,2023-12-17,2023-12-23,,Delivered,UPS,Southwest,346.97,77.96,8,False,False,,False,,2026-04-27T23:39:17.576413
TRK000002025,2023-12-17,2023-12-20,2023-12-20,Delivered,DHL,Midwest,11.1,753.6,24,False,False,3.0,True,0.0,2026-04-27T23:39:17.576413
API000329,2023-12-16,2023-12-21,2023-12-19,In Transit,DHL,Northeast,94.82,108.95,7,False,False,3.0,False,0.0,2026-04-27T23:39:17.576413
TRK000003321,2023-12-16,2023-12-21,2023-12-24,Delayed,FEDEX,Northeast,157.22,151.51,24,False,False,8.0,False,3.0,2026-04-27T23:39:17.576413
API000163,2023-12-16,2023-12-18,2023-12-23,Delayed,FEDEX,Northeast,165.29,657.43,6,False,False,7.0,False,5.0,2026-04-27T23:39:17.576413
TRK000002098,2023-12-16,2023-12-23,2023-12-28,Delayed,UPS,Southeast,374.82,149.8,2,False,False,12.0,False,5.0,2026-04-27T23:39:17.576413
TRK000003380,2023-12-16,2023-12-21,2023-12-26,Cancelled,USPS,West Coast,169.41,360.85,50,False,False,10.0,False,5.0,2026-04-27T23:39:17.576413
API000049,2023-12-16,2023-12-20,2023-12-17,In Transit,UPS,West Coast,132.21,677.13,26,False,False,1.0,False,0.0,2026-04-27T23:39:17.576413
TRK000000054,2023-12-16,2023-12-18,2023-12-23,Delayed,DHL,Southeast,76.34,201.95,34,False,False,7.0,False,5.0,2026-04-27T23:39:17.576413
TRK000002613,2023-12-16,2023-12-22,,Delivered,FEDEX,Southwest,28.34,133.68,13,False,False,,False,,2026-04-27T23:39:17.576413
TRK000002021,2023-12-15,2023-12-21,,Delivered,FEDEX,Northeast,597.28,597.18,11,False,False,,False,,2026-04-27T23:39:17.576413
TRK000000371,2023-12-15,2023-12-22,2023-12-20,Delivered,DHL,Midwest,224.41,73.71,41,False,False,5.0,True,0.0,2026-04-27T23:39:17.576413
TRK000004083,2023-12-15,2023-12-18,2023-12-22,Delayed,FEDEX,Midwest,446.62,473.8,2,False,False,7.0,False,4.0,2026-04-27T23:39:17.576413
TRK000002685,2023-12-15,2023-12-16,,Delivered,FEDEX,West Coast,592.99,520.14,36,False,False,,False,,2026-04-27T23:39:17.576413
TRK000003460,2023-12-15,2023-12-22,2023-12-20,In Transit,UPS,Midwest,149.75,13120.08,28,False,True,5.0,False,0.0,2026-04-27T23:39:17.576413
TRK000004621,2023-12-15,2023-12-20,2023-12-19,Cancelled,UPS,Midwest,366.52,538.86,36,False,False,4.0,False,0.0,2026-04-27T23:39:17.576413
TRK000001108,2023-12-15,2023-12-22,2023-12-27,Delayed,FEDEX,Southwest,220.64,244.42,45,False,False,12.0,False,5.0,2026-04-27T23:39:17.576413
TRK000000335,2023-12-14,2023-12-17,2023-12-19,In Transit,UPS,Midwest,3.73,81.86,44,False,False,5.0,False,2.0,2026-04-27T23:39:17.576413
TRK000003872,2023-12-14,2023-12-19,2023-12-22,Cancelled,USPS,Northeast,339.26,9975.51,8,False,True,8.0,False,3.0,2026-04-27T23:39:17.576413
API000375,2023-12-14,2023-12-15,2023-12-17,Delayed,FEDEX,Northeast,159.57,468.03,17,False,False,3.0,False,2.0,2026-04-27T23:39:17.576413
API000346,2023-12-14,2023-12-19,2023-12-22,Delivered,UPS,West Coast,328.27,324.27,29,False,False,8.0,False,3.0,2026-04-27T23:39:17.576413
API000289,2023-12-14,2023-12-15,,In Transit,UPS,Midwest,248.57,380.32,3,False,False,,False,,2026-04-27T23:39:17.576413
TRK000002064,2023-12-13,2023-12-14,2023-12-14,In Transit,USPS,Midwest,505.64,74.92,22,False,False,1.0,False,0.0,2026-04-27T23:39:17.576413
TRK000003691,2023-12-13,2023-12-19,2023-12-18,Delivered,XPO,West Coast,359.67,879.53,18,False,False,5.0,True,0.0,2026-04-27T23:39:17.576413
API000082,2023-12-13,2023-12-16,2023-12-20,In Transit,DHL,Midwest,193.12,127.87,3,False,False,7.0,False,4.0,2026-04-27T23:39:17.576413
TRK000002628,2023-12-13,2023-12-15,2023-12-15,In Transit,XPO,Southwest,241.81,131.53,39,False,False,2.0,False,0.0,2026-04-27T23:39:17.576413
TRK000003145,2023-12-13,2023-12-16,,Delivered,DHL,Midwest,157.79,132.05,9,False,False,,False,,2026-04-27T23:39:17.576413
TRK000004858,2023-12-13,2023-12-16,,Delayed,XPO,Midwest,528.95,767.57,43,False,False,,False,,2026-04-27T23:39:17.576413
TRK000001646,2023-12-13,2023-12-19,,Delayed,FEDEX,Southeast,56.4,457.13,4,False,False,,False,,2026-04-27T23:39:17.576413
TRK000002246,2023-12-12,2023-12-14,2023-12-14,In Transit,FEDEX,Midwest,280.46,694.01,35,False,False,2.0,False,0.0,2026-04-27T23:39:17.576413
TRK000004602,2023-12-12,2023-12-18,2023-12-22,Delivered,FEDEX,Midwest,453.36,59.25,26,False,False,10.0,False,4.0,2026-04-27T23:39:17.576413
TRK000000165,2023-12-12,2023-12-18,2023-12-22,In Transit,DHL,Northeast,163.25,179.51,39,False,False,10.0,False,4.0,2026-04-27T23:39:17.576413
TRK000000365,2023-12-12,2023-12-17,2023-12-19,Delayed,UPS,Southwest,11.34,357.44,1,False,False,7.0,False,2.0,2026-04-27T23:39:17.576413
TRK000004437,2023-12-12,2023-12-15,2023-12-18,Delayed,DHL,Northeast,127.27,418.99,4,False,False,6.0,False,3.0,2026-04-27T23:39:17.576413
TRK000000648,2023-12-12,2023-12-13,2023-12-18,In Transit,USPS,West Coast,540.3,631.28,45,False,False,6.0,False,5.0,2026-04-27T23:39:17.576413
TRK000003307,2023-12-12,2023-12-19,2023-12-19,Delivered,FEDEX,Northeast,514.58,524.3,3,False,False,7.0,True,0.0,2026-04-27T23:39:17.576413
TRK000000408,2023-12-11,2023-11-17,,Delivered,FEDEX,Southwest,524.43,431.0,47,False,False,,False,,2026-04-27T23:39:17.576413
TRK000001655,2023-12-11,2023-12-16,,Cancelled,USPS,West Coast,277.15,280.71,31,False,False,,False,,2026-04-27T23:39:17.576413
API000102,2023-12-11,2023-12-16,2023-12-14,Delivered,DHL,West Coast,138.66,601.5,4,False,False,3.0,True,0.0,2026-04-27T23:39:17.576413
TRK000002362,2023-12-11,2023-12-16,2023-12-18,Delivered,USPS,Midwest,96.75,862.79,35,False,False,7.0,False,2.0,2026-04-27T23:39:17.576413
TRK000004234,2023-12-11,2023-12-12,2023-12-10,Cancelled,UPS,Northeast,293.23,515.93,42,False,False,-1.0,False,0.0,2026-04-27T23:39:17.576413
TRK000004630,2023-12-10,2023-12-16,2023-12-15,Delivered,USPS,Midwest,133.15,334.84,29,False,False,5.0,True,0.0,2026-04-27T23:39:17.576413
TRK000001372,2023-12-10,2023-12-14,,In Transit,USPS,West Coast,13.84,290.35,45,False,False,,False,,2026-04-27T23:39:17.576413
TRK000002739,2023-12-10,2023-12-11,2023-12-13,In Transit,UPS,Southwest,181.09,632.81,5,False,False,3.0,False,2.0,2026-04-27T23:39:17.576413
TRK000001718,2023-12-10,2023-10-13,2023-10-12,Delivered,UPS,Midwest,480.79,806.18,27,False,False,-59.0,True,0.0,2026-04-27T23:39:17.576413
TRK000004981,2023-12-10,2023-12-11,2023-12-15,Delayed,UPS,Midwest,229.68,125.18,36,False,False,5.0,False,4.0,2026-04-27T23:39:17.576413
TRK000004452,2023-12-10,2023-12-12,2023-12-12,Delivered,FEDEX,West Coast,414.9,158.38,11,False,False,2.0,True,0.0,2026-04-27T23:39:17.576413
TRK000004354,2023-12-10,2023-11-12,2023-12-16,In Transit,UPS,Midwest,146.88,375.02,6,False,False,6.0,False,34.0,2026-04-27T23:39:17.576413
TRK000000344,2023-12-09,2023-09-15,2023-09-19,Cancelled,FEDEX,Northeast,93.76,189.63,14,False,False,-81.0,False,4.0,2026-04-27T23:39:17.576413
TRK000000098,2023-12-09,2023-09-13,2023-09-11,Delayed,XPO,Midwest,33.07,774.78,14,False,False,-89.0,False,0.0,2026-04-27T23:39:17.576413
API000197,2023-12-09,2023-12-14,2023-12-14,Delivered,DHL,West Coast,104.82,508.51,16,False,False,5.0,True,0.0,2026-04-27T23:39:17.576413
TRK000002811,2023-12-09,2023-12-16,2023-12-18,Delivered,FEDEX,West Coast,571.15,622.33,46,False,False,9.0,False,2.0,2026-04-27T23:39:17.576413
TRK000004691,2023-12-09,2023-12-15,,Delivered,FEDEX,Southeast,338.74,105.82,11,False,False,,False,,2026-04-27T23:39:17.576413
TRK000001847,2023-12-09,2023-12-12,2023-12-16,Delivered,DHL,West Coast,25.67,404.04,35,False,False,7.0,False,4.0,2026-04-27T23:39:17.576413
TRK000000575,2023-12-09,2023-12-16,2023-12-16,Delayed,USPS,Southwest,147.78,535.23,20,False,False,7.0,False,0.0,2026-04-27T23:39:17.576413
TRK000001835,2023-12-09,2023-12-15,2023-12-17,Delayed,FEDEX,Midwest,294.71,757.74,8,False,False,8.0,False,2.0,2026-04-27T23:39:17.576413
TRK000001038,2023-12-09,2023-12-12,2023-12-14,Cancelled,FEDEX,West Coast,542.05,314.57,40,False,False,5.0,False,2.0,2026-04-27T23:39:17.576413
TRK000003636,2023-12-09,2023-12-16,2023-12-14,Delayed,XPO,Southwest,464.42,90.73,41,False,False,5.0,False,0.0,2026-04-27T23:39:17.576413
TRK000004038,2023-12-08,2023-12-10,2023-12-11,Delivered,UPS,Midwest,395.89,770.86,11,False,False,3.0,False,1.0,2026-04-27T23:39:17.576413
TRK000004770,2023-12-08,2023-12-10,2023-11-12,In Transit,FEDEX,Southwest,185.38,181.52,38,False,False,-26.0,False,0.0,2026-04-27T23:39:17.576413
TRK000004395,2023-12-08,2023-08-13,2023-08-13,Delivered,UPS,Midwest,47.62,356.6,37,False,False,-117.0,True,0.0,2026-04-27T23:39:17.576413
TRK000000858,2023-12-08,2023-12-15,2023-12-18,Cancelled,UPS,Midwest,289.19,821.52,20,False,False,10.0,False,3.0,2026-04-27T23:39:17.576413
TRK000001569,2023-12-08,2023-12-15,,Delivered,FEDEX,West Coast,523.34,112.17,12,False,False,,False,,2026-04-27T23:39:17.576413
TRK000003958,2023-12-08,2023-12-13,2023-11-12,Delivered,FEDEX,Northeast,65.23,123.11,47,False,False,-26.0,True,0.0,2026-04-27T23:39:17.576413
TRK000001302,2023-12-08,2023-10-12,2023-12-12,Delivered,XPO,Southeast,493.56,307.31,26,False,False,4.0,False,61.0,2026-04-27T23:39:17.576413
TRK000000994,2023-12-08,2023-12-09,2023-12-07,In Transit,UPS,Midwest,508.83,433.3,20,False,False,-1.0,False,0.0,2026-04-27T23:39:17.576413
TRK000000269,2023-12-08,2023-08-13,2023-08-15,Delivered,UPS,Southeast,522.92,844.74,47,False,False,-115.0,False,2.0,2026-04-27T23:39:17.576413
TRK000001326,2023-12-08,2023-12-11,2023-12-11,In Transit,FEDEX,Midwest,596.05,795.66,40,False,False,3.0,False,0.0,2026-04-27T23:39:17.576413
TRK000002491,2023-12-08,2023-12-13,2023-12-12,In Transit,FEDEX,Southeast,534.16,709.39,45,False,False,4.0,False,0.0,2026-04-27T23:39:17.576413
API000434,2023-12-07,2023-12-11,2023-12-09,Delayed,DHL,Midwest,396.7,334.75,6,False,False,2.0,False,0.0,2026-04-27T23:39:17.576413
TRK000001968,2023-12-07,2023-10-12,2023-12-12,Cancelled,FEDEX,Midwest,481.47,836.46,39,False,False,5.0,False,61.0,2026-04-27T23:39:17.576413
TRK000001832,2023-12-07,2023-12-12,2023-12-12,Delayed,USPS,Southwest,371.48,729.08,14,False,False,5.0,False,0.0,2026-04-27T23:39:17.576413
TRK000000857,2023-12-07,2023-07-16,2023-07-20,Delayed,UPS,Midwest,570.39,861.98,32,False,False,-140.0,False,4.0,2026-04-27T23:39:17.576413
TRK000002518,2023-12-07,2023-12-12,2023-12-13,Delivered,DHL,West Coast,53.98,310.4,40,False,False,6.0,False,1.0,2026-04-27T23:39:17.576413
TRK000004184,2023-12-07,2023-12-13,,Delivered,UPS,Southeast,459.71,575.96,37,False,False,,False,,2026-04-27T23:39:17.576413
TRK000003239,2023-12-07,2023-12-11,,Delivered,FEDEX,Midwest,138.97,348.5,25,False,False,,False,,2026-04-27T23:39:17.576413
TRK000002740,2023-12-07,2023-07-19,2023-07-19,Cancelled,FEDEX,Northeast,71.21,731.91,47,False,False,-141.0,False,0.0,2026-04-27T23:39:17.576413
TRK000001367,2023-12-06,2023-12-09,2023-12-12,In Transit,DHL,Northeast,378.11,681.49,39,False,False,6.0,False,3.0,2026-04-27T23:39:17.576413
TRK000001625,2023-12-06,2023-12-10,,Delivered,FEDEX,West Coast,591.72,613.62,9,False,False,,False,,2026-04-27T23:39:17.576413
TRK000002508,2023-12-06,2023-06-13,2023-06-15,In Transit,XPO,Midwest,517.33,578.61,10,False,False,-174.0,False,2.0,2026-04-27T23:39:17.576413
TRK000003616,2023-12-06,2023-12-11,,Cancelled,XPO,Midwest,352.22,329.82,19,False,False,,False,,2026-04-27T23:39:17.576413
TRK000003170,2023-12-06,2023-12-13,2023-12-13,In Transit,UPS,Midwest,250.84,258.13,17,False,False,7.0,False,0.0,2026-04-27T23:39:17.576413
TRK000004840,2023-12-06,2023-12-13,2023-12-14,Delivered,UPS,Southwest,117.45,390.27,38,False,False,8.0,False,1.0,2026-04-27T23:39:17.576413
TRK000002639,2023-12-06,2023-10-12,,Delayed,FEDEX,Northeast,594.77,838.89,44,False,False,,False,,2026-04-27T23:39:17.576413
TRK000004708,2023-12-06,2023-12-07,2023-08-12,In Transit,FEDEX,West Coast,435.87,856.12,48,False,False,-116.0,False,0.0,2026-04-27T23:39:17.576413
TRK000001092,2023-12-05,2023-12-11,2023-12-11,In Transit,XPO,Southwest,164.04,617.59,33,False,False,6.0,False,0.0,2026-04-27T23:39:17.576413
API000396,2023-12-05,2023-12-08,,In Transit,DHL,Midwest,377.65,313.24,24,False,False,,False,,2026-04-27T23:39:17.576413
TRK000002442,2023-12-05,2023-12-08,2023-12-10,In Transit,DHL,Midwest,415.06,800.96,39,False,False,5.0,False,2.0,2026-04-27T23:39:17.576413
TRK000000418,2023-12-05,2023-12-06,,Delivered,DHL,Southeast,492.63,448.39,28,False,False,,False,,2026-04-27T23:39:17.576413
TRK000004925,2023-12-04,2023-12-10,2023-12-13,Delivered,FEDEX,Midwest,562.94,701.06,44,False,False,9.0,False,3.0,2026-04-27T23:39:17.576413
TRK000000802,2023-12-04,2023-04-14,2023-04-16,Delayed,UPS,Southeast,16.47,762.11,9,False,False,-232.0,False,2.0,2026-04-27T23:39:17.576413
TRK000001920,2023-12-04,2023-12-06,2023-12-06,Cancelled,DHL,Southeast,520.8,747.21,27,False,False,2.0,False,0.0,2026-04-27T23:39:17.576413
TRK000000535,2023-12-04,2023-09-12,2023-12-14,Delayed,FEDEX,Southwest,266.81,283.36,49,False,False,10.0,False,93.0,2026-04-27T23:39:17.576413
TRK000004367,2023-12-04,2023-06-12,2023-12-05,Delayed,XPO,West Coast,492.34,129.45,38,False,False,1.0,False,176.0,2026-04-27T23:39:17.576413
TRK000004220,2023-12-04,2023-12-08,2023-12-13,Delayed,FEDEX,Southwest,16.17,512.86,27,False,False,9.0,False,5.0,2026-04-27T23:39:17.576413
TRK000003010,2023-12-04,2023-04-14,2023-04-12,Delivered,USPS,Southwest,31.8,383.98,27,False,False,-236.0,True,0.0,2026-04-27T23:39:17.576413
TRK000000263,2023-12-03,2023-12-08,2023-12-13,In Transit,FEDEX,Midwest,499.43,165.42,18,False,False,10.0,False,5.0,2026-04-27T23:39:17.576413
API000296,2023-12-03,2023-12-05,2023-12-08,In Transit,DHL,Midwest,282.31,112.63,19,False,False,5.0,False,3.0,2026-04-27T23:39:17.576413
TRK000004910,2023-12-03,2023-12-08,2023-07-12,Delivered,FEDEX,West Coast,266.04,853.75,8,False,False,-144.0,True,0.0,2026-04-27T23:39:17.576413
TRK000002489,2023-12-03,2023-12-04,2023-05-12,Delivered,USPS,Southeast,233.51,143.2,41,False,False,-205.0,True,0.0,2026-04-27T23:39:17.576413
TRK000000155,2023-12-03,2023-03-17,2023-03-19,Cancelled,UPS,Southeast,521.08,541.2,21,False,False,-259.0,False,2.0,2026-04-27T23:39:17.576413
TRK000001658,2023-12-02,2023-12-04,2023-12-07,Cancelled,UPS,Southeast,318.31,664.06,44,False,False,5.0,False,3.0,2026-04-27T23:39:17.576413
TRK000003273,2023-12-02,2023-09-12,2023-12-09,Delivered,FEDEX,West Coast,573.21,516.83,38,False,False,7.0,False,88.0,2026-04-27T23:39:17.576413
TRK000001054,2023-12-02,2023-02-17,2023-02-21,Delivered,UPS,Midwest,62.88,535.67,8,False,False,-284.0,False,4.0,2026-04-27T23:39:17.576413
TRK000000757,2023-12-02,2023-12-03,2023-12-05,Delayed,UPS,Northeast,259.31,626.72,10,False,False,3.0,False,2.0,2026-04-27T23:39:17.576413
TRK000002827,2023-12-02,2023-02-13,,In Transit,XPO,Midwest,555.94,51.2,22,False,False,,False,,2026-04-27T23:39:17.576413
TRK000000540,2023-12-02,2023-12-09,2023-12-14,Delivered,DHL,West Coast,132.3,66.81,20,False,False,12.0,False,5.0,2026-04-27T23:39:17.576413
TRK000002514,2023-12-02,2023-12-09,2023-12-08,Cancelled,UPS,West Coast,262.26,624.31,20,False,False,6.0,False,0.0,2026-04-27T23:39:17.576413
TRK000002477,2023-12-02,2023-07-12,2023-12-05,Cancelled,UPS,Midwest,175.29,269.41,46,False,False,3.0,False,146.0,2026-04-27T23:39:17.576413
TRK000004806,2023-12-02,2023-12-06,,Cancelled,UPS,Southwest,371.63,277.24,36,False,False,,False,,2026-04-27T23:39:17.576413
TRK000001481,2023-12-01,2023-12-03,2023-12-04,Delivered,FEDEX,Midwest,466.03,497.43,46,False,False,3.0,False,1.0,2026-04-27T23:39:17.576413
TRK000004701,2023-12-01,2023-12-03,,Delivered,UPS,Southeast,437.46,750.48,14,False,False,,False,,2026-04-27T23:39:17.576413
TRK000002414,2023-12-01,2023-12-08,2023-12-09,Delivered,UPS,Midwest,271.21,803.35,35,False,False,8.0,False,1.0,2026-04-27T23:39:17.576413
TRK000004379,2023-12-01,2023-12-06,2023-10-12,Cancelled,DHL,Southwest,340.77,582.6,45,False,False,-50.0,False,0.0,2026-04-27T23:39:17.576413
TRK000001496,2023-12-01,2023-01-14,2023-01-17,Cancelled,UPS,Midwest,281.33,254.28,16,False,False,-318.0,False,3.0,2026-04-27T23:39:17.576413
TRK000003951,2023-12-01,2023-01-15,2023-01-16,Delayed,DHL,Southeast,387.76,803.86,36,False,False,-319.0,False,1.0,2026-04-27T23:39:17.576413
TRK000002121,2023-12-01,2023-12-02,,Delayed,FEDEX,Southeast,267.52,446.88,27,False,False,,False,,2026-04-27T23:39:17.576413
TRK000001874,2023-12-01,2023-12-07,2023-05-12,In Transit,FEDEX,West Coast,184.6,638.63,31,False,False,-203.0,False,0.0,2026-04-27T23:39:17.576413
TRK000000210,2023-12-01,2023-12-05,2023-12-10,Delivered,FEDEX,Northeast,34.98,803.27,33,False,False,9.0,False,5.0,2026-04-27T23:39:17.576413
TRK000003517,2023-12-01,2023-12-02,,Delayed,FEDEX,Southwest,61.57,200.16,20,False,False,,False,,2026-04-27T23:39:17.576413
TRK000003488,2023-12-01,2023-08-12,2023-12-11,Delayed,UPS,Northeast,176.23,669.6,25,False,False,10.0,False,121.0,2026-04-27T23:39:17.576413
TRK000003284,2023-11-30,2023-05-12,2023-12-10,Cancelled,UPS,Southeast,458.72,864.64,25,False,False,10.0,False,212.0,2026-04-27T23:39:17.576413
TRK000004534,2023-11-30,2023-12-06,2023-12-06,Delivered,FEDEX,Southwest,370.43,445.32,24,False,False,6.0,True,0.0,2026-04-27T23:39:17.576413
TRK000002571,2023-11-30,2023-06-12,2023-07-12,Cancelled,FEDEX,Southwest,85.66,259.11,7,False,False,-141.0,False,30.0,2026-04-27T23:39:17.576413
API000152,2023-11-30,2023-12-05,2023-12-07,In Transit,UPS,Midwest,352.52,283.69,16,False,False,7.0,False,2.0,2026-04-27T23:39:17.576413
TRK000002782,2023-11-30,2023-12-06,2023-12-11,Delivered,UPS,Northeast,179.79,108.99,25,False,False,11.0,False,5.0,2026-04-27T23:39:17.576413
TRK000001854,2023-11-29,2023-12-02,2023-12-06,In Transit,XPO,Southeast,244.99,118.81,1,False,False,7.0,False,4.0,2026-04-27T23:39:17.576413
TRK000002806,2023-11-29,2023-12-01,,Delayed,FEDEX,Northeast,104.81,171.81,30,False,False,,False,,2026-04-27T23:39:17.576413
TRK000003458,2023-11-29,2023-05-12,2023-12-06,In Transit,FEDEX,Southwest,435.15,720.95,30,False,False,7.0,False,208.0,2026-04-27T23:39:17.576413
TRK000000240,2023-11-29,2023-12-05,2023-12-05,In Transit,UPS,Southeast,107.63,229.66,50,False,False,6.0,False,0.0,2026-04-27T23:39:17.576413
TRK000000196,2023-11-29,2023-12-05,2023-12-07,Delayed,USPS,Northeast,502.61,110.3,15,False,False,8.0,False,2.0,2026-04-27T23:39:17.576413
TRK000004960,2023-11-28,2023-12-01,2023-11-30,Delivered,UPS,Midwest,163.03,158.84,40,False,False,2.0,True,0.0,2026-04-27T23:39:17.576413
TRK000001852,2023-11-28,2023-04-12,2023-12-07,Cancelled,DHL,Southwest,77.17,151.93,19,False,False,9.0,False,239.0,2026-04-27T23:39:17.576413
TRK000003856,2023-11-28,2023-12-04,2023-12-03,In Transit,FEDEX,Midwest,383.11,330.81,22,False,False,5.0,False,0.0,2026-04-27T23:39:17.576413
TRK000002501,2023-11-28,2023-12-03,2023-12-07,Delivered,XPO,West Coast,69.64,52.63,2,False,False,9.0,False,4.0,2026-04-27T23:39:17.576413
TRK000000904,2023-11-28,2023-12-01,2023-12-03,Delayed,FEDEX,Southeast,528.71,737.85,34,False,False,5.0,False,2.0,2026-04-27T23:39:17.576413
TRK000001366,2023-11-28,2023-12-05,2023-12-09,In Transit,UPS,Southeast,549.69,477.82,40,False,False,11.0,False,4.0,2026-04-27T23:39:17.576413
TRK000001119,2023-11-28,2023-05-12,,Delayed,FEDEX,Midwest,91.86,413.29,29,False,False,,False,,2026-04-27T23:39:17.576413
TRK000002099,2023-11-27,2023-12-01,2023-12-06,Cancelled,DHL,Midwest,472.03,392.26,15,False,False,9.0,False,5.0,2026-04-27T23:39:17.576413
TRK000001673,2023-11-27,2023-12-03,2023-12-05,Delivered,FEDEX,West Coast,335.47,898.7,28,False,False,8.0,False,2.0,2026-04-27T23:39:17.576413
TRK000003046,2023-11-27,2023-02-12,2023-12-04,Delivered,DHL,Northeast,421.24,893.46,21,False,False,7.0,False,295.0,2026-04-27T23:39:17.576413
TRK000003559,2023-11-27,2023-04-12,2023-12-09,In Transit,FEDEX,West Coast,238.0,834.74,24,False,False,12.0,False,241.0,2026-04-27T23:39:17.576413
TRK000000007,2023-11-27,2023-11-30,2023-01-12,Delayed,UPS,Midwest,135.33,62.52,9,False,False,-319.0,False,0.0,2026-04-27T23:39:17.576413
TRK000003131,2023-11-27,2023-12-04,2023-12-03,Delayed,UPS,Midwest,431.98,655.12,21,False,False,6.0,False,0.0,2026-04-27T23:39:17.576413
API000114,2023-11-27,2023-11-28,,In Transit,UPS,Midwest,31.48,141.0,29,False,False,,False,,2026-04-27T23:39:17.576413
TRK000001923,2023-11-27,2023-11-30,2023-11-29,Cancelled,FEDEX,Northeast,417.8,694.68,40,False,False,2.0,False,0.0,2026-04-27T23:39:17.576413
TRK000001002,2023-11-27,2023-04-12,,Cancelled,FEDEX,Southwest,459.23,620.13,49,False,False,,False,,2026-04-27T23:39:17.576413
TRK000003341,2023-11-26,2023-02-12,2023-05-12,In Transit,FEDEX,Midwest,55.17,713.82,26,False,False,-198.0,False,89.0,2026-04-27T23:39:17.576413
TRK000004479,2023-11-26,2023-11-28,2023-11-28,Delivered,UPS,West Coast,419.87,211.35,43,False,False,2.0,True,0.0,2026-04-27T23:39:17.576413
TRK000004244,2023-11-26,2023-11-30,2023-11-30,Delivered,FEDEX,Midwest,18.69,621.12,6,False,False,4.0,True,0.0,2026-04-27T23:39:17.576413
TRK000000734,2023-11-26,2023-11-28,,Delivered,FEDEX,West Coast,541.4,152.6,42,False,False,,False,,2026-04-27T23:39:17.576413
TRK000003185,2023-11-26,2023-11-28,2023-11-26,In Transit,UPS,Northeast,355.99,104.92,14,False,False,0.0,False,0.0,2026-04-27T23:39:17.576413
TRK000002113,2023-11-26,2023-11-28,2023-11-30,Delivered,FEDEX,Midwest,331.51,822.21,9,False,False,4.0,False,2.0,2026-04-27T23:39:17.576413
TRK000004036,2023-11-26,2023-11-28,2023-11-30,Cancelled,UPS,Midwest,266.78,782.51,26,False,False,4.0,False,2.0,2026-04-27T23:39:17.576413
TRK000004998,2023-11-26,2023-12-02,2023-12-04,Delivered,UPS,Midwest,129.66,768.06,29,False,False,8.0,False,2.0,2026-04-27T23:39:17.576413
TRK000001610,2023-11-26,2023-12-01,2023-11-30,Cancelled,XPO,Northeast,157.77,575.68,44,False,False,4.0,False,0.0,2026-04-27T23:39:17.576413
TRK000003062,2023-11-26,2023-12-03,2023-12-03,Cancelled,UPS,Midwest,472.1,273.25,29,False,False,7.0,False,0.0,2026-04-27T23:39:17.576413
TRK000002123,2023-11-26,2023-11-28,2023-12-03,Cancelled,USPS,Northeast,257.47,439.66,27,False,False,7.0,False,5.0,2026-04-27T23:39:17.576413
TRK000003445,2023-11-26,2023-11-28,2023-11-28,Delivered,UPS,Southwest,542.76,769.19,5,False,False,2.0,True,0.0,2026-04-27T23:39:17.576413
TRK000001881,2023-11-25,2023-11-26,,Cancelled,UPS,Southeast,567.38,804.92,44,False,False,,False,,2026-04-27T23:39:17.576413
TRK000003025,2023-11-25,2023-12-01,2023-12-02,Delivered,UPS,Southwest,258.59,396.9,9,False,False,7.0,False,1.0,2026-04-27T23:39:17.576413
TRK000001667,2023-11-25,2023-11-27,2023-11-30,Cancelled,UPS,Northeast,598.46,461.54,5,False,False,5.0,False,3.0,2026-04-27T23:39:17.576413
TRK000003800,2023-11-25,2023-11-28,2023-12-02,Delivered,XPO,West Coast,292.69,679.41,50,False,False,7.0,False,4.0,2026-04-27T23:39:17.576413
TRK000002987,2023-11-25,2023-02-12,,In Transit,XPO,Southeast,264.4,874.2,10,False,False,,False,,2026-04-27T23:39:17.576413
TRK000002351,2023-11-25,2023-11-30,2023-12-02,Delayed,USPS,Southeast,345.71,355.6,28,False,False,7.0,False,2.0,2026-04-27T23:39:17.576413
TRK000003110,2023-11-25,2023-11-26,2023-11-30,Delivered,FEDEX,Northeast,116.02,784.72,13,False,False,5.0,False,4.0,2026-04-27T23:39:17.576413
TRK000002164,2023-11-25,2023-01-12,2023-12-05,Cancelled,FEDEX,Northeast,158.57,387.96,13,False,False,10.0,False,327.0,2026-04-27T23:39:17.576413
TRK000004898,2023-11-25,2023-11-28,2023-12-03,Cancelled,FEDEX,Southwest,222.43,515.11,29,False,False,8.0,False,5.0,2026-04-27T23:39:17.576413
API000122,2023-11-25,2023-11-26,2023-12-02,Delayed,DHL,Midwest,310.82,674.96,5,False,False,7.0,False,6.0,2026-04-27T23:39:17.576413
TRK000001933,2023-11-24,2023-11-29,2023-11-29,Delivered,USPS,West Coast,352.95,443.56,16,False,False,5.0,True,0.0,2026-04-27T23:39:17.576413
TRK000003976,2023-11-24,2023-11-25,2023-11-23,Delayed,FEDEX,Midwest,82.6,390.56,40,False,False,-1.0,False,0.0,2026-04-27T23:39:17.576413
TRK000001155,2023-11-24,2023-11-29,,Delayed,XPO,Northeast,39.03,144.53,40,False,False,,False,,2026-04-27T23:39:17.576413
TRK000002792,2023-11-24,2023-11-27,2023-11-28,Cancelled,UPS,Midwest,439.11,812.46,15,False,False,4.0,False,1.0,2026-04-27T23:39:17.576413
TRK000000482,2023-11-24,2023-11-28,2023-11-28,Delivered,UPS,Midwest,100.04,765.8,43,False,False,4.0,True,0.0,2026-04-27T23:39:17.576413
TRK000001455,2023-11-24,2023-11-28,2023-12-02,In Transit,UPS,Midwest,350.15,470.28,17,False,False,8.0,False,4.0,2026-04-27T23:39:17.576413
TRK000004684,2023-11-24,2023-01-12,2023-11-30,Delivered,XPO,Midwest,173.88,559.62,45,False,False,6.0,False,322.0,2026-04-27T23:39:17.576413
TRK000000449,2023-11-24,2023-12-01,2023-12-03,Cancelled,XPO,Southeast,329.16,509.2,47,False,False,9.0,False,2.0,2026-04-27T23:39:17.576413
TRK000001697,2023-11-24,2023-12-01,2023-12-02,Cancelled,FEDEX,Midwest,329.26,817.42,27,False,False,8.0,False,1.0,2026-04-27T23:39:17.576413
TRK000004004,2023-11-24,2023-11-30,,Cancelled,FEDEX,Midwest,544.28,399.77,26,False,False,,False,,2026-04-27T23:39:17.576413
TRK000001564,2023-11-24,2023-11-27,2023-11-26,Delivered,UPS,Southeast,353.35,737.08,3,False,False,2.0,True,0.0,2026-04-27T23:39:17.576413
TRK000002960,2023-11-24,2023-11-29,2023-11-30,Delayed,UPS,Midwest,564.59,398.65,25,False,False,6.0,False,1.0,2026-04-27T23:39:17.576413
TRK000000232,2023-11-24,2023-01-12,2023-11-29,In Transit,USPS,Midwest,186.74,73.51,34,False,False,5.0,False,321.0,2026-04-27T23:39:17.576413
TRK000003817,2023-11-23,2023-11-28,2023-11-27,Delivered,UPS,Midwest,62.91,383.88,5,False,False,4.0,True,0.0,2026-04-27T23:39:17.576413
TRK000000105,2023-11-23,2023-11-26,2023-11-26,Delivered,UPS,Southeast,257.53,846.27,2,False,False,3.0,True,0.0,2026-04-27T23:39:17.576413
TRK000003783,2023-11-23,2023-11-27,2023-11-27,Delayed,FEDEX,Northeast,29.72,296.8,3,False,False,4.0,False,0.0,2026-04-27T23:39:17.576413
TRK000001803,2023-11-23,2023-11-26,2023-11-30,Cancelled,FEDEX,West Coast,539.4,839.98,2,False,False,7.0,False,4.0,2026-04-27T23:39:17.576413
TRK000001085,2023-11-23,2023-11-24,2023-11-25,Delivered,UPS,Southwest,205.88,790.21,1,False,False,2.0,False,1.0,2026-04-27T23:39:17.576413
API000367,2023-11-23,2023-11-28,,Delivered,UPS,Midwest,229.49,98.0,15,False,False,,False,,2026-04-27T23:39:17.576413
TRK000001931,2023-11-23,2023-11-30,2023-11-29,Delayed,FEDEX,Midwest,482.6,281.76,37,False,False,6.0,False,0.0,2026-04-27T23:39:17.576413
TRK000003693,2023-11-23,2023-11-25,,Cancelled,FEDEX,Northeast,149.12,850.37,7,False,False,,False,,2026-04-27T23:39:17.576413
TRK000002242,2023-11-23,2023-11-25,2023-11-23,In Transit,XPO,Southeast,420.66,411.38,4,False,False,0.0,False,0.0,2026-04-27T23:39:17.576413
TRK000003390,2023-11-23,2023-11-30,,Delivered,UPS,Midwest,278.01,845.99,47,False,False,,False,,2026-04-27T23:39:17.576413
API000264,2023-11-22,2023-11-25,2023-11-23,Delivered,DHL,Midwest,332.01,347.5,8,False,False,1.0,True,0.0,2026-04-27T23:39:17.576413
TRK000004287,2023-11-22,2023-11-27,2023-11-26,Delivered,UPS,Midwest,41.59,495.12,6,False,False,4.0,True,0.0,2026-04-27T23:39:17.576413
TRK000004614,2023-11-22,2023-11-28,2023-11-29,In Transit,USPS,Midwest,575.15,746.93,8,False,False,7.0,False,1.0,2026-04-27T23:39:17.576413
TRK000003365,2023-11-22,2023-11-24,2023-11-28,Delayed,DHL,West Coast,176.95,303.29,5,False,False,6.0,False,4.0,2026-04-27T23:39:17.576413
TRK000001017,2023-11-22,2023-11-25,2023-11-25,Cancelled,UPS,Northeast,139.31,378.81,24,False,False,3.0,False,0.0,2026-04-27T23:39:17.576413
TRK000001077,2023-11-22,2023-11-25,2023-11-28,Delayed,FEDEX,Midwest,494.14,692.06,23,False,False,6.0,False,3.0,2026-04-27T23:39:17.576413
TRK000004097,2023-11-22,2023-11-23,2023-11-22,In Transit,XPO,Southeast,32.01,261.18,31,False,False,0.0,False,0.0,2026-04-27T23:39:17.576413
TRK000001850,2023-11-21,2023-11-22,2023-11-26,Cancelled,UPS,Midwest,68.58,465.0,9,False,False,5.0,False,4.0,2026-04-27T23:39:17.576413
TRK000004324,2023-11-21,2023-11-28,2023-11-26,Cancelled,USPS,Northeast,512.67,511.91,43,False,False,5.0,False,0.0,2026-04-27T23:39:17.576413
TRK000003491,2023-11-21,2023-11-24,2023-11-28,Delayed,USPS,Midwest,44.9,172.82,6,False,False,7.0,False,4.0,2026-04-27T23:39:17.576413
TRK000004650,2023-11-21,2023-11-25,2023-11-28,Delivered,DHL,Southwest,121.85,536.66,41,False,False,7.0,False,3.0,2026-04-27T23:39:17.576413
TRK000002220,2023-11-21,2023-11-28,2023-12-01,Cancelled,USPS,Northeast,68.66,785.94,34,False,False,10.0,False,3.0,2026-04-27T23:39:17.576413
TRK000003864,2023-11-21,2023-11-22,2023-11-27,Delayed,UPS,Midwest,581.71,843.75,7,False,False,6.0,False,5.0,2026-04-27T23:39:17.576413
TRK000003361,2023-11-21,2023-11-26,2023-12-01,Cancelled,FEDEX,Midwest,198.46,476.73,45,False,False,10.0,False,5.0,2026-04-27T23:39:17.576413
TRK000002196,2023-11-21,2023-11-27,2023-11-28,Delayed,FEDEX,Midwest,565.6,825.18,26,False,False,7.0,False,1.0,2026-04-27T23:39:17.576413
TRK000004243,2023-11-20,2023-11-22,2023-11-22,In Transit,XPO,Midwest,506.34,352.13,39,False,False,2.0,False,0.0,2026-04-27T23:39:17.576413
TRK000004901,2023-11-20,2023-11-27,2023-12-02,Cancelled,DHL,Southeast,220.91,305.05,36,False,False,12.0,False,5.0,2026-04-27T23:39:17.576413
TRK000002026,2023-11-20,2023-11-24,2023-11-24,Delivered,UPS,Southwest,299.52,319.32,34,False,False,4.0,True,0.0,2026-04-27T23:39:17.576413
TRK000002746,2023-11-20,2023-11-21,,In Transit,UPS,Midwest,393.22,678.71,25,False,False,,False,,2026-04-27T23:39:17.576413
TRK000001165,2023-11-20,2023-11-27,,Cancelled,UPS,Midwest,99.89,577.18,49,False,False,,False,,2026-04-27T23:39:17.576413
TRK000004883,2023-11-20,2023-11-25,2023-11-23,Cancelled,FEDEX,Midwest,344.67,554.83,37,False,False,3.0,False,0.0,2026-04-27T23:39:17.576413
TRK000004909,2023-11-19,2023-11-24,2023-11-25,In Transit,UPS,Southeast,53.91,344.55,13,False,False,6.0,False,1.0,2026-04-27T23:39:17.576413
TRK000002871,2023-11-19,2023-11-22,2023-11-25,In Transit,UPS,Southeast,24.03,-616.91,9,True,False,6.0,False,3.0,2026-04-27T23:39:17.576413
TRK000001365,2023-11-19,2023-11-24,,In Transit,DHL,West Coast,35.33,94.86,39,False,False,,False,,2026-04-27T23:39:17.576413
TRK000003947,2023-11-19,2023-11-21,2023-11-24,Delivered,FEDEX,Northeast,479.64,505.02,9,False,False,5.0,False,3.0,2026-04-27T23:39:17.576413
TRK000001070,2023-11-19,2023-11-26,2023-11-29,In Transit,FEDEX,Midwest,501.42,615.32,9,False,False,10.0,False,3.0,2026-04-27T23:39:17.576413
TRK000003451,2023-11-19,2023-11-25,2023-11-26,Delivered,UPS,Midwest,598.67,99.03,1,False,False,7.0,False,1.0,2026-04-27T23:39:17.576413
TRK000001689,2023-11-19,2023-11-25,,In Transit,FEDEX,West Coast,29.95,669.18,13,False,False,,False,,2026-04-27T23:39:17.576413
TRK000001301,2023-11-19,2023-11-21,2023-11-24,Delayed,DHL,Midwest,526.17,392.25,17,False,False,5.0,False,3.0,2026-04-27T23:39:17.576413
TRK000001176,2023-11-18,2023-11-22,2023-11-27,In Transit,FEDEX,Midwest,418.92,863.92,9,False,False,9.0,False,5.0,2026-04-27T23:39:17.576413
TRK000001890,2023-11-18,2023-11-22,2023-11-26,In Transit,XPO,Southeast,434.62,447.22,18,False,False,8.0,False,4.0,2026-04-27T23:39:17.576413
TRK000000935,2023-11-18,2023-11-25,2023-11-23,Delayed,FEDEX,Southwest,465.33,578.05,42,False,False,5.0,False,0.0,2026-04-27T23:39:17.576413
TRK000000870,2023-11-18,2023-11-19,2023-11-19,Delivered,UPS,Southwest,360.63,471.44,20,False,False,1.0,True,0.0,2026-04-27T23:39:17.576413
TRK000001670,2023-11-18,2023-11-19,,In Transit,FEDEX,Midwest,187.86,136.53,20,False,False,,False,,2026-04-27T23:39:17.576413
TRK000003832,2023-11-18,2023-11-21,,Delivered,UPS,Midwest,469.16,287.81,26,False,False,,False,,2026-04-27T23:39:17.576413
TRK000004524,2023-11-18,2023-11-25,2023-11-30,Delayed,FEDEX,Midwest,490.02,93.2,48,False,False,12.0,False,5.0,2026-04-27T23:39:17.576413
TRK000002383,2023-11-18,2023-11-22,2023-11-26,Delivered,XPO,Southwest,404.45,425.39,15,False,False,8.0,False,4.0,2026-04-27T23:39:17.576413
TRK000000782,2023-11-18,2023-11-20,2023-11-23,Delayed,DHL,Midwest,363.66,124.44,41,False,False,5.0,False,3.0,2026-04-27T23:39:17.576413
TRK000000096,2023-11-18,2023-11-19,2023-11-24,Delivered,USPS,Midwest,196.6,284.56,31,False,False,6.0,False,5.0,2026-04-27T23:39:17.576413
TRK000000030,2023-11-18,2023-11-20,,Delivered,FEDEX,Midwest,267.25,414.18,28,False,False,,False,,2026-04-27T23:39:17.576413
TRK000000990,2023-11-17,2023-11-20,2023-11-24,Delayed,DHL,Southwest,153.33,734.97,38,False,False,7.0,False,4.0,2026-04-27T23:39:17.576413
TRK000000209,2023-11-17,2023-11-20,2023-11-19,Delivered,XPO,Northeast,416.18,807.83,16,False,False,2.0,True,0.0,2026-04-27T23:39:17.576413
TRK000002324,2023-11-17,2023-11-22,2023-11-20,Delivered,UPS,Southwest,86.98,668.93,38,False,False,3.0,True,0.0,2026-04-27T23:39:17.576413
TRK000000981,2023-11-17,2023-11-19,2023-11-20,Delayed,UPS,Midwest,439.93,390.21,3,False,False,3.0,False,1.0,2026-04-27T23:39:17.576413
TRK000002139,2023-11-17,2023-11-18,2023-11-23,In Transit,UPS,Northeast,190.01,790.93,32,False,False,6.0,False,5.0,2026-04-27T23:39:17.576413
TRK000002669,2023-11-17,2023-11-22,2023-11-22,Delayed,FEDEX,Southeast,10.54,693.08,13,False,False,5.0,False,0.0,2026-04-27T23:39:17.576413
TRK000003567,2023-11-17,2023-11-22,2023-11-26,In Transit,FEDEX,Midwest,116.72,687.66,50,False,False,9.0,False,4.0,2026-04-27T23:39:17.576413
TRK000002378,2023-11-17,2023-11-20,2023-11-21,Delayed,UPS,Midwest,539.81,748.29,6,False,False,4.0,False,1.0,2026-04-27T23:39:17.576413
TRK000002325,2023-11-17,2023-11-23,,In Transit,USPS,Midwest,216.86,276.74,37,False,False,,False,,2026-04-27T23:39:17.576413
TRK000001015,2023-11-16,2023-11-17,,Delivered,USPS,Southeast,475.14,848.37,17,False,False,,False,,2026-04-27T23:39:17.576413
TRK000000180,2023-11-16,2023-11-19,2023-11-17,Delivered,UPS,Southeast,341.32,258.12,9,False,False,1.0,True,0.0,2026-04-27T23:39:17.576413
TRK000000190,2023-11-16,2023-11-21,2023-11-24,Delivered,USPS,West Coast,352.28,314.51,44,False,False,8.0,False,3.0,2026-04-27T23:39:17.576413
TRK000004693,2023-11-16,2023-11-21,2023-11-25,In Transit,USPS,Midwest,494.79,291.04,28,False,False,9.0,False,4.0,2026-04-27T23:39:17.576413
TRK000003863,2023-11-16,2023-11-18,,In Transit,FEDEX,West Coast,112.2,189.39,16,False,False,,False,,2026-04-27T23:39:17.576413
TRK000000678,2023-11-16,2023-11-20,,Delayed,FEDEX,Midwest,282.06,333.28,24,False,False,,False,,2026-04-27T23:39:17.576413
TRK000004530,2023-11-15,2023-11-17,,Delayed,USPS,Midwest,336.19,427.31,4,False,False,,False,,2026-04-27T23:39:17.576413
API000194,2023-11-15,2023-11-16,2023-11-21,Delivered,FEDEX,West Coast,188.75,125.46,3,False,False,6.0,False,5.0,2026-04-27T23:39:17.576413
TRK000002787,2023-11-15,2023-11-16,2023-11-21,Delivered,UPS,Midwest,85.52,155.33,42,False,False,6.0,False,5.0,2026-04-27T23:39:17.576413
API000225,2023-11-15,2023-11-17,2023-11-20,In Transit,DHL,Midwest,306.28,137.9,22,False,False,5.0,False,3.0,2026-04-27T23:39:17.576413
TRK000000236,2023-11-15,2023-11-19,2023-11-18,Cancelled,FEDEX,West Coast,349.11,6846.78,13,False,True,3.0,False,0.0,2026-04-27T23:39:17.576413
TRK000002106,2023-11-15,2023-11-17,2023-11-15,Delivered,XPO,Midwest,384.7,778.93,46,False,False,0.0,True,0.0,2026-04-27T23:39:17.576413
TRK000003427,2023-11-15,2023-11-18,2023-11-22,Delayed,UPS,Midwest,57.32,797.2,17,False,False,7.0,False,4.0,2026-04-27T23:39:17.576413
TRK000001859,2023-11-15,2023-11-22,2023-11-20,Delivered,FEDEX,Midwest,378.45,132.38,30,False,False,5.0,True,0.0,2026-04-27T23:39:17.576413
TRK000004519,2023-11-15,2023-11-20,2023-11-20,Cancelled,FEDEX,Midwest,12.1,631.71,39,False,False,5.0,False,0.0,2026-04-27T23:39:17.576413
TRK000004638,2023-11-14,2023-11-20,2023-11-18,Cancelled,UPS,Southeast,245.44,194.59,45,False,False,4.0,False,0.0,2026-04-27T23:39:17.576413
TRK000004751,2023-11-14,2023-11-18,2023-11-17,Delivered,DHL,Southwest,530.49,367.31,41,False,False,3.0,True,0.0,2026-04-27T23:39:17.576413
TRK000003348,2023-11-14,2023-11-18,2023-11-19,Cancelled,DHL,Southwest,429.44,115.98,31,False,False,5.0,False,1.0,2026-04-27T23:39:17.576413
TRK000000885,2023-11-14,2023-11-19,2023-11-23,In Transit,FEDEX,Southwest,28.35,752.07,2,False,False,9.0,False,4.0,2026-04-27T23:39:17.576413
TRK000004973,2023-11-14,2023-11-18,2023-11-16,In Transit,UPS,Midwest,311.42,378.77,32,False,False,2.0,False,0.0,2026-04-27T23:39:17.576413
TRK000004489,2023-11-14,2023-11-16,2023-11-18,Delivered,FEDEX,West Coast,231.54,451.38,46,False,False,4.0,False,2.0,2026-04-27T23:39:17.576413
TRK000003999,2023-11-14,2023-11-19,2023-11-20,Cancelled,DHL,Midwest,245.28,860.3,45,False,False,6.0,False,1.0,2026-04-27T23:39:17.576413
API000426,2023-11-13,2023-11-17,2023-11-18,In Transit,UPS,Northeast,265.36,658.17,8,False,False,5.0,False,1.0,2026-04-27T23:39:17.576413
API000471,2023-11-13,2023-11-17,,Delivered,FEDEX,Northeast,94.48,291.52,16,False,False,,False,,2026-04-27T23:39:17.576413
TRK000002186,2023-11-13,2023-11-15,2023-11-17,Delayed,FEDEX,Midwest,8.94,645.21,6,False,False,4.0,False,2.0,2026-04-27T23:39:17.576413
API000207,2023-11-13,2023-11-17,2023-11-21,Delivered,FEDEX,West Coast,324.21,620.76,3,False,False,8.0,False,4.0,2026-04-27T23:39:17.576413
TRK000002684,2023-11-13,2023-11-15,2023-11-13,Delivered,UPS,Midwest,566.16,254.28,1,False,False,0.0,True,0.0,2026-04-27T23:39:17.576413
TRK000000640,2023-11-13,2023-11-19,2023-11-19,Delivered,FEDEX,Midwest,555.25,464.44,29,False,False,6.0,True,0.0,2026-04-27T23:39:17.576413
TRK000003120,2023-11-13,2023-11-16,2023-11-21,Delivered,FEDEX,Southeast,470.29,803.02,18,False,False,8.0,False,5.0,2026-04-27T23:39:17.576413
API000271,2023-11-13,2023-11-15,2023-11-16,Delayed,DHL,Midwest,20.48,135.25,23,False,False,3.0,False,1.0,2026-04-27T23:39:17.576413
TRK000003254,2023-11-12,2023-11-19,,Delivered,FEDEX,Northeast,582.24,812.01,27,False,False,,False,,2026-04-27T23:39:17.576413
TRK000001420,2023-11-12,2023-11-13,2023-11-14,Delivered,FEDEX,Northeast,524.35,643.64,45,False,False,2.0,False,1.0,2026-04-27T23:39:17.576413
TRK000000325,2023-11-12,2023-11-16,,Delivered,XPO,Southwest,329.01,237.89,13,False,False,,False,,2026-04-27T23:39:17.576413
TRK000002969,2023-11-12,2023-11-16,2023-11-16,In Transit,FEDEX,Midwest,423.13,505.61,23,False,False,4.0,False,0.0,2026-04-27T23:39:17.576413
TRK000003270,2023-11-12,2023-12-17,2023-12-16,Delayed,FEDEX,West Coast,431.36,188.86,11,False,False,34.0,False,0.0,2026-04-27T23:39:17.576413
TRK000002855,2023-11-12,2023-11-19,2023-11-17,Delivered,DHL,Midwest,331.77,170.21,6,False,False,5.0,True,0.0,2026-04-27T23:39:17.576413
TRK000004885,2023-11-12,2023-12-18,2023-12-20,In Transit,FEDEX,Southeast,135.96,470.17,48,False,False,38.0,False,2.0,2026-04-27T23:39:17.576413
API000280,2023-11-12,2023-11-16,2023-11-13,In Transit,UPS,West Coast,128.88,365.22,14,False,False,1.0,False,0.0,2026-04-27T23:39:17.576413
TRK000001643,2023-11-12,2023-11-14,2023-11-15,In Transit,UPS,Southwest,414.36,453.22,7,False,False,3.0,False,1.0,2026-04-27T23:39:17.576413
TRK000000161,2023-11-11,2023-11-13,2023-11-12,In Transit,XPO,Midwest,431.47,212.58,35,False,False,1.0,False,0.0,2026-04-27T23:39:17.576413
TRK000001966,2023-11-11,2023-11-13,,Delayed,UPS,Midwest,80.75,261.08,31,False,False,,False,,2026-04-27T23:39:17.576413
TRK000000332,2023-11-11,2023-11-16,2023-11-15,Delayed,UPS,Southwest,257.6,644.42,12,False,False,4.0,False,0.0,2026-04-27T23:39:17.576413
TRK000004457,2023-11-11,2023-11-16,2023-11-15,Delivered,UPS,Midwest,44.29,575.0,9,False,False,4.0,True,0.0,2026-04-27T23:39:17.576413
TRK000004686,2023-11-11,2023-11-15,2023-11-15,Delivered,FEDEX,West Coast,112.89,885.27,31,False,False,4.0,True,0.0,2026-04-27T23:39:17.576413
TRK000000217,2023-11-11,2023-11-17,,In Transit,UPS,Midwest,36.27,575.41,49,False,False,,False,,2026-04-27T23:39:17.576413
TRK000004416,2023-11-11,2023-11-14,2023-12-11,Delivered,UPS,Northeast,343.5,467.96,39,False,False,30.0,False,27.0,2026-04-27T23:39:17.576413
TRK000003403,2023-11-11,2023-11-15,2023-11-20,Delivered,UPS,Southwest,291.58,216.01,37,False,False,9.0,False,5.0,2026-04-27T23:39:17.576413
TRK000003272,2023-11-11,2023-11-18,2023-11-20,Cancelled,XPO,Southeast,329.81,178.75,31,False,False,9.0,False,2.0,2026-04-27T23:39:17.576413
TRK000001957,2023-11-11,2023-11-18,,Delivered,USPS,Southwest,94.9,719.77,36,False,False,,False,,2026-04-27T23:39:17.576413
TRK000002210,2023-11-11,2023-11-16,2023-11-20,Cancelled,DHL,Southwest,471.86,675.42,36,False,False,9.0,False,4.0,2026-04-27T23:39:17.576413
TRK000002293,2023-11-10,2023-11-13,,Cancelled,UPS,Midwest,151.7,814.57,23,False,False,,False,,2026-04-27T23:39:17.576413
TRK000002180,2023-11-10,2023-11-11,2023-11-13,Cancelled,XPO,Midwest,505.96,376.82,33,False,False,3.0,False,2.0,2026-04-27T23:39:17.576413
TRK000002847,2023-11-09,2023-11-14,2023-11-19,In Transit,XPO,Midwest,304.98,482.29,23,False,False,10.0,False,5.0,2026-04-27T23:39:17.576413
TRK000003554,2023-11-09,2023-11-14,2023-11-14,Delivered,FEDEX,Midwest,299.8,523.44,30,False,False,5.0,True,0.0,2026-04-27T23:39:17.576413
TRK000002177,2023-11-09,2023-09-16,2023-09-14,Delayed,UPS,Southeast,356.12,505.71,29,False,False,-56.0,False,0.0,2026-04-27T23:39:17.576413
TRK000000754,2023-11-09,2023-12-11,2023-11-10,Delayed,FEDEX,West Coast,339.22,704.49,6,False,False,1.0,False,0.0,2026-04-27T23:39:17.576413
API000021,2023-11-08,2023-11-10,,Delivered,UPS,West Coast,72.4,199.02,27,False,False,,False,,2026-04-27T23:39:17.576413
TRK000003202,2023-11-08,2023-11-14,2023-11-15,In Transit,FEDEX,Midwest,599.65,296.05,36,False,False,7.0,False,1.0,2026-04-27T23:39:17.576413
TRK000001749,2023-11-08,2023-11-09,2023-11-12,Cancelled,USPS,Southeast,320.5,816.5,39,False,False,4.0,False,3.0,2026-04-27T23:39:17.576413
TRK000002896,2023-11-08,2023-10-11,2023-11-12,Cancelled,FEDEX,Midwest,472.47,643.66,12,False,False,4.0,False,32.0,2026-04-27T23:39:17.576413
TRK000000157,2023-11-08,2023-11-13,2023-11-14,Delivered,DHL,Southwest,290.16,816.2,50,False,False,6.0,False,1.0,2026-04-27T23:39:17.576413
TRK000001900,2023-11-07,2023-07-12,2023-07-16,Delivered,UPS,Southwest,497.47,895.67,4,False,False,-114.0,False,4.0,2026-04-27T23:39:17.576413
API000023,2023-11-07,2023-11-12,2023-11-08,Delivered,FEDEX,Northeast,113.36,214.41,10,False,False,1.0,True,0.0,2026-04-27T23:39:17.576413
TRK000002545,2023-11-07,2023-10-11,,Delayed,UPS,Southeast,564.06,556.01,25,False,False,,False,,2026-04-27T23:39:17.576413
TRK000004834,2023-11-07,2023-11-14,2023-11-15,In Transit,FEDEX,Midwest,522.08,883.1,37,False,False,8.0,False,1.0,2026-04-27T23:39:17.576413
API000366,2023-11-07,2023-11-09,,In Transit,DHL,Northeast,327.62,665.65,22,False,False,,False,,2026-04-27T23:39:17.576413
TRK000002702,2023-11-07,2023-07-18,2023-07-17,Delayed,UPS,Southeast,388.33,476.8,30,False,False,-113.0,False,0.0,2026-04-27T23:39:17.576413
TRK000004171,2023-11-07,2023-12-11,2023-11-13,Delivered,DHL,West Coast,403.19,640.12,39,False,False,6.0,True,0.0,2026-04-27T23:39:17.576413
TRK000000950,2023-11-07,2023-11-08,2023-11-13,Cancelled,FEDEX,Midwest,187.9,157.43,43,False,False,6.0,False,5.0,2026-04-27T23:39:17.576413
TRK000004185,2023-11-06,2023-06-14,2023-06-12,In Transit,XPO,Midwest,349.38,576.65,24,False,False,-147.0,False,0.0,2026-04-27T23:39:17.576413
TRK000004114,2023-11-06,2023-06-12,2023-06-10,Delivered,FEDEX,Northeast,120.48,673.11,7,False,False,-149.0,True,0.0,2026-04-27T23:39:17.576413
TRK000000646,2023-11-06,2023-11-08,,Delayed,UPS,West Coast,299.63,197.37,46,False,False,,False,,2026-04-27T23:39:17.576413
TRK000002902,2023-11-06,2023-11-12,2023-11-16,Delayed,USPS,Midwest,196.84,392.76,39,False,False,10.0,False,4.0,2026-04-27T23:39:17.576413
TRK000000985,2023-11-06,2023-11-07,2023-11-08,Delivered,FEDEX,West Coast,490.86,211.0,11,False,False,2.0,False,1.0,2026-04-27T23:39:17.576413
TRK000001733,2023-11-06,2023-11-10,2023-11-09,In Transit,XPO,Northeast,540.9,95.96,8,False,False,3.0,False,0.0,2026-04-27T23:39:17.576413
TRK000000829,2023-11-06,2023-11-09,2023-11-10,Delayed,FEDEX,Southwest,65.1,101.07,26,False,False,4.0,False,1.0,2026-04-27T23:39:17.576413
TRK000001095,2023-11-05,2023-11-08,2023-11-09,Cancelled,FEDEX,Midwest,126.11,509.27,4,False,False,4.0,False,1.0,2026-04-27T23:39:17.576413
TRK000001561,2023-11-05,2023-11-11,2023-11-16,Delivered,UPS,Southwest,19.51,145.85,37,False,False,11.0,False,5.0,2026-04-27T23:39:17.576413
TRK000003230,2023-11-05,2023-11-09,2023-11-12,In Transit,DHL,Midwest,100.15,395.75,36,False,False,7.0,False,3.0,2026-04-27T23:39:17.576413
TRK000003681,2023-11-05,2023-05-18,2023-05-17,Delayed,USPS,Midwest,337.37,377.54,26,False,False,-172.0,False,0.0,2026-04-27T23:39:17.576413
TRK000004720,2023-11-05,2023-11-07,2023-11-06,Delivered,DHL,Southwest,123.2,738.57,30,False,False,1.0,True,0.0,2026-04-27T23:39:17.576413
TRK000003281,2023-11-05,2023-05-15,,In Transit,FEDEX,Southeast,20.96,848.95,4,False,False,,False,,2026-04-27T23:39:17.576413
TRK000004956,2023-11-05,2023-10-11,2023-11-12,Delayed,USPS,Midwest,112.05,548.87,2,False,False,7.0,False,32.0,2026-04-27T23:39:17.576413
TRK000001068,2023-11-04,2023-11-08,2023-11-12,Cancelled,XPO,Southwest,543.2,93.59,7,False,False,8.0,False,4.0,2026-04-27T23:39:17.576413
TRK000000968,2023-11-04,2023-11-10,2023-11-12,Delivered,USPS,Northeast,597.93,291.1,31,False,False,8.0,False,2.0,2026-04-27T23:39:17.576413
TRK000004230,2023-11-04,2023-11-08,2023-11-08,Delivered,FEDEX,Northeast,85.87,747.23,48,False,False,4.0,True,0.0,2026-04-27T23:39:17.576413
TRK000002493,2023-11-04,2023-04-13,2023-04-14,Delayed,FEDEX,Southwest,114.18,591.1,46,False,False,-204.0,False,1.0,2026-04-27T23:39:17.576413
TRK000004433,2023-11-04,2023-04-13,2023-04-18,Delivered,FEDEX,Southwest,356.93,220.24,18,False,False,-200.0,False,5.0,2026-04-27T23:39:17.576413
TRK000001605,2023-11-04,2023-11-11,2023-11-15,Delayed,UPS,Midwest,432.47,301.16,17,False,False,11.0,False,4.0,2026-04-27T23:39:17.576413
API000338,2023-11-04,2023-11-08,2023-11-10,In Transit,FEDEX,West Coast,85.34,232.46,16,False,False,6.0,False,2.0,2026-04-27T23:39:17.576413
TRK000003980,2023-11-04,2023-11-07,2023-11-05,In Transit,FEDEX,West Coast,419.88,697.77,6,False,False,1.0,False,0.0,2026-04-27T23:39:17.576413
TRK000000891,2023-11-04,2023-11-09,,Delayed,DHL,Midwest,557.2,762.73,21,False,False,,False,,2026-04-27T23:39:17.576413
TRK000004424,2023-11-04,2023-11-08,2023-11-12,In Transit,FEDEX,Northeast,164.93,824.08,4,False,False,8.0,False,4.0,2026-04-27T23:39:17.576413
TRK000003054,2023-11-04,2023-11-06,2023-11-10,In Transit,FEDEX,Midwest,446.32,848.8,25,False,False,6.0,False,4.0,2026-04-27T23:39:17.576413
TRK000002322,2023-11-04,2023-04-12,2023-04-15,Delayed,USPS,Southeast,49.61,681.12,20,False,False,-203.0,False,3.0,2026-04-27T23:39:17.576413
API000219,2023-11-03,2023-11-07,2023-11-04,Delivered,UPS,Northeast,174.03,98.73,25,False,False,1.0,True,0.0,2026-04-27T23:39:17.576413
API000068,2023-11-03,2023-11-07,2023-11-11,Delayed,UPS,Northeast,292.83,513.64,22,False,False,8.0,False,4.0,2026-04-27T23:39:17.576413
TRK000003577,2023-11-03,2023-11-07,2023-11-05,In Transit,USPS,Northeast,295.46,146.55,2,False,False,2.0,False,0.0,2026-04-27T23:39:17.576413
TRK000003788,2023-11-03,2023-11-05,2023-11-07,Delivered,FEDEX,Midwest,295.18,371.78,40,False,False,4.0,False,2.0,2026-04-27T23:39:17.576413
API000402,2023-11-03,2023-11-08,,Delivered,UPS,Northeast,68.64,335.9,22,False,False,,False,,2026-04-27T23:39:17.576413
TRK000002088,2023-11-03,2023-09-11,2023-11-07,In Transit,USPS,Northeast,458.05,638.73,22,False,False,4.0,False,57.0,2026-04-27T23:39:17.576413
TRK000003180,2023-11-03,2023-03-18,,Delivered,FEDEX,Midwest,261.9,552.76,34,False,False,,False,,2026-04-27T23:39:17.576413
TRK000000169,2023-11-03,2023-11-09,2023-11-11,In Transit,XPO,West Coast,140.09,840.7,41,False,False,8.0,False,2.0,2026-04-27T23:39:17.576413
TRK000000080,2023-11-03,2023-11-10,2023-11-11,Delayed,FEDEX,West Coast,40.73,581.72,13,False,False,8.0,False,1.0,2026-04-27T23:39:17.576413
TRK000003405,2023-11-03,2023-05-11,2023-08-11,Delivered,USPS,Midwest,57.68,651.47,6,False,False,-84.0,False,92.0,2026-04-27T23:39:17.576413
TRK000000976,2023-11-03,2023-10-11,2023-11-08,Cancelled,DHL,Northeast,104.81,287.57,11,False,False,5.0,False,28.0,2026-04-27T23:39:17.576413
TRK000002798,2023-11-02,2023-11-05,2023-11-07,Cancelled,FEDEX,Northeast,356.71,71.49,49,False,False,5.0,False,2.0,2026-04-27T23:39:17.576413
TRK000002621,2023-11-02,2023-11-04,2023-11-04,In Transit,XPO,Midwest,441.92,650.32,46,False,False,2.0,False,0.0,2026-04-27T23:39:17.576413
TRK000000868,2023-11-02,2023-11-09,2023-11-09,Delayed,USPS,Midwest,575.01,11467.1,11,False,True,7.0,False,0.0,2026-04-27T23:39:17.576413
TRK000003048,2023-11-02,2023-02-13,,Delayed,FEDEX,Midwest,208.79,881.29,11,False,False,,False,,2026-04-27T23:39:17.576413
TRK000004170,2023-11-02,2023-04-11,2023-03-11,Delivered,FEDEX,Southwest,344.77,53.62,50,False,False,-236.0,True,0.0,2026-04-27T23:39:17.576413
TRK000002745,2023-11-01,2023-01-12,2023-01-15,Cancelled,XPO,Southwest,125.38,688.23,26,False,False,-290.0,False,3.0,2026-04-27T23:39:17.576413
TRK000001450,2023-11-01,2023-01-15,2023-01-14,Delivered,DHL,Midwest,249.7,684.2,44,False,False,-291.0,True,0.0,2026-04-27T23:39:17.576413
TRK000002144,2023-11-01,2023-01-17,2023-01-19,Delivered,UPS,Midwest,308.04,373.57,28,False,False,-286.0,False,2.0,2026-04-27T23:39:17.576413
TRK000003208,2023-11-01,2023-01-13,,In Transit,UPS,Southeast,485.69,729.47,18,False,False,,False,,2026-04-27T23:39:17.576413
TRK000002823,2023-11-01,2023-11-03,2023-04-11,Delayed,FEDEX,Midwest,203.2,585.21,26,False,False,-204.0,False,0.0,2026-04-27T23:39:17.576413
TRK000000867,2023-11-01,2023-11-05,2023-11-05,Delivered,UPS,Northeast,531.44,402.79,11,False,False,4.0,True,0.0,2026-04-27T23:39:17.576413
TRK000000277,2023-10-31,2023-02-11,2023-11-01,Delayed,FEDEX,Midwest,258.74,130.23,32,False,False,1.0,False,263.0,2026-04-27T23:39:17.576413
TRK000004596,2023-10-31,2023-11-02,2023-11-04,Delivered,UPS,Midwest,204.62,679.3,50,False,False,4.0,False,2.0,2026-04-27T23:39:17.576413
TRK000004026,2023-10-31,2023-07-11,2023-11-10,Delivered,UPS,Midwest,90.22,796.93,37,False,False,10.0,False,122.0,2026-04-27T23:39:17.576413
API000139,2023-10-31,2023-11-04,2023-11-04,Delayed,UPS,Northeast,399.13,574.83,10,False,False,4.0,False,0.0,2026-04-27T23:39:17.576413
TRK000000629,2023-10-30,2023-11-02,2023-11-06,Delivered,UPS,Midwest,343.95,803.13,13,False,False,7.0,False,4.0,2026-04-27T23:39:17.576413
TRK000003885,2023-10-30,2023-10-31,2023-11-05,Delivered,FEDEX,Northeast,293.51,151.22,35,False,False,6.0,False,5.0,2026-04-27T23:39:17.576413
TRK000000558,2023-10-30,2023-11-01,2023-11-06,Delayed,XPO,Southwest,82.16,183.69,11,False,False,7.0,False,5.0,2026-04-27T23:39:17.576413
TRK000001494,2023-10-30,2023-11-03,2023-04-11,Delayed,UPS,Southeast,164.54,546.37,2,False,False,-202.0,False,0.0,2026-04-27T23:39:17.576413
TRK000000619,2023-10-30,2023-11-02,2023-11-07,In Transit,FEDEX,Southeast,371.14,455.85,13,False,False,8.0,False,5.0,2026-04-27T23:39:17.576413
TRK000003124,2023-10-30,2023-02-11,,Delayed,UPS,Midwest,528.44,573.08,15,False,False,,False,,2026-04-27T23:39:17.576413
TRK000000443,2023-10-30,2023-11-04,2023-11-04,Delayed,UPS,Southeast,9.69,541.4,28,False,False,5.0,False,0.0,2026-04-27T23:39:17.576413
TRK000001475,2023-10-30,2023-11-03,2023-11-04,Delayed,FEDEX,West Coast,536.6,845.62,10,False,False,5.0,False,1.0,2026-04-27T23:39:17.576413
TRK000004441,2023-10-30,2023-11-05,2023-04-11,Delivered,UPS,Southeast,86.26,268.39,39,False,False,-202.0,True,0.0,2026-04-27T23:39:17.576413
TRK000001229,2023-10-30,2023-02-11,2023-11-07,Delivered,FEDEX,Midwest,354.86,502.65,27,False,False,8.0,False,269.0,2026-04-27T23:39:17.576413
TRK000000416,2023-10-30,2023-11-02,2023-10-31,In Transit,UPS,Midwest,173.53,331.51,2,False,False,1.0,False,0.0,2026-04-27T23:39:17.576413
TRK000003374,2023-10-30,2023-11-06,2023-11-09,Delivered,FEDEX,Southwest,122.94,705.95,33,False,False,10.0,False,3.0,2026-04-27T23:39:17.576413
TRK000000955,2023-10-30,2023-10-31,2023-11-02,Delivered,FEDEX,Midwest,193.12,665.17,3,False,False,3.0,False,2.0,2026-04-27T23:39:17.576413
API000355,2023-10-29,2023-10-31,2023-11-03,In Transit,DHL,Midwest,316.59,375.83,25,False,False,5.0,False,3.0,2026-04-27T23:39:17.576413
TRK000002755,2023-10-29,2023-10-31,2023-10-31,Cancelled,DHL,Southwest,299.14,406.09,8,False,False,2.0,False,0.0,2026-04-27T23:39:17.576413
TRK000002738,2023-10-29,2023-11-02,2023-11-01,In Transit,XPO,Southwest,377.1,86.67,34,False,False,3.0,False,0.0,2026-04-27T23:39:17.576413
TRK000004023,2023-10-29,2023-10-30,2023-10-30,Cancelled,DHL,Southwest,223.19,485.53,48,False,False,1.0,False,0.0,2026-04-27T23:39:17.576413
TRK000002032,2023-10-29,2023-03-11,,In Transit,UPS,Southwest,282.77,744.84,7,False,False,,False,,2026-04-27T23:39:17.576413
TRK000000999,2023-10-28,2023-11-03,2023-11-03,Cancelled,FEDEX,Midwest,113.66,540.51,20,False,False,6.0,False,0.0,2026-04-27T23:39:17.576413
TRK000001196,2023-10-28,2023-11-03,2023-07-11,In Transit,XPO,Southwest,75.45,410.01,30,False,False,-109.0,False,0.0,2026-04-27T23:39:17.576413
TRK000000399,2023-10-27,2023-11-01,2023-10-30,Cancelled,UPS,Southeast,48.45,515.98,41,False,False,3.0,False,0.0,2026-04-27T23:39:17.576413
TRK000000627,2023-10-27,2023-10-30,,Delivered,UPS,Northeast,322.81,173.97,19,False,False,,False,,2026-04-27T23:39:17.576413
TRK000003357,2023-10-27,2023-11-01,2023-11-05,In Transit,DHL,Southwest,65.35,433.77,23,False,False,9.0,False,4.0,2026-04-27T23:39:17.576413
TRK000003334,2023-10-27,2023-10-28,2023-10-29,Delivered,FEDEX,Midwest,582.49,380.63,50,False,False,2.0,False,1.0,2026-04-27T23:39:17.576413
TRK000000191,2023-10-27,2023-10-28,2023-10-28,Delivered,FEDEX,Midwest,201.34,9753.59,8,False,True,1.0,True,0.0,2026-04-27T23:39:17.576413
TRK000001407,2023-10-27,2023-10-28,,Delivered,FEDEX,Midwest,471.16,190.78,38,False,False,,False,,2026-04-27T23:39:17.576413
TRK000002043,2023-10-27,2023-10-31,2023-10-31,Delayed,USPS,Midwest,173.35,726.99,23,False,False,4.0,False,0.0,2026-04-27T23:39:17.576413
TRK000003643,2023-10-27,2023-10-31,2023-05-11,In Transit,FEDEX,Northeast,545.0,493.24,44,False,False,-169.0,False,0.0,2026-04-27T23:39:17.576413
TRK000000972,2023-10-27,2023-11-03,2023-01-11,Delayed,USPS,Midwest,501.58,275.44,3,False,False,-289.0,False,0.0,2026-04-27T23:39:17.576413
API000350,2023-10-26,2023-10-30,2023-11-02,In Transit,FEDEX,West Coast,69.3,500.21,1,False,False,7.0,False,3.0,2026-04-27T23:39:17.576413
TRK000003111,2023-10-26,2023-11-01,2023-05-11,In Transit,UPS,Southwest,479.19,435.42,2,False,False,-168.0,False,0.0,2026-04-27T23:39:17.576413
API000470,2023-10-26,2023-10-30,2023-10-31,Delivered,DHL,West Coast,143.67,309.48,8,False,False,5.0,False,1.0,2026-04-27T23:39:17.576413
TRK000000493,2023-10-26,2023-11-01,2023-04-11,Delayed,DHL,Southeast,363.98,205.62,17,False,False,-198.0,False,0.0,2026-04-27T23:39:17.576413
TRK000001785,2023-10-26,2023-10-30,2023-10-30,Cancelled,XPO,Southwest,544.61,57.95,2,False,False,4.0,False,0.0,2026-04-27T23:39:17.576413
TRK000004558,2023-10-25,2023-10-26,2023-10-29,Delivered,FEDEX,Midwest,108.12,851.93,45,False,False,4.0,False,3.0,2026-04-27T23:39:17.576413
TRK000000025,2023-10-25,2023-11-01,2023-11-04,Delivered,UPS,Midwest,52.65,288.69,39,False,False,10.0,False,3.0,2026-04-27T23:39:17.576413
TRK000002662,2023-10-25,2023-10-31,2023-10-30,Cancelled,XPO,Midwest,521.79,121.47,29,False,False,5.0,False,0.0,2026-04-27T23:39:17.576413
TRK000003248,2023-10-25,2023-10-30,2023-10-29,In Transit,FEDEX,Midwest,182.06,633.79,15,False,False,4.0,False,0.0,2026-04-27T23:39:17.576413
TRK000000855,2023-10-25,2023-10-27,,Delivered,UPS,West Coast,187.13,842.99,37,False,False,,False,,2026-04-27T23:39:17.576413
TRK000003439,2023-10-25,2023-10-30,2023-10-28,Delayed,USPS,West Coast,499.22,706.23,4,False,False,3.0,False,0.0,2026-04-27T23:39:17.576413
TRK000004501,2023-10-25,2023-10-28,2023-10-30,Cancelled,UPS,Midwest,555.81,192.83,27,False,False,5.0,False,2.0,2026-04-27T23:39:17.576413
TRK000000174,2023-10-25,2023-10-29,,Delivered,FEDEX,West Coast,494.36,816.9,7,False,False,,False,,2026-04-27T23:39:17.576413
API000216,2023-10-25,2023-10-30,2023-11-02,Delivered,UPS,Northeast,288.87,694.6,17,False,False,8.0,False,3.0,2026-04-27T23:39:17.576413
TRK000003645,2023-10-25,2023-10-29,2023-10-31,In Transit,UPS,Southeast,63.99,596.41,34,False,False,6.0,False,2.0,2026-04-27T23:39:17.576413
TRK000003761,2023-10-25,2023-11-01,2023-11-04,Delivered,DHL,West Coast,372.81,249.7,23,False,False,10.0,False,3.0,2026-04-27T23:39:17.576413
TRK000004062,2023-10-25,2023-10-31,2023-01-11,Cancelled,UPS,Midwest,187.87,403.89,4,False,False,-287.0,False,0.0,2026-04-27T23:39:17.576413
TRK000003420,2023-10-25,2023-10-26,,In Transit,UPS,Southeast,400.26,79.23,25,False,False,,False,,2026-04-27T23:39:17.576413
TRK000001178,2023-10-24,2023-10-31,2023-10-31,Delivered,FEDEX,West Coast,373.37,122.28,3,False,False,7.0,True,0.0,2026-04-27T23:39:17.576413
TRK000002569,2023-10-24,2023-10-26,2023-10-29,Delivered,USPS,Southwest,243.09,98.89,30,False,False,5.0,False,3.0,2026-04-27T23:39:17.576413
TRK000002462,2023-10-24,2023-10-25,,Delayed,UPS,Midwest,240.1,212.31,21,False,False,,False,,2026-04-27T23:39:17.576413
TRK000002486,2023-10-23,2023-10-29,2023-10-28,Delivered,USPS,Midwest,67.16,306.64,30,False,False,5.0,True,0.0,2026-04-27T23:39:17.576413
TRK000004082,2023-10-23,2023-10-27,2023-10-25,Cancelled,UPS,Southeast,516.7,251.73,33,False,False,2.0,False,0.0,2026-04-27T23:39:17.576413
TRK000002409,2023-10-23,2023-10-24,2023-10-25,Delivered,DHL,Southwest,470.04,813.08,50,False,False,2.0,False,1.0,2026-04-27T23:39:17.576413
TRK000002323,2023-10-23,2023-10-24,,In Transit,DHL,Midwest,325.32,284.55,9,False,False,,False,,2026-04-27T23:39:17.576413
TRK000004197,2023-10-23,2023-10-29,2023-11-02,In Transit,USPS,Midwest,12.17,659.89,18,False,False,10.0,False,4.0,2026-04-27T23:39:17.576413
TRK000000353,2023-10-23,2023-10-24,,Delayed,FEDEX,Northeast,474.01,807.08,23,False,False,,False,,2026-04-27T23:39:17.576413
TRK000004793,2023-10-23,2023-10-28,2023-11-01,In Transit,FEDEX,Midwest,419.15,685.44,43,False,False,9.0,False,4.0,2026-04-27T23:39:17.576413
API000153,2023-10-23,2023-10-28,2023-10-30,Delayed,FEDEX,Northeast,116.16,675.69,14,False,False,7.0,False,2.0,2026-04-27T23:39:17.576413
TRK000002629,2023-10-23,2023-10-25,,Delayed,UPS,Southwest,220.96,121.18,6,False,False,,False,,2026-04-27T23:39:17.576413
TRK000004576,2023-10-22,2023-10-24,,Delayed,FEDEX,West Coast,563.01,246.72,11,False,False,,False,,2026-04-27T23:39:17.576413
TRK000002030,2023-10-22,2023-10-29,,Delayed,UPS,Southwest,56.24,157.78,8,False,False,,False,,2026-04-27T23:39:17.576413
TRK000004325,2023-10-22,2023-10-24,2023-10-25,Delivered,FEDEX,Midwest,64.69,571.08,36,False,False,3.0,False,1.0,2026-04-27T23:39:17.576413
TRK000004589,2023-10-22,2023-10-23,2023-10-21,In Transit,UPS,Southwest,469.12,594.27,24,False,False,-1.0,False,0.0,2026-04-27T23:39:17.576413
TRK000000888,2023-10-22,2023-10-29,2023-10-27,Cancelled,FEDEX,Midwest,191.89,694.33,45,False,False,5.0,False,0.0,2026-04-27T23:39:17.576413
API000270,2023-10-22,2023-10-27,2023-10-25,Delivered,DHL,Midwest,369.25,196.62,22,False,False,3.0,True,0.0,2026-04-27T23:39:17.576413
TRK000002581,2023-10-22,2023-10-29,2023-10-27,Delayed,FEDEX,Midwest,120.29,215.04,46,False,False,5.0,False,0.0,2026-04-27T23:39:17.576413
TRK000000804,2023-10-21,2023-10-27,2023-10-31,Delayed,UPS,Midwest,319.74,552.26,27,False,False,10.0,False,4.0,2026-04-27T23:39:17.576413
TRK000004200,2023-10-21,2023-10-23,2023-10-25,Delivered,XPO,Midwest,588.7,377.17,12,False,False,4.0,False,2.0,2026-04-27T23:39:17.576413
TRK000001464,2023-10-21,2023-10-25,2023-10-29,Cancelled,FEDEX,West Coast,365.44,259.4,49,False,False,8.0,False,4.0,2026-04-27T23:39:17.576413
TRK000002555,2023-10-21,2023-10-28,2023-10-29,Cancelled,FEDEX,Midwest,241.84,408.64,46,False,False,8.0,False,1.0,2026-04-27T23:39:17.576413
TRK000002236,2023-10-21,2023-10-28,2023-10-29,Delivered,FEDEX,Southwest,274.83,57.03,13,False,False,8.0,False,1.0,2026-04-27T23:39:17.576413
TRK000002355,2023-10-21,2023-10-23,2023-10-23,Delivered,FEDEX,Midwest,193.36,853.56,15,False,False,2.0,True,0.0,2026-04-27T23:39:17.576413
TRK000003588,2023-10-21,2023-10-28,2023-10-28,In Transit,FEDEX,Midwest,139.08,376.7,46,False,False,7.0,False,0.0,2026-04-27T23:39:17.576413
API000109,2023-10-21,2023-10-24,2023-10-28,Delayed,FEDEX,West Coast,49.65,81.36,19,False,False,7.0,False,4.0,2026-04-27T23:39:17.576413
TRK000003787,2023-10-20,2023-10-21,2023-10-21,Delivered,FEDEX,Northeast,202.48,776.41,18,False,False,1.0,True,0.0,2026-04-27T23:39:17.576413
TRK000003607,2023-10-20,2023-10-25,2023-10-26,In Transit,FEDEX,Southeast,43.84,85.36,15,False,False,6.0,False,1.0,2026-04-27T23:39:17.576413
TRK000004061,2023-10-20,2023-10-24,2023-10-27,Delayed,XPO,West Coast,146.0,625.23,25,False,False,7.0,False,3.0,2026-04-27T23:39:17.576413
TRK000004723,2023-10-20,2023-10-23,,In Transit,XPO,West Coast,86.41,8320.4,24,False,True,,False,,2026-04-27T23:39:17.576413
TRK000000758,2023-10-20,2023-10-22,,Delivered,USPS,Northeast,53.02,559.59,18,False,False,,False,,2026-04-27T23:39:17.576413
TRK000000083,2023-10-20,2023-10-27,2023-10-30,In Transit,FEDEX,Southwest,252.52,167.59,31,False,False,10.0,False,3.0,2026-04-27T23:39:17.576413
TRK000004966,2023-10-20,2023-10-21,2023-10-23,In Transit,USPS,Midwest,10.12,206.2,3,False,False,3.0,False,2.0,2026-04-27T23:39:17.576413
TRK000003429,2023-10-19,2023-10-21,2023-10-21,Cancelled,FEDEX,Midwest,513.89,472.0,8,False,False,2.0,False,0.0,2026-04-27T23:39:17.576413
TRK000003290,2023-10-19,2023-10-26,2023-10-29,In Transit,UPS,Northeast,119.29,559.87,37,False,False,10.0,False,3.0,2026-04-27T23:39:17.576413
TRK000001162,2023-10-19,2023-10-26,2023-10-31,Delivered,UPS,Northeast,203.28,748.25,11,False,False,12.0,False,5.0,2026-04-27T23:39:17.576413
TRK000004776,2023-10-19,2023-10-26,2023-10-28,Delivered,FEDEX,Northeast,163.09,94.66,24,False,False,9.0,False,2.0,2026-04-27T23:39:17.576413
TRK000001279,2023-10-19,2023-10-24,,Delivered,DHL,West Coast,307.25,164.82,37,False,False,,False,,2026-04-27T23:39:17.576413
TRK000003410,2023-10-19,2023-10-24,2023-10-26,Delayed,FEDEX,West Coast,247.29,379.29,4,False,False,7.0,False,2.0,2026-04-27T23:39:17.576413
TRK000003765,2023-10-19,2023-10-22,2023-10-21,Delivered,USPS,Southeast,84.02,454.44,21,False,False,2.0,True,0.0,2026-04-27T23:39:17.576413
TRK000002737,2023-10-19,2023-10-23,,Delivered,XPO,Southwest,282.48,606.44,6,False,False,,False,,2026-04-27T23:39:17.576413
TRK000001156,2023-10-19,2023-10-25,,Cancelled,FEDEX,West Coast,371.89,659.6,9,False,False,,False,,2026-04-27T23:39:17.576413
TRK000000647,2023-10-19,2023-10-25,,In Transit,USPS,Southwest,299.76,844.28,38,False,False,,False,,2026-04-27T23:39:17.576413
API000100,2023-10-18,2023-10-23,2023-10-22,In Transit,FEDEX,Midwest,153.51,277.42,20,False,False,4.0,False,0.0,2026-04-27T23:39:17.576413
API000386,2023-10-18,2023-10-19,2023-10-21,In Transit,DHL,Midwest,269.39,508.12,25,False,False,3.0,False,2.0,2026-04-27T23:39:17.576413
TRK000000953,2023-10-18,2023-10-20,2023-10-19,Cancelled,UPS,West Coast,118.68,390.47,15,False,False,1.0,False,0.0,2026-04-27T23:39:17.576413
TRK000003313,2023-10-18,2023-10-20,2023-10-21,In Transit,UPS,Midwest,148.56,783.67,46,False,False,3.0,False,1.0,2026-04-27T23:39:17.576413
TRK000000664,2023-10-18,2023-10-25,2023-10-23,Delayed,USPS,Midwest,28.52,246.27,49,False,False,5.0,False,0.0,2026-04-27T23:39:17.576413
TRK000001848,2023-10-18,2023-10-21,2023-10-24,In Transit,UPS,Midwest,500.81,805.51,49,False,False,6.0,False,3.0,2026-04-27T23:39:17.576413
TRK000001197,2023-10-18,2023-10-19,2023-10-19,Delivered,DHL,Southeast,9.68,102.1,48,False,False,1.0,True,0.0,2026-04-27T23:39:17.576413
TRK000004584,2023-10-17,2023-10-21,2023-10-19,Delayed,FEDEX,Northeast,523.19,806.25,34,False,False,2.0,False,0.0,2026-04-27T23:39:17.576413
TRK000003125,2023-10-17,2023-10-20,2023-10-18,In Transit,FEDEX,Southeast,350.28,101.36,12,False,False,1.0,False,0.0,2026-04-27T23:39:17.576413
TRK000003744,2023-10-17,2023-10-18,2023-10-16,In Transit,DHL,Midwest,19.1,261.83,31,False,False,-1.0,False,0.0,2026-04-27T23:39:17.576413
TRK000002485,2023-10-17,2023-10-22,2023-10-26,Delayed,UPS,Midwest,431.38,95.09,31,False,False,9.0,False,4.0,2026-04-27T23:39:17.576413
TRK000000302,2023-10-16,2023-10-18,2023-10-19,In Transit,UPS,Midwest,289.62,424.82,5,False,False,3.0,False,1.0,2026-04-27T23:39:17.576413
TRK000004053,2023-10-16,2023-10-20,2023-10-20,In Transit,XPO,Southeast,182.33,745.48,4,False,False,4.0,False,0.0,2026-04-27T23:39:17.576413
TRK000004747,2023-10-16,2023-10-17,2023-10-17,Delivered,FEDEX,Midwest,46.54,69.15,49,False,False,1.0,True,0.0,2026-04-27T23:39:17.576413
TRK000001870,2023-10-16,2023-10-23,2023-10-21,Delayed,FEDEX,Midwest,144.26,376.55,49,False,False,5.0,False,0.0,2026-04-27T23:39:17.576413
TRK000004675,2023-10-16,2023-10-17,,Delivered,DHL,Midwest,322.83,812.61,48,False,False,,False,,2026-04-27T23:39:17.576413
TRK000002082,2023-10-16,2023-10-21,2023-10-20,Delivered,UPS,Midwest,412.31,812.08,46,False,False,4.0,True,0.0,2026-04-27T23:39:17.576413
TRK000001683,2023-10-16,2023-10-17,2023-10-20,Delivered,USPS,Midwest,286.61,635.81,11,False,False,4.0,False,3.0,2026-04-27T23:39:17.576413
TRK000004250,2023-10-15,2023-10-16,2023-10-17,Delivered,UPS,Southeast,247.29,119.48,13,False,False,2.0,False,1.0,2026-04-27T23:39:17.576413
TRK000000622,2023-10-15,2023-10-17,2023-10-17,Delayed,DHL,Southwest,127.21,357.89,11,False,False,2.0,False,0.0,2026-04-27T23:39:17.576413
TRK000000254,2023-10-15,2023-10-17,2023-10-18,In Transit,FEDEX,Southwest,58.51,271.17,1,False,False,3.0,False,1.0,2026-04-27T23:39:17.576413
TRK000001043,2023-10-15,2023-10-17,2023-10-21,Delayed,DHL,Midwest,286.1,505.35,14,False,False,6.0,False,4.0,2026-04-27T23:39:17.576413
TRK000003563,2023-10-15,2023-10-20,2023-10-20,In Transit,USPS,Northeast,428.22,242.61,14,False,False,5.0,False,0.0,2026-04-27T23:39:17.576413
TRK000001984,2023-10-14,2023-10-15,2023-10-20,Cancelled,DHL,Southeast,490.53,77.21,10,False,False,6.0,False,5.0,2026-04-27T23:39:17.576413
API000371,2023-10-14,2023-10-18,2023-10-19,Delayed,DHL,Midwest,210.52,300.1,12,False,False,5.0,False,1.0,2026-04-27T23:39:17.576413
TRK000002448,2023-10-14,2023-10-17,2023-10-17,In Transit,FEDEX,Northeast,19.74,201.2,38,False,False,3.0,False,0.0,2026-04-27T23:39:17.576413
TRK000001303,2023-10-14,2023-10-16,2023-10-21,Cancelled,FEDEX,Northeast,107.05,624.87,38,False,False,7.0,False,5.0,2026-04-27T23:39:17.576413
TRK000001606,2023-10-14,2023-10-16,2023-10-14,Delivered,USPS,Midwest,403.18,481.94,44,False,False,0.0,True,0.0,2026-04-27T23:39:17.576413
TRK000000929,2023-10-14,2023-10-16,2023-10-14,Cancelled,FEDEX,Northeast,96.11,318.22,43,False,False,0.0,False,0.0,2026-04-27T23:39:17.576413
TRK000003576,2023-10-14,2023-10-18,2023-10-20,Delivered,UPS,Southwest,344.43,478.21,18,False,False,6.0,False,2.0,2026-04-27T23:39:17.576413
TRK000003543,2023-10-14,2023-10-16,2023-10-21,Delivered,USPS,Midwest,13.47,267.44,26,False,False,7.0,False,5.0,2026-04-27T23:39:17.576413
TRK000003039,2023-10-14,2023-10-18,2023-10-18,In Transit,UPS,Midwest,311.4,96.03,21,False,False,4.0,False,0.0,2026-04-27T23:39:17.576413
TRK000004995,2023-10-14,2023-10-19,2023-10-17,Cancelled,DHL,Northeast,433.25,706.92,8,False,False,3.0,False,0.0,2026-04-27T23:39:17.576413
TRK000002175,2023-10-14,2023-10-16,2023-10-14,In Transit,UPS,Midwest,416.16,351.01,50,False,False,0.0,False,0.0,2026-04-27T23:39:17.576413
TRK000001686,2023-10-14,2023-10-15,2023-10-16,Delivered,UPS,Midwest,167.62,385.02,25,False,False,2.0,False,1.0,2026-04-27T23:39:17.576413
TRK000002197,2023-10-14,2023-10-15,2023-10-13,Cancelled,FEDEX,Southeast,569.75,90.02,1,False,False,-1.0,False,0.0,2026-04-27T23:39:17.576413
TRK000001384,2023-10-13,2023-10-20,2023-10-22,Delayed,FEDEX,Midwest,195.12,834.96,38,False,False,9.0,False,2.0,2026-04-27T23:39:17.576413
TRK000003555,2023-10-13,2023-10-20,2023-10-19,Delivered,USPS,Midwest,481.56,605.63,43,False,False,6.0,True,0.0,2026-04-27T23:39:17.576413
TRK000002784,2023-10-13,2023-10-15,2023-10-13,Delivered,FEDEX,Southwest,508.01,759.94,41,False,False,0.0,True,0.0,2026-04-27T23:39:17.576413
TRK000001934,2023-10-13,2023-10-15,2023-10-20,Delivered,USPS,Southeast,276.58,167.05,42,False,False,7.0,False,5.0,2026-04-27T23:39:17.576413
TRK000001836,2023-10-13,2023-10-18,2023-10-21,Delayed,FEDEX,Northeast,379.47,889.67,44,False,False,8.0,False,3.0,2026-04-27T23:39:17.576413
TRK000001493,2023-10-13,2023-10-16,2023-10-16,Delivered,DHL,Midwest,49.23,462.18,24,False,False,3.0,True,0.0,2026-04-27T23:39:17.576413
API000364,2023-10-13,2023-10-16,,In Transit,UPS,Northeast,376.87,648.62,28,False,False,,False,,2026-04-27T23:39:17.576413
TRK000002218,2023-10-13,2023-10-18,2023-10-20,Delivered,DHL,West Coast,361.77,684.21,23,False,False,7.0,False,2.0,2026-04-27T23:39:17.576413
TRK000002502,2023-10-12,2023-12-12,,Delivered,FEDEX,Southeast,340.89,695.46,26,False,False,,False,,2026-04-27T23:39:17.576413
TRK000004463,2023-10-12,2023-10-14,2023-10-18,In Transit,UPS,Midwest,373.73,222.72,17,False,False,6.0,False,4.0,2026-04-27T23:39:17.576413
TRK000001413,2023-10-12,2023-10-13,2023-10-14,Cancelled,UPS,Midwest,266.52,711.82,25,False,False,2.0,False,1.0,2026-04-27T23:39:17.576413
API000294,2023-10-12,2023-10-13,2023-10-14,Delivered,DHL,Northeast,219.88,619.51,21,False,False,2.0,False,1.0,2026-04-27T23:39:17.576413
API000217,2023-10-12,2023-10-15,2023-10-19,Delayed,FEDEX,Northeast,300.62,499.81,4,False,False,7.0,False,4.0,2026-04-27T23:39:17.576413
API000433,2023-10-12,2023-10-14,2023-10-18,Delayed,DHL,Midwest,108.07,330.77,12,False,False,6.0,False,4.0,2026-04-27T23:39:17.576413
TRK000004168,2023-10-12,2023-10-14,2023-10-19,Delayed,UPS,West Coast,174.3,417.93,16,False,False,7.0,False,5.0,2026-04-27T23:39:17.576413
API000137,2023-10-12,2023-10-17,,Delayed,FEDEX,Northeast,318.09,236.57,4,False,False,,False,,2026-04-27T23:39:17.576413
TRK000001408,2023-10-11,2023-10-17,2023-10-18,Delivered,FEDEX,Midwest,117.18,774.52,50,False,False,7.0,False,1.0,2026-04-27T23:39:17.576413
TRK000000781,2023-10-11,2023-10-14,,In Transit,FEDEX,Midwest,88.94,627.03,39,False,False,,False,,2026-04-27T23:39:17.576413
TRK000002360,2023-10-11,2023-10-13,2023-10-17,Cancelled,FEDEX,Midwest,283.98,223.12,41,False,False,6.0,False,4.0,2026-04-27T23:39:17.576413
TRK000002632,2023-10-11,2023-10-18,2023-10-17,Cancelled,UPS,Midwest,409.59,193.5,4,False,False,6.0,False,0.0,2026-04-27T23:39:17.576413
API000237,2023-10-11,2023-10-14,2023-10-18,Delivered,UPS,Northeast,250.42,330.45,4,False,False,7.0,False,4.0,2026-04-27T23:39:17.576413
TRK000003548,2023-10-11,2023-10-14,2023-10-17,Delivered,XPO,Midwest,183.05,816.1,24,False,False,6.0,False,3.0,2026-04-27T23:39:17.576413
TRK000003624,2023-10-11,2023-10-13,2023-10-15,Cancelled,DHL,Southeast,419.89,802.56,15,False,False,4.0,False,2.0,2026-04-27T23:39:17.576413
API000058,2023-10-11,2023-10-14,2023-10-12,In Transit,FEDEX,West Coast,330.63,519.33,2,False,False,1.0,False,0.0,2026-04-27T23:39:17.576413
TRK000002432,2023-10-10,2023-10-13,2023-10-14,Delivered,DHL,Northeast,566.45,670.61,49,False,False,4.0,False,1.0,2026-04-27T23:39:17.576413
TRK000004707,2023-10-10,2023-10-11,2023-10-16,Delivered,FEDEX,Southwest,407.89,854.51,33,False,False,6.0,False,5.0,2026-04-27T23:39:17.576413
TRK000000296,2023-10-10,2023-10-12,2023-10-14,Delayed,USPS,Midwest,532.01,269.45,37,False,False,4.0,False,2.0,2026-04-27T23:39:17.576413
TRK000003076,2023-10-10,2023-10-13,2023-10-16,Delayed,FEDEX,Midwest,90.99,759.05,19,False,False,6.0,False,3.0,2026-04-27T23:39:17.576413
TRK000001787,2023-10-10,2023-11-10,2023-10-10,In Transit,UPS,Southwest,114.9,610.51,10,False,False,0.0,False,0.0,2026-04-27T23:39:17.576413
TRK000004726,2023-10-10,2023-10-14,2023-10-17,Delivered,DHL,Northeast,584.38,482.42,48,False,False,7.0,False,3.0,2026-04-27T23:39:17.576413
TRK000004256,2023-10-10,2023-10-11,2023-10-15,Delivered,UPS,West Coast,52.69,363.72,8,False,False,5.0,False,4.0,2026-04-27T23:39:17.576413
TRK000003642,2023-10-10,2023-10-15,2023-10-14,Delivered,FEDEX,Midwest,208.38,631.95,32,False,False,4.0,True,0.0,2026-04-27T23:39:17.576413
TRK000002550,2023-10-10,2023-10-16,,Delivered,UPS,Southeast,291.33,770.61,21,False,False,,False,,2026-04-27T23:39:17.576413
API000009,2023-10-10,2023-10-14,2023-10-13,Delivered,FEDEX,Midwest,202.31,270.79,24,False,False,3.0,True,0.0,2026-04-27T23:39:17.576413
TRK000004628,2023-10-09,2023-10-16,2023-10-19,In Transit,UPS,Midwest,31.62,206.95,24,False,False,10.0,False,3.0,2026-04-27T23:39:17.576413
TRK000002476,2023-10-09,2023-09-15,2023-09-17,Delayed,UPS,Midwest,290.23,613.48,47,False,False,-22.0,False,2.0,2026-04-27T23:39:17.576413
TRK000004867,2023-10-09,2023-09-16,2023-09-16,Delayed,XPO,West Coast,421.63,562.63,23,False,False,-23.0,False,0.0,2026-04-27T23:39:17.576413
TRK000002255,2023-10-09,2023-10-14,2023-10-14,Delayed,XPO,Midwest,217.65,866.63,32,False,False,5.0,False,0.0,2026-04-27T23:39:17.576413
TRK000002641,2023-10-09,2023-10-10,2023-10-15,Delivered,DHL,Southeast,252.76,402.53,1,False,False,6.0,False,5.0,2026-04-27T23:39:17.576413
TRK000001498,2023-10-09,2023-10-16,,Delivered,FEDEX,Midwest,359.92,294.78,23,False,False,,False,,2026-04-27T23:39:17.576413
TRK000003074,2023-10-09,2023-10-13,,In Transit,FEDEX,Southwest,353.21,128.9,15,False,False,,False,,2026-04-27T23:39:17.576413
TRK000001282,2023-10-08,2023-08-17,2023-08-22,Cancelled,UPS,Southwest,502.58,396.09,13,False,False,-47.0,False,5.0,2026-04-27T23:39:17.576413
TRK000000345,2023-10-08,2023-10-11,,Cancelled,UPS,West Coast,21.49,737.53,14,False,False,,False,,2026-04-27T23:39:17.576413
TRK000002090,2023-10-08,2023-12-10,2023-10-14,Delivered,UPS,Midwest,320.39,873.87,16,False,False,6.0,True,0.0,2026-04-27T23:39:17.576413
TRK000002626,2023-10-08,2023-10-13,2023-12-10,In Transit,FEDEX,Southwest,56.5,729.24,39,False,False,63.0,False,58.0,2026-04-27T23:39:17.576413
TRK000004759,2023-10-08,2023-10-12,2023-10-15,Delivered,FEDEX,Midwest,236.36,884.84,16,False,False,7.0,False,3.0,2026-04-27T23:39:17.576413
TRK000003381,2023-10-08,2023-10-13,2023-12-10,Delivered,FEDEX,West Coast,385.01,810.36,31,False,False,63.0,False,58.0,2026-04-27T23:39:17.576413
TRK000003209,2023-10-08,2023-10-14,2023-10-13,In Transit,FEDEX,West Coast,460.16,643.34,21,False,False,5.0,False,0.0,2026-04-27T23:39:17.576413
TRK000002407,2023-10-08,2023-10-13,2023-10-14,Delayed,UPS,West Coast,175.65,612.27,12,False,False,6.0,False,1.0,2026-04-27T23:39:17.576413
TRK000004231,2023-10-08,2023-10-15,2023-10-19,Delayed,FEDEX,Southeast,541.36,262.23,17,False,False,11.0,False,4.0,2026-04-27T23:39:17.576413
TRK000004765,2023-10-08,2023-10-14,2023-10-19,Cancelled,USPS,Midwest,357.12,131.48,5,False,False,11.0,False,5.0,2026-04-27T23:39:17.576413
TRK000000542,2023-10-08,2023-10-10,2023-10-08,Delivered,XPO,Midwest,563.32,893.16,28,False,False,0.0,True,0.0,2026-04-27T23:39:17.576413
TRK000001814,2023-10-07,2023-10-13,2023-10-18,Delayed,FEDEX,Southwest,362.62,565.78,2,False,False,11.0,False,5.0,2026-04-27T23:39:17.576413
TRK000004282,2023-10-07,2023-10-08,2023-08-10,Cancelled,FEDEX,Southwest,414.46,570.93,32,False,False,-58.0,False,0.0,2026-04-27T23:39:17.576413
TRK000004034,2023-10-07,2023-10-14,,Delayed,FEDEX,Northeast,304.06,679.83,13,False,False,,False,,2026-04-27T23:39:17.576413
TRK000002033,2023-10-07,2023-07-16,2023-07-18,Cancelled,UPS,Northeast,418.75,810.7,39,False,False,-81.0,False,2.0,2026-04-27T23:39:17.576413
TRK000001471,2023-10-07,2023-10-08,2023-10-12,Delayed,FEDEX,Northeast,354.61,310.85,10,False,False,5.0,False,4.0,2026-04-27T23:39:17.576413
TRK000000246,2023-10-07,2023-10-12,,In Transit,USPS,Midwest,394.42,697.15,3,False,False,,False,,2026-04-27T23:39:17.576413
API000397,2023-10-07,2023-10-08,,Delayed,UPS,Northeast,189.4,373.83,10,False,False,,False,,2026-04-27T23:39:17.576413
TRK000004350,2023-10-07,2023-11-07,2023-07-15,Delayed,XPO,Southwest,589.99,216.09,20,False,False,-84.0,False,0.0,2026-04-27T23:39:17.576413
TRK000004104,2023-10-06,2023-10-08,2023-10-09,Cancelled,FEDEX,Northeast,13.67,547.26,22,False,False,3.0,False,1.0,2026-04-27T23:39:17.576413
TRK000003423,2023-10-06,2023-10-10,2023-09-10,Cancelled,FEDEX,Midwest,473.97,212.22,20,False,False,-26.0,False,0.0,2026-04-27T23:39:17.576413
TRK000000255,2023-10-06,2023-10-08,2023-10-11,Delivered,USPS,Midwest,316.8,57.64,27,False,False,5.0,False,3.0,2026-04-27T23:39:17.576413
TRK000002328,2023-10-06,2023-06-12,2023-06-15,Cancelled,FEDEX,Midwest,459.22,290.14,9,False,False,-113.0,False,3.0,2026-04-27T23:39:17.576413
TRK000002072,2023-10-06,2023-10-08,,Delayed,FEDEX,Southwest,557.19,818.98,31,False,False,,False,,2026-04-27T23:39:17.576413
API000037,2023-10-06,2023-10-11,2023-10-12,Delayed,FEDEX,Northeast,139.7,248.31,4,False,False,6.0,False,1.0,2026-04-27T23:39:17.576413
TRK000001741,2023-10-06,2023-06-11,2023-06-14,Cancelled,XPO,Southeast,136.12,352.07,22,False,False,-114.0,False,3.0,2026-04-27T23:39:17.576413
TRK000000508,2023-10-06,2023-10-10,2023-10-12,Cancelled,DHL,West Coast,18.97,266.7,22,False,False,6.0,False,2.0,2026-04-27T23:39:17.576413
TRK000002614,2023-10-06,2023-06-11,2023-06-12,In Transit,FEDEX,West Coast,414.81,371.37,8,False,False,-116.0,False,1.0,2026-04-27T23:39:17.576413
API000309,2023-10-05,2023-10-09,,Delivered,FEDEX,Midwest,241.88,402.09,6,False,False,,False,,2026-04-27T23:39:17.576413
TRK000002627,2023-10-05,2023-10-07,2023-10-07,Cancelled,XPO,Midwest,480.22,238.88,19,False,False,2.0,False,0.0,2026-04-27T23:39:17.576413
TRK000004190,2023-10-05,2023-06-10,2023-10-08,In Transit,XPO,West Coast,16.09,681.02,11,False,False,3.0,False,120.0,2026-04-27T23:39:17.576413
TRK000001357,2023-10-05,2023-10-06,2023-11-10,Delivered,FEDEX,Northeast,207.29,61.83,17,False,False,36.0,False,35.0,2026-04-27T23:39:17.576413
TRK000003927,2023-10-05,2023-10-09,2023-09-10,Delivered,DHL,West Coast,94.24,80.3,13,False,False,-25.0,True,0.0,2026-04-27T23:39:17.576413
TRK000000900,2023-10-04,2023-04-17,,Delayed,UPS,Southwest,536.5,798.2,32,False,False,,False,,2026-04-27T23:39:17.576413
TRK000002849,2023-10-04,2023-10-06,2023-06-10,Delivered,FEDEX,Southeast,220.78,424.57,41,False,False,-116.0,True,0.0,2026-04-27T23:39:17.576413
TRK000002385,2023-10-04,2023-10-05,2023-10-05,Delayed,UPS,Southeast,456.01,252.49,31,False,False,1.0,False,0.0,2026-04-27T23:39:17.576413
API000496,2023-10-04,2023-10-08,,Delayed,DHL,Midwest,208.64,406.59,13,False,False,,False,,2026-04-27T23:39:17.576413
TRK000003126,2023-10-04,2023-10-08,2023-07-10,Cancelled,XPO,Southeast,61.72,880.64,33,False,False,-86.0,False,0.0,2026-04-27T23:39:17.576413
API000444,2023-10-03,2023-10-07,2023-10-05,Delayed,FEDEX,West Coast,261.27,302.51,19,False,False,2.0,False,0.0,2026-04-27T23:39:17.576413
TRK000003253,2023-10-03,2023-10-09,2023-10-12,Delivered,DHL,Southeast,410.52,756.31,46,False,False,9.0,False,3.0,2026-04-27T23:39:17.576413
TRK000004124,2023-10-03,2023-03-13,2023-03-15,In Transit,FEDEX,Midwest,587.71,712.84,44,False,False,-202.0,False,2.0,2026-04-27T23:39:17.576413
TRK000000723,2023-10-03,2023-10-05,2023-06-10,Delayed,XPO,Midwest,64.91,474.15,6,False,False,-115.0,False,0.0,2026-04-27T23:39:17.576413
TRK000004771,2023-10-03,2023-10-09,2023-10-11,Delivered,FEDEX,Midwest,475.98,189.05,19,False,False,8.0,False,2.0,2026-04-27T23:39:17.576413
TRK000003919,2023-10-03,2023-08-10,2023-10-13,In Transit,FEDEX,Midwest,199.23,523.22,37,False,False,10.0,False,64.0,2026-04-27T23:39:17.576413
TRK000003678,2023-10-03,2023-10-04,2023-10-09,Delivered,FEDEX,Midwest,81.07,187.56,27,False,False,6.0,False,5.0,2026-04-27T23:39:17.576413
TRK000004296,2023-10-03,2023-10-05,2023-10-10,In Transit,FEDEX,Southwest,425.56,288.71,42,False,False,7.0,False,5.0,2026-04-27T23:39:17.576413
TRK000004548,2023-10-02,2023-10-08,2023-10-10,Delivered,DHL,Southwest,188.63,591.92,21,False,False,8.0,False,2.0,2026-04-27T23:39:17.576413
TRK000001202,2023-10-02,2023-10-03,2023-10-08,Delayed,USPS,Southeast,586.84,339.67,9,False,False,6.0,False,5.0,2026-04-27T23:39:17.576413
TRK000001308,2023-10-01,2023-05-10,2023-10-10,Delayed,XPO,Midwest,60.27,658.72,39,False,False,9.0,False,153.0,2026-04-27T23:39:17.576413
TRK000003664,2023-10-01,2023-10-02,2023-10-07,Cancelled,UPS,Southeast,32.84,349.16,18,False,False,6.0,False,5.0,2026-04-27T23:39:17.576413
TRK000004258,2023-10-01,2023-10-05,2023-10-06,Delayed,XPO,Midwest,135.02,549.47,1,False,False,5.0,False,1.0,2026-04-27T23:39:17.576413
TRK000000092,2023-10-01,2023-08-10,2023-10-13,Delivered,FEDEX,Northeast,216.0,192.99,19,False,False,12.0,False,64.0,2026-04-27T23:39:17.576413
TRK000000043,2023-10-01,2023-01-14,2023-01-17,Delivered,UPS,Northeast,93.06,338.85,22,False,False,-257.0,False,3.0,2026-04-27T23:39:17.576413
TRK000003659,2023-10-01,2023-10-07,2023-10-11,In Transit,USPS,West Coast,33.09,561.72,35,False,False,10.0,False,4.0,2026-04-27T23:39:17.576413
TRK000001823,2023-10-01,2023-01-14,2023-01-19,In Transit,XPO,West Coast,381.3,576.51,22,False,False,-255.0,False,5.0,2026-04-27T23:39:17.576413
TRK000004500,2023-10-01,2023-10-04,2023-10-09,In Transit,FEDEX,Midwest,494.58,539.36,21,False,False,8.0,False,5.0,2026-04-27T23:39:17.576413
TRK000002536,2023-09-30,2023-10-03,2023-10-07,In Transit,XPO,Midwest,88.42,160.67,19,False,False,7.0,False,4.0,2026-04-27T23:39:17.576413
TRK000003101,2023-09-30,2023-10-03,2023-10-07,Delivered,XPO,West Coast,321.3,112.57,33,False,False,7.0,False,4.0,2026-04-27T23:39:17.576413
TRK000004056,2023-09-30,2023-10-02,2023-10-04,Delivered,DHL,Midwest,190.72,94.74,20,False,False,4.0,False,2.0,2026-04-27T23:39:17.576413
TRK000001194,2023-09-30,2023-10-02,2023-10-06,Delayed,UPS,Southwest,280.23,376.15,42,False,False,6.0,False,4.0,2026-04-27T23:39:17.576413
TRK000000695,2023-09-29,2023-10-03,2023-06-10,Delayed,UPS,Southeast,180.88,781.73,10,False,False,-111.0,False,0.0,2026-04-27T23:39:17.576413
TRK000003223,2023-09-29,2023-02-10,2023-10-07,Delayed,FEDEX,Midwest,378.41,53.15,20,False,False,8.0,False,239.0,2026-04-27T23:39:17.576413
TRK000001880,2023-09-29,2023-09-30,2023-10-04,Delayed,XPO,Midwest,258.68,306.88,18,False,False,5.0,False,4.0,2026-04-27T23:39:17.576413
TRK000000218,2023-09-29,2023-06-10,2023-10-11,Cancelled,FEDEX,Midwest,321.46,490.83,4,False,False,12.0,False,123.0,2026-04-27T23:39:17.576413
API000031,2023-09-28,2023-10-01,2023-10-05,Delayed,FEDEX,West Coast,162.72,279.78,28,False,False,7.0,False,4.0,2026-04-27T23:39:17.576413
TRK000001008,2023-09-28,2023-10-04,2023-10-08,Cancelled,FEDEX,Midwest,510.15,827.51,45,False,False,10.0,False,4.0,2026-04-27T23:39:17.576413
TRK000002547,2023-09-28,2023-09-30,2023-10-03,In Transit,FEDEX,Midwest,218.25,886.32,42,False,False,5.0,False,3.0,2026-04-27T23:39:17.576413
TRK000004905,2023-09-28,2023-10-04,2023-10-03,Delayed,UPS,Northeast,478.26,170.27,11,False,False,5.0,False,0.0,2026-04-27T23:39:17.576413
TRK000004165,2023-09-27,2023-09-28,2023-09-30,Delayed,FEDEX,Midwest,530.98,894.9,17,False,False,3.0,False,2.0,2026-04-27T23:39:17.576413
TRK000003901,2023-09-27,2023-09-28,2023-09-27,Delivered,FEDEX,Northeast,299.51,643.26,4,False,False,0.0,True,0.0,2026-04-27T23:39:17.576413
TRK000003086,2023-09-27,2023-01-10,2023-09-29,In Transit,FEDEX,Northeast,203.83,101.93,20,False,False,2.0,False,262.0,2026-04-27T23:39:17.576413
TRK000001036,2023-09-27,2023-10-03,2023-04-10,In Transit,UPS,Midwest,338.64,592.85,10,False,False,-170.0,False,0.0,2026-04-27T23:39:17.576413
TRK000004009,2023-09-27,2023-10-02,2023-10-04,In Transit,USPS,Midwest,501.43,201.8,48,False,False,7.0,False,2.0,2026-04-27T23:39:17.576413
TRK000002933,2023-09-26,2023-09-30,,Cancelled,XPO,Midwest,240.9,747.61,23,False,False,,False,,2026-04-27T23:39:17.576413
TRK000000185,2023-09-26,2023-09-29,2023-10-03,Delivered,USPS,Southwest,133.99,729.89,23,False,False,7.0,False,4.0,2026-04-27T23:39:17.576413
TRK000002906,2023-09-26,2023-03-10,2023-10-07,Delayed,FEDEX,Southwest,454.81,807.01,43,False,False,11.0,False,211.0,2026-04-27T23:39:17.576413
TRK000004557,2023-09-26,2023-10-01,2023-10-06,Delivered,DHL,Southeast,129.76,530.91,21,False,False,10.0,False,5.0,2026-04-27T23:39:17.576413
TRK000001618,2023-09-26,2023-09-28,,Cancelled,FEDEX,Midwest,343.15,721.93,20,False,False,,False,,2026-04-27T23:39:17.576413
TRK000001688,2023-09-26,2023-09-28,2023-09-29,In Transit,UPS,Midwest,254.55,364.19,39,False,False,3.0,False,1.0,2026-04-27T23:39:17.576413
TRK000002207,2023-09-26,2023-09-28,2023-09-27,In Transit,FEDEX,West Coast,227.98,151.76,40,False,False,1.0,False,0.0,2026-04-27T23:39:17.576413
TRK000002934,2023-09-26,2023-10-03,2023-10-04,Delivered,UPS,Midwest,594.54,693.66,35,False,False,8.0,False,1.0,2026-04-27T23:39:17.576413
TRK000002802,2023-09-26,2023-10-02,2023-10-03,In Transit,XPO,Southeast,240.87,398.96,38,False,False,7.0,False,1.0,2026-04-27T23:39:17.576413
TRK000001969,2023-09-26,2023-09-29,2023-02-10,In Transit,UPS,Northeast,454.26,287.85,17,False,False,-228.0,False,0.0,2026-04-27T23:39:17.576413
TRK000004994,2023-09-26,2023-01-10,2023-09-30,Cancelled,UPS,Southeast,380.16,847.6,20,False,False,4.0,False,263.0,2026-04-27T23:39:17.576413
TRK000003610,2023-09-26,2023-09-30,,Delayed,UPS,West Coast,501.99,417.09,15,False,False,,False,,2026-04-27T23:39:17.576413
TRK000003513,2023-09-25,2023-09-30,2023-09-28,Delayed,FEDEX,Midwest,139.81,210.05,24,False,False,3.0,False,0.0,2026-04-27T23:39:17.576413
TRK000001917,2023-09-25,2023-01-10,2023-10-03,Cancelled,DHL,Southeast,534.26,210.78,13,False,False,8.0,False,266.0,2026-04-27T23:39:17.576413
TRK000004068,2023-09-25,2023-09-28,2023-09-26,In Transit,UPS,Midwest,420.61,343.29,32,False,False,1.0,False,0.0,2026-04-27T23:39:17.576413
TRK000000183,2023-09-25,2023-09-30,2023-09-29,Delivered,FEDEX,Southeast,503.71,52.16,43,False,False,4.0,True,0.0,2026-04-27T23:39:17.576413
API000142,2023-09-25,2023-09-27,2023-09-28,Delivered,FEDEX,Midwest,28.61,513.52,6,False,False,3.0,False,1.0,2026-04-27T23:39:17.576413
TRK000000308,2023-09-25,2023-09-26,2023-09-25,Cancelled,FEDEX,Midwest,500.28,476.67,44,False,False,0.0,False,0.0,2026-04-27T23:39:17.576413
TRK000002068,2023-09-25,2023-09-29,2023-09-27,In Transit,FEDEX,Northeast,71.56,548.57,10,False,False,2.0,False,0.0,2026-04-27T23:39:17.576413
TRK000000733,2023-09-25,2023-09-30,2023-09-29,In Transit,UPS,Southwest,207.64,821.88,34,False,False,4.0,False,0.0,2026-04-27T23:39:17.576413
API000347,2023-09-24,2023-09-28,2023-10-02,In Transit,UPS,Midwest,374.5,317.39,22,False,False,8.0,False,4.0,2026-04-27T23:39:17.576413
TRK000003804,2023-09-24,2023-09-29,2023-09-28,In Transit,XPO,Midwest,502.84,532.2,29,False,False,4.0,False,0.0,2026-04-27T23:39:17.576413
TRK000004936,2023-09-24,2023-09-29,2023-09-28,In Transit,FEDEX,Midwest,74.01,196.71,24,False,False,4.0,False,0.0,2026-04-27T23:39:17.576413
TRK000002202,2023-09-24,2023-09-30,2023-09-28,Delayed,XPO,Southwest,28.83,461.99,35,False,False,4.0,False,0.0,2026-04-27T23:39:17.576413
TRK000000834,2023-09-23,2023-09-29,2023-09-28,Delayed,DHL,Southwest,156.82,499.54,49,False,False,5.0,False,0.0,2026-04-27T23:39:17.576413
TRK000004254,2023-09-23,2023-09-28,2023-10-03,In Transit,XPO,Southwest,49.95,843.88,46,False,False,10.0,False,5.0,2026-04-27T23:39:17.576413
TRK000002696,2023-09-23,2023-09-26,2023-09-30,Delayed,UPS,Northeast,278.89,304.72,43,False,False,7.0,False,4.0,2026-04-27T23:39:17.576413
TRK000004091,2023-09-23,2023-09-24,,Delivered,FEDEX,Midwest,536.71,534.28,29,False,False,,False,,2026-04-27T23:39:17.576413
TRK000001597,2023-09-23,2023-09-30,2023-10-01,Delivered,UPS,Midwest,332.49,585.79,15,False,False,8.0,False,1.0,2026-04-27T23:39:17.576413
TRK000002427,2023-09-23,2023-09-28,,Delivered,USPS,Southwest,126.17,287.34,15,False,False,,False,,2026-04-27T23:39:17.576413
TRK000002921,2023-09-23,2023-09-29,2023-10-01,In Transit,FEDEX,Southeast,220.83,506.19,15,False,False,8.0,False,2.0,2026-04-27T23:39:17.576413
TRK000002582,2023-09-23,2023-09-24,2023-09-23,Delivered,FEDEX,Midwest,501.93,249.93,33,False,False,0.0,True,0.0,2026-04-27T23:39:17.576413
TRK000001200,2023-09-23,2023-09-26,2023-09-24,In Transit,FEDEX,Midwest,575.91,169.23,21,False,False,1.0,False,0.0,2026-04-27T23:39:17.576413
TRK000004495,2023-09-23,2023-09-26,2023-09-24,Delivered,FEDEX,Midwest,501.59,798.68,31,False,False,1.0,True,0.0,2026-04-27T23:39:17.576413
TRK000000172,2023-09-22,2023-09-27,2023-09-28,Cancelled,FEDEX,Southwest,451.25,252.09,25,False,False,6.0,False,1.0,2026-04-27T23:39:17.576413
TRK000004167,2023-09-22,2023-09-24,2023-09-26,In Transit,USPS,Northeast,524.06,403.24,1,False,False,4.0,False,2.0,2026-04-27T23:39:17.576413
TRK000003907,2023-09-22,2023-09-23,2023-09-22,Delivered,DHL,Southeast,235.26,566.4,7,False,False,0.0,True,0.0,2026-04-27T23:39:17.576413
TRK000000420,2023-09-22,2023-09-29,2023-10-04,Delivered,XPO,Southeast,190.07,835.11,36,False,False,12.0,False,5.0,2026-04-27T23:39:17.576413
TRK000003672,2023-09-22,2023-09-25,,Delivered,FEDEX,West Coast,45.73,762.43,10,False,False,,False,,2026-04-27T23:39:17.576413
TRK000002243,2023-09-22,2023-09-26,2023-09-28,In Transit,XPO,Southeast,505.74,224.14,13,False,False,6.0,False,2.0,2026-04-27T23:39:17.576413
TRK000003825,2023-09-22,2023-09-29,2023-10-04,Delivered,UPS,West Coast,349.85,386.54,40,False,False,12.0,False,5.0,2026-04-27T23:39:17.576413
TRK000000158,2023-09-22,2023-09-25,2023-09-27,In Transit,UPS,Southeast,470.11,696.1,15,False,False,5.0,False,2.0,2026-04-27T23:39:17.576413
TRK000000705,2023-09-22,2023-09-24,2023-09-22,In Transit,DHL,Midwest,544.82,439.86,22,False,False,0.0,False,0.0,2026-04-27T23:39:17.576413
TRK000001684,2023-09-22,2023-09-28,2023-09-27,Delayed,XPO,Midwest,82.16,367.22,11,False,False,5.0,False,0.0,2026-04-27T23:39:17.576413
TRK000000675,2023-09-22,2023-09-28,2023-09-27,Delivered,FEDEX,Southwest,186.97,829.33,4,False,False,5.0,True,0.0,2026-04-27T23:39:17.576413
TRK000000479,2023-09-21,2023-09-28,,Delivered,UPS,Midwest,540.45,477.27,22,False,False,,False,,2026-04-27T23:39:17.576413
TRK000000100,2023-09-21,2023-09-27,2023-01-10,Delayed,FEDEX,Midwest,398.7,347.83,25,False,False,-254.0,False,0.0,2026-04-27T23:39:17.576413
TRK000002300,2023-09-21,2023-09-28,,Delayed,FEDEX,Midwest,204.06,213.07,17,False,False,,False,,2026-04-27T23:39:17.576413
TRK000004066,2023-09-21,2023-09-28,2023-09-30,In Transit,FEDEX,Midwest,196.81,768.77,27,False,False,9.0,False,2.0,2026-04-27T23:39:17.576413
TRK000004232,2023-09-21,2023-09-25,2023-09-30,In Transit,FEDEX,Northeast,545.57,158.18,27,False,False,9.0,False,5.0,2026-04-27T23:39:17.576413
TRK000001894,2023-09-21,2023-09-28,,Delivered,FEDEX,Midwest,208.11,621.76,21,False,False,,False,,2026-04-27T23:39:17.576413
TRK000004196,2023-09-21,2023-09-27,2023-09-26,Delivered,FEDEX,Southwest,546.19,615.65,48,False,False,5.0,True,0.0,2026-04-27T23:39:17.576413
TRK000004417,2023-09-21,2023-09-25,,Delayed,FEDEX,Midwest,206.6,456.36,44,False,False,,False,,2026-04-27T23:39:17.576413
TRK000001906,2023-09-20,2023-09-21,,Delivered,FEDEX,West Coast,372.18,99.94,20,False,False,,False,,2026-04-27T23:39:17.576413
TRK000001049,2023-09-19,2023-09-22,2023-09-20,Delayed,UPS,Midwest,167.68,855.95,38,False,False,1.0,False,0.0,2026-04-27T23:39:17.576413
TRK000000689,2023-09-19,2023-09-24,2023-09-25,Delayed,XPO,Northeast,67.25,307.31,45,False,False,6.0,False,1.0,2026-04-27T23:39:17.576413
TRK000003192,2023-09-19,2023-09-25,2023-09-25,Delivered,USPS,Southeast,343.74,791.41,13,False,False,6.0,True,0.0,2026-04-27T23:39:17.576413
API000206,2023-09-19,2023-09-22,2023-09-26,Delayed,DHL,West Coast,90.12,554.5,29,False,False,7.0,False,4.0,2026-04-27T23:39:17.576413
TRK000000271,2023-09-19,2023-09-23,2023-09-25,Delayed,USPS,Midwest,60.75,729.69,24,False,False,6.0,False,2.0,2026-04-27T23:39:17.576413
TRK000000610,2023-09-19,2023-09-25,,Cancelled,UPS,Midwest,249.09,464.52,35,False,False,,False,,2026-04-27T23:39:17.576413
TRK000002778,2023-09-19,2023-09-21,2023-09-21,In Transit,UPS,Northeast,388.82,837.55,39,False,False,2.0,False,0.0,2026-04-27T23:39:17.576413
TRK000003959,2023-09-19,2023-09-21,2023-09-20,Cancelled,UPS,West Coast,570.15,293.67,23,False,False,1.0,False,0.0,2026-04-27T23:39:17.576413
TRK000004541,2023-09-19,2023-09-24,2023-09-23,Delivered,FEDEX,Northeast,143.83,-280.34,8,True,False,4.0,True,0.0,2026-04-27T23:39:17.576413
TRK000002646,2023-09-19,2023-09-21,2023-09-19,Delivered,FEDEX,Southwest,434.94,61.07,43,False,False,0.0,True,0.0,2026-04-27T23:39:17.576413
TRK000002879,2023-09-19,2023-09-26,2023-10-01,In Transit,FEDEX,Southeast,480.13,198.15,41,False,False,12.0,False,5.0,2026-04-27T23:39:17.576413
TRK000000940,2023-09-19,2023-09-22,,Delivered,USPS,Southeast,520.0,749.3,50,False,False,,False,,2026-04-27T23:39:17.576413
TRK000003360,2023-09-19,2023-09-22,2023-09-25,In Transit,UPS,Northeast,201.67,859.58,28,False,False,6.0,False,3.0,2026-04-27T23:39:17.576413
TRK000001172,2023-09-19,2023-09-23,2023-09-22,Delivered,FEDEX,Midwest,359.34,724.09,3,False,False,3.0,True,0.0,2026-04-27T23:39:17.576413
TRK000004392,2023-09-19,2023-09-23,2023-09-22,Delivered,UPS,West Coast,40.19,719.51,11,False,False,3.0,True,0.0,2026-04-27T23:39:17.576413
TRK000003400,2023-09-18,2023-09-20,2023-09-20,Delivered,XPO,Midwest,222.96,397.87,20,False,False,2.0,True,0.0,2026-04-27T23:39:17.576413
TRK000001502,2023-09-18,2023-09-21,2023-09-23,Cancelled,UPS,Southeast,174.8,104.64,48,False,False,5.0,False,2.0,2026-04-27T23:39:17.576413
TRK000001268,2023-09-18,2023-09-21,,Cancelled,UPS,Southwest,449.17,246.12,1,False,False,,False,,2026-04-27T23:39:17.576413
TRK000002860,2023-09-18,2023-09-19,,In Transit,UPS,Midwest,35.18,780.95,32,False,False,,False,,2026-04-27T23:39:17.576413
API000120,2023-09-18,2023-09-22,2023-09-22,Delayed,UPS,Midwest,388.54,678.63,4,False,False,4.0,False,0.0,2026-04-27T23:39:17.576413
TRK000001388,2023-09-18,2023-09-23,2023-09-23,Delayed,FEDEX,Midwest,52.49,855.08,4,False,False,5.0,False,0.0,2026-04-27T23:39:17.576413
TRK000003251,2023-09-18,2023-09-24,2023-09-22,Cancelled,UPS,Southeast,456.01,170.88,22,False,False,4.0,False,0.0,2026-04-27T23:39:17.576413
TRK000002544,2023-09-18,2023-09-19,2023-09-19,Delivered,DHL,Midwest,63.3,331.41,31,False,False,1.0,True,0.0,2026-04-27T23:39:17.576413
TRK000004664,2023-09-17,2023-09-22,2023-09-25,Delivered,DHL,Southeast,577.89,294.18,10,False,False,8.0,False,3.0,2026-04-27T23:39:17.576413
TRK000003350,2023-09-17,2023-09-20,2023-09-23,Cancelled,UPS,Midwest,518.23,349.52,42,False,False,6.0,False,3.0,2026-04-27T23:39:17.576413
TRK000003216,2023-09-17,2023-09-20,2023-09-24,Delivered,UPS,West Coast,333.39,529.97,17,False,False,7.0,False,4.0,2026-04-27T23:39:17.576413
TRK000004446,2023-09-16,2023-09-19,2023-09-17,In Transit,FEDEX,Midwest,64.75,792.37,4,False,False,1.0,False,0.0,2026-04-27T23:39:17.576413
TRK000001739,2023-09-16,2023-09-18,2023-09-19,Delivered,UPS,Midwest,176.87,435.05,9,False,False,3.0,False,1.0,2026-04-27T23:39:17.576413
TRK000002851,2023-09-16,2023-09-23,,In Transit,DHL,West Coast,420.33,772.13,13,False,False,,False,,2026-04-27T23:39:17.576413
TRK000002262,2023-09-16,2023-09-18,2023-09-17,Delayed,UPS,Midwest,317.2,472.26,1,False,False,1.0,False,0.0,2026-04-27T23:39:17.576413
TRK000000310,2023-09-15,2023-09-17,2023-09-16,In Transit,XPO,Southwest,102.97,773.42,45,False,False,1.0,False,0.0,2026-04-27T23:39:17.576413
TRK000003596,2023-09-15,2023-09-19,2023-09-19,Delivered,FEDEX,Northeast,16.96,761.25,48,False,False,4.0,True,0.0,2026-04-27T23:39:17.576413
TRK000002327,2023-09-15,2023-09-16,2023-09-17,Delayed,DHL,Midwest,337.59,588.1,43,False,False,2.0,False,1.0,2026-04-27T23:39:17.576413
API000052,2023-09-15,2023-09-19,2023-09-18,Delayed,UPS,West Coast,395.98,598.74,19,False,False,3.0,False,0.0,2026-04-27T23:39:17.576413
TRK000004406,2023-09-15,2023-09-19,2023-09-18,Cancelled,DHL,Midwest,535.19,791.58,38,False,False,3.0,False,0.0,2026-04-27T23:39:17.576413
TRK000004272,2023-09-14,2023-09-16,,Delayed,FEDEX,Midwest,405.48,234.18,39,False,False,,False,,2026-04-27T23:39:17.576413
API000029,2023-09-14,2023-09-15,2023-09-15,Delivered,DHL,West Coast,41.84,572.41,15,False,False,1.0,True,0.0,2026-04-27T23:39:17.576413
API000383,2023-09-14,2023-09-16,2023-09-21,In Transit,UPS,West Coast,334.03,558.32,20,False,False,7.0,False,5.0,2026-04-27T23:39:17.576413
TRK000000712,2023-09-14,2023-09-18,,Cancelled,USPS,Midwest,109.13,794.19,3,False,False,,False,,2026-04-27T23:39:17.576413
TRK000001983,2023-09-14,2023-09-21,2023-09-21,Delivered,FEDEX,Northeast,166.44,172.47,25,False,False,7.0,True,0.0,2026-04-27T23:39:17.576413
API000342,2023-09-14,2023-09-15,2023-09-22,In Transit,DHL,Midwest,222.28,460.34,15,False,False,8.0,False,7.0,2026-04-27T23:39:17.576413
TRK000004918,2023-09-14,2023-09-16,2023-09-20,Delivered,FEDEX,West Coast,403.16,195.21,41,False,False,6.0,False,4.0,2026-04-27T23:39:17.576413
TRK000000417,2023-09-13,2023-09-19,,In Transit,XPO,Northeast,19.31,840.37,11,False,False,,False,,2026-04-27T23:39:17.576413
API000164,2023-09-13,2023-09-17,2023-09-21,Delayed,DHL,Northeast,137.86,535.11,5,False,False,8.0,False,4.0,2026-04-27T23:39:17.576413
TRK000002115,2023-09-13,2023-09-18,2023-09-18,Delivered,FEDEX,Midwest,169.8,769.92,6,False,False,5.0,True,0.0,2026-04-27T23:39:17.576413
TRK000004432,2023-09-13,2023-09-17,,Delivered,UPS,Southeast,465.16,99.57,43,False,False,,False,,2026-04-27T23:39:17.576413
TRK000000485,2023-09-13,2023-09-16,2023-09-18,Delayed,XPO,Northeast,10.23,583.42,50,False,False,5.0,False,2.0,2026-04-27T23:39:17.576413
TRK000004644,2023-09-12,2023-09-13,,Delivered,UPS,Southeast,15.52,67.02,41,False,False,,False,,2026-04-27T23:39:17.576413
TRK000004113,2023-09-12,2023-09-15,2023-09-18,In Transit,FEDEX,Midwest,275.18,144.79,28,False,False,6.0,False,3.0,2026-04-27T23:39:17.576413
TRK000002566,2023-09-12,2023-09-16,,Cancelled,DHL,Midwest,255.13,497.77,48,False,False,,False,,2026-04-27T23:39:17.576413
TRK000004435,2023-09-12,2023-09-17,2023-09-19,Delivered,FEDEX,Southwest,328.1,465.91,4,False,False,7.0,False,2.0,2026-04-27T23:39:17.576413
TRK000001025,2023-09-12,2023-12-11,2023-12-12,In Transit,FEDEX,Northeast,502.61,374.32,33,False,False,91.0,False,1.0,2026-04-27T23:39:17.576413
TRK000001592,2023-09-12,2023-09-15,2023-09-16,In Transit,UPS,Northeast,148.26,755.87,50,False,False,4.0,False,1.0,2026-04-27T23:39:17.576413
TRK000002822,2023-09-12,2023-09-17,2023-09-21,In Transit,FEDEX,Midwest,330.12,290.87,13,False,False,9.0,False,4.0,2026-04-27T23:39:17.576413
TRK000002913,2023-09-12,2023-09-19,2023-09-18,Delayed,FEDEX,Southwest,387.0,754.33,26,False,False,6.0,False,0.0,2026-04-27T23:39:17.576413
TRK000002978,2023-09-12,2023-09-19,2023-09-20,Cancelled,FEDEX,West Coast,243.2,531.04,22,False,False,8.0,False,1.0,2026-04-27T23:39:17.576413
TRK000004140,2023-09-12,2023-09-18,2023-09-17,In Transit,FEDEX,Midwest,259.21,220.26,28,False,False,5.0,False,0.0,2026-04-27T23:39:17.576413
TRK000001970,2023-09-11,2023-09-15,2023-09-17,Delayed,XPO,Northeast,34.16,879.62,18,False,False,6.0,False,2.0,2026-04-27T23:39:17.576413
TRK000003725,2023-09-11,2023-09-13,2023-09-16,Delayed,XPO,Southeast,541.24,791.9,32,False,False,5.0,False,3.0,2026-04-27T23:39:17.576413
TRK000002846,2023-09-11,2023-09-17,2023-09-18,Delayed,USPS,Southwest,23.98,452.81,13,False,False,7.0,False,1.0,2026-04-27T23:39:17.576413
TRK000001941,2023-09-11,2023-12-11,2023-11-13,In Transit,FEDEX,Midwest,455.57,782.3,19,False,False,63.0,False,0.0,2026-04-27T23:39:17.576413
TRK000004887,2023-09-11,2023-09-18,2023-09-21,In Transit,XPO,Northeast,15.08,359.55,13,False,False,10.0,False,3.0,2026-04-27T23:39:17.576413
TRK000002339,2023-09-11,2023-11-14,,Delayed,DHL,Southeast,136.62,533.98,18,False,False,,False,,2026-04-27T23:39:17.576413
TRK000003155,2023-09-10,2023-10-16,2023-10-19,Cancelled,UPS,Southwest,79.54,756.69,16,False,False,39.0,False,3.0,2026-04-27T23:39:17.576413
TRK000004445,2023-09-10,2023-10-15,2023-10-19,Delayed,UPS,Southeast,276.68,612.15,40,False,False,39.0,False,4.0,2026-04-27T23:39:17.576413
TRK000001012,2023-09-10,2023-09-12,2023-09-13,Cancelled,UPS,Midwest,255.99,808.05,26,False,False,3.0,False,1.0,2026-04-27T23:39:17.576413
TRK000004269,2023-09-10,2023-09-12,2023-09-15,Cancelled,USPS,West Coast,347.43,586.31,43,False,False,5.0,False,3.0,2026-04-27T23:39:17.576413
TRK000000919,2023-09-09,2023-09-11,2023-09-11,Delayed,FEDEX,Southeast,344.43,159.56,48,False,False,2.0,False,0.0,2026-04-27T23:39:17.576413
API000116,2023-09-09,2023-09-12,,Delayed,FEDEX,West Coast,102.21,626.38,24,False,False,,False,,2026-04-27T23:39:17.576413
TRK000000351,2023-09-09,2023-09-13,2023-12-09,Delivered,UPS,Midwest,235.48,454.52,30,False,False,91.0,False,87.0,2026-04-27T23:39:17.576413
TRK000002143,2023-09-09,2023-12-09,2023-09-16,Delivered,UPS,Midwest,108.82,349.73,30,False,False,7.0,True,0.0,2026-04-27T23:39:17.576413
TRK000001781,2023-09-09,2023-12-09,2023-09-10,Delayed,XPO,Midwest,260.59,490.37,25,False,False,1.0,False,0.0,2026-04-27T23:39:17.576413
TRK000003476,2023-09-09,2023-09-16,2023-09-14,Cancelled,FEDEX,Southwest,94.24,98.67,16,False,False,5.0,False,0.0,2026-04-27T23:39:17.576413
TRK000001387,2023-09-08,2023-09-09,2023-10-09,In Transit,USPS,Midwest,300.39,70.23,27,False,False,31.0,False,30.0,2026-04-27T23:39:17.576413
TRK000002609,2023-09-08,2023-09-11,,Cancelled,UPS,Southeast,170.92,180.87,46,False,False,,False,,2026-04-27T23:39:17.576413
TRK000003696,2023-09-08,2023-09-14,2023-09-14,In Transit,FEDEX,West Coast,196.99,435.19,31,False,False,6.0,False,0.0,2026-04-27T23:39:17.576413
TRK000000294,2023-09-08,2023-11-08,2023-08-12,Delayed,UPS,Southwest,274.18,553.02,17,False,False,-27.0,False,0.0,2026-04-27T23:39:17.576413
API000125,2023-09-08,2023-09-09,,In Transit,DHL,Northeast,264.75,360.49,20,False,False,,False,,2026-04-27T23:39:17.576413
TRK000003780,2023-09-08,2023-09-13,2023-09-11,Cancelled,FEDEX,West Coast,525.33,690.29,31,False,False,3.0,False,0.0,2026-04-27T23:39:17.576413
TRK000004055,2023-09-08,2023-09-14,2023-09-12,In Transit,UPS,Southeast,280.06,181.38,42,False,False,4.0,False,0.0,2026-04-27T23:39:17.576413
TRK000002041,2023-09-08,2023-08-11,2023-12-08,Delayed,USPS,Midwest,384.12,837.43,26,False,False,91.0,False,119.0,2026-04-27T23:39:17.576413
TRK000001298,2023-09-08,2023-09-14,2023-09-14,In Transit,FEDEX,Midwest,402.42,425.61,47,False,False,6.0,False,0.0,2026-04-27T23:39:17.576413
TRK000004612,2023-09-08,2023-09-10,,In Transit,FEDEX,Midwest,52.59,571.27,26,False,False,,False,,2026-04-27T23:39:17.576413
TRK000001766,2023-09-07,2023-09-14,2023-09-12,In Transit,USPS,West Coast,497.43,474.68,40,False,False,5.0,False,0.0,2026-04-27T23:39:17.576413
TRK000004294,2023-09-07,2023-07-10,2023-07-12,Delayed,DHL,West Coast,507.84,564.76,31,False,False,-57.0,False,2.0,2026-04-27T23:39:17.576413
TRK000001599,2023-09-07,2023-09-14,2023-09-19,Cancelled,FEDEX,Midwest,190.12,629.36,23,False,False,12.0,False,5.0,2026-04-27T23:39:17.576413
TRK000001345,2023-09-07,2023-09-12,2023-09-15,Cancelled,FEDEX,Southwest,296.1,185.31,6,False,False,8.0,False,3.0,2026-04-27T23:39:17.576413
API000384,2023-09-06,2023-09-09,2023-09-08,Delivered,DHL,West Coast,131.16,417.89,15,False,False,2.0,True,0.0,2026-04-27T23:39:17.576413
TRK000003887,2023-09-06,2023-09-07,,Delivered,UPS,West Coast,148.15,500.43,37,False,False,,False,,2026-04-27T23:39:17.576413
TRK000002642,2023-09-06,2023-09-12,2023-12-09,Delivered,UPS,Midwest,326.2,465.89,5,False,False,94.0,False,88.0,2026-04-27T23:39:17.576413
TRK000004511,2023-09-06,2023-09-09,2023-09-14,In Transit,FEDEX,Midwest,51.02,485.49,26,False,False,8.0,False,5.0,2026-04-27T23:39:17.576413
TRK000003178,2023-09-06,2023-09-13,,Delivered,UPS,Southeast,223.71,627.97,49,False,False,,False,,2026-04-27T23:39:17.576413
API000025,2023-09-06,2023-09-08,2023-09-14,Delivered,DHL,Midwest,215.29,244.68,30,False,False,8.0,False,6.0,2026-04-27T23:39:17.576413
TRK000003847,2023-09-06,2023-08-09,2023-09-13,Delivered,UPS,West Coast,322.22,223.81,21,False,False,7.0,False,35.0,2026-04-27T23:39:17.576413
TRK000004218,2023-09-05,2023-09-06,2023-09-11,Delivered,XPO,Southeast,355.45,420.09,16,False,False,6.0,False,5.0,2026-04-27T23:39:17.576413
TRK000003052,2023-09-05,2023-09-10,2023-09-08,Delayed,FEDEX,West Coast,517.77,324.44,50,False,False,3.0,False,0.0,2026-04-27T23:39:17.576413
TRK000004741,2023-09-05,2023-09-07,2023-09-06,In Transit,UPS,Southwest,544.02,742.85,23,False,False,1.0,False,0.0,2026-04-27T23:39:17.576413
TRK000000957,2023-09-05,2023-09-08,2023-09-09,Delivered,USPS,Midwest,414.09,694.08,36,False,False,4.0,False,1.0,2026-04-27T23:39:17.576413
TRK000004123,2023-09-05,2023-05-14,2023-05-15,Delayed,DHL,Midwest,550.02,848.91,6,False,False,-113.0,False,1.0,2026-04-27T23:39:17.576413
TRK000001192,2023-09-05,2023-05-16,,Delivered,UPS,Southeast,449.2,514.81,11,False,False,,False,,2026-04-27T23:39:17.576413
TRK000002215,2023-09-05,2023-05-13,2023-05-17,Delayed,FEDEX,Midwest,177.24,423.12,44,False,False,-111.0,False,4.0,2026-04-27T23:39:17.576413
TRK000003920,2023-09-05,2023-05-15,2023-05-17,Delivered,FEDEX,Midwest,352.98,594.63,30,False,False,-111.0,False,2.0,2026-04-27T23:39:17.576413
TRK000001210,2023-09-04,2023-09-08,,In Transit,FEDEX,Midwest,47.06,816.3,46,False,False,,False,,2026-04-27T23:39:17.576413
TRK000001585,2023-09-04,2023-09-06,2023-09-08,Cancelled,FEDEX,West Coast,431.86,691.67,21,False,False,4.0,False,2.0,2026-04-27T23:39:17.576413
TRK000003136,2023-09-04,2023-09-09,2023-09-08,In Transit,FEDEX,Midwest,300.56,355.56,12,False,False,4.0,False,0.0,2026-04-27T23:39:17.576413
TRK000001871,2023-09-04,2023-09-09,,Delivered,FEDEX,Midwest,47.03,626.97,6,False,False,,False,,2026-04-27T23:39:17.576413
TRK000002976,2023-09-04,2023-09-09,2023-09-13,Delayed,FEDEX,Midwest,262.91,650.31,29,False,False,9.0,False,4.0,2026-04-27T23:39:17.576413
TRK000002772,2023-09-04,2023-07-09,2023-09-07,Cancelled,XPO,Midwest,597.48,198.93,47,False,False,3.0,False,60.0,2026-04-27T23:39:17.576413
TRK000004378,2023-09-04,2023-09-09,2023-09-08,Cancelled,UPS,West Coast,327.85,152.61,24,False,False,4.0,False,0.0,2026-04-27T23:39:17.576413
TRK000001184,2023-09-03,2023-08-09,,Delayed,FEDEX,Northeast,242.52,217.67,12,False,False,,False,,2026-04-27T23:39:17.576413
TRK000002392,2023-09-03,2023-09-04,2023-09-06,Delivered,FEDEX,Midwest,50.88,870.37,6,False,False,3.0,False,2.0,2026-04-27T23:39:17.576413
TRK000003988,2023-09-03,2023-09-04,,Cancelled,UPS,Southwest,455.52,253.22,22,False,False,,False,,2026-04-27T23:39:17.576413
TRK000002128,2023-09-03,2023-09-05,2023-09-10,Cancelled,FEDEX,Northeast,109.45,695.54,4,False,False,7.0,False,5.0,2026-04-27T23:39:17.576413
TRK000004327,2023-09-03,2023-09-10,2023-09-09,Cancelled,FEDEX,Southwest,17.87,100.57,47,False,False,6.0,False,0.0,2026-04-27T23:39:17.576413
TRK000002050,2023-09-03,2023-09-07,2023-07-09,Cancelled,UPS,Southeast,173.12,186.09,36,False,False,-56.0,False,0.0,2026-04-27T23:39:17.576413
TRK000004755,2023-09-03,2023-09-08,2023-09-10,Delivered,UPS,Midwest,382.5,291.98,40,False,False,7.0,False,2.0,2026-04-27T23:39:17.576413
TRK000004025,2023-09-02,2023-09-04,,Delivered,FEDEX,Northeast,50.28,743.79,18,False,False,,False,,2026-04-27T23:39:17.576413
TRK000004116,2023-09-02,2023-02-12,2023-12-02,In Transit,UPS,Northeast,480.49,350.54,42,False,False,91.0,False,293.0,2026-04-27T23:39:17.576413
TRK000001121,2023-09-02,2023-09-04,,Delivered,FEDEX,Southwest,563.7,856.7,6,False,False,,False,,2026-04-27T23:39:17.576413
TRK000003218,2023-09-02,2023-04-09,2023-03-09,Cancelled,XPO,West Coast,194.71,142.22,34,False,False,-177.0,False,0.0,2026-04-27T23:39:17.576413
TRK000002065,2023-09-01,2023-06-09,2023-09-05,In Transit,UPS,Southwest,111.33,601.24,3,False,False,4.0,False,88.0,2026-04-27T23:39:17.576413
TRK000003497,2023-09-01,2023-02-09,2023-09-04,Cancelled,FEDEX,Midwest,462.62,620.1,47,False,False,3.0,False,207.0,2026-04-27T23:39:17.576413
TRK000001531,2023-09-01,2023-01-15,,Cancelled,FEDEX,Southeast,117.59,439.88,39,False,False,,False,,2026-04-27T23:39:17.576413
TRK000000366,2023-09-01,2023-09-03,,Delivered,UPS,Midwest,34.94,58.54,29,False,False,,False,,2026-04-27T23:39:17.576413
TRK000000816,2023-09-01,2023-09-06,,Delayed,FEDEX,Southwest,290.74,710.33,9,False,False,,False,,2026-04-27T23:39:17.576413
TRK000004847,2023-08-31,2023-09-01,2023-09-01,In Transit,FEDEX,Southwest,458.25,668.94,39,False,False,1.0,False,0.0,2026-04-27T23:39:17.576413
TRK000004811,2023-08-31,2023-09-02,2023-05-09,In Transit,DHL,Northeast,427.4,530.25,35,False,False,-114.0,False,0.0,2026-04-27T23:39:17.576413
TRK000002356,2023-08-31,2023-09-01,2023-09-01,Delayed,FEDEX,Northeast,191.31,672.58,47,False,False,1.0,False,0.0,2026-04-27T23:39:17.576413
TRK000000029,2023-08-31,2023-09-02,2023-06-09,Cancelled,FEDEX,Midwest,220.77,56.94,5,False,False,-83.0,False,0.0,2026-04-27T23:39:17.576413
TRK000000693,2023-08-31,2023-06-09,,Delayed,USPS,Midwest,358.88,360.11,15,False,False,,False,,2026-04-27T23:39:17.576413
TRK000002919,2023-08-31,2023-09-02,2023-05-09,Delivered,UPS,Southeast,585.08,754.77,42,False,False,-114.0,True,0.0,2026-04-27T23:39:17.576413
TRK000004673,2023-08-30,2023-09-03,2023-09-01,Delayed,USPS,Midwest,382.91,341.42,14,False,False,2.0,False,0.0,2026-04-27T23:39:17.576413
TRK000004471,2023-08-30,2023-02-09,2023-09-02,Delivered,FEDEX,Midwest,54.77,361.08,38,False,False,3.0,False,205.0,2026-04-27T23:39:17.576413
TRK000002678,2023-08-30,2023-09-06,2023-09-09,Delayed,XPO,Midwest,160.22,253.96,41,False,False,10.0,False,3.0,2026-04-27T23:39:17.576413
TRK000004724,2023-08-30,2023-09-02,2023-09-01,Delayed,DHL,Northeast,551.53,865.08,40,False,False,2.0,False,0.0,2026-04-27T23:39:17.576413
TRK000004152,2023-08-30,2023-09-02,2023-04-09,In Transit,FEDEX,Midwest,500.64,240.21,8,False,False,-143.0,False,0.0,2026-04-27T23:39:17.576413
TRK000004103,2023-08-30,2023-01-09,2023-03-09,Delivered,FEDEX,West Coast,134.48,423.64,28,False,False,-174.0,False,59.0,2026-04-27T23:39:17.576413
TRK000003953,2023-08-30,2023-09-03,2023-09-05,Cancelled,FEDEX,Midwest,182.76,838.33,1,False,False,6.0,False,2.0,2026-04-27T23:39:17.576413
TRK000003002,2023-08-30,2023-09-05,2023-09-03,Delayed,USPS,Southeast,63.75,296.25,36,False,False,4.0,False,0.0,2026-04-27T23:39:17.576413
TRK000001524,2023-08-30,2023-08-31,2023-09-03,Delivered,XPO,Northeast,56.81,507.35,9,False,False,4.0,False,3.0,2026-04-27T23:39:17.576413
TRK000001669,2023-08-30,2023-04-09,,Delivered,DHL,West Coast,269.51,666.24,41,False,False,,False,,2026-04-27T23:39:17.576413
TRK000000964,2023-08-30,2023-09-01,2023-09-02,Delivered,FEDEX,Southeast,588.1,856.96,18,False,False,3.0,False,1.0,2026-04-27T23:39:17.576413
TRK000003119,2023-08-29,2023-09-04,2023-09-03,In Transit,FEDEX,Southeast,371.24,228.99,6,False,False,5.0,False,0.0,2026-04-27T23:39:17.576413
TRK000004180,2023-08-29,2023-09-01,,Delivered,USPS,West Coast,512.4,719.98,28,False,False,,False,,2026-04-27T23:39:17.576413
TRK000000850,2023-08-29,2023-04-09,2023-09-05,In Transit,DHL,Southwest,313.95,673.12,25,False,False,7.0,False,149.0,2026-04-27T23:39:17.576413
TRK000003129,2023-08-29,2023-09-04,2023-09-07,Cancelled,DHL,Midwest,248.14,406.21,13,False,False,9.0,False,3.0,2026-04-27T23:39:17.576413
TRK000001719,2023-08-29,2023-09-02,2023-09-03,Delivered,DHL,Midwest,142.0,515.63,17,False,False,5.0,False,1.0,2026-04-27T23:39:17.576413
TRK000001929,2023-08-29,2023-08-31,2023-02-09,Cancelled,USPS,West Coast,72.1,509.56,1,False,False,-201.0,False,0.0,2026-04-27T23:39:17.576413
TRK000000923,2023-08-29,2023-09-01,2023-08-30,Delivered,DHL,Southwest,56.62,568.98,25,False,False,1.0,True,0.0,2026-04-27T23:39:17.576413
TRK000001892,2023-08-29,2023-08-30,2023-09-01,Delivered,XPO,Midwest,485.14,524.64,45,False,False,3.0,False,2.0,2026-04-27T23:39:17.576413
TRK000002283,2023-08-28,2023-09-03,2023-09-02,Delivered,DHL,Southeast,160.54,538.96,48,False,False,5.0,True,0.0,2026-04-27T23:39:17.576413
TRK000003546,2023-08-28,2023-08-29,,Delivered,DHL,Northeast,119.16,164.28,27,False,False,,False,,2026-04-27T23:39:17.576413
TRK000002137,2023-08-27,2023-08-31,2023-08-31,Cancelled,DHL,Midwest,175.38,327.13,15,False,False,4.0,False,0.0,2026-04-27T23:39:17.576413
TRK000004585,2023-08-27,2023-08-28,2023-02-09,In Transit,FEDEX,Midwest,450.59,234.61,10,False,False,-199.0,False,0.0,2026-04-27T23:39:17.576413
TRK000002673,2023-08-27,2023-08-28,2023-08-26,In Transit,XPO,Northeast,150.66,554.43,12,False,False,-1.0,False,0.0,2026-04-27T23:39:17.576413
TRK000000265,2023-08-27,2023-01-09,2023-03-09,Delivered,UPS,Southeast,391.67,357.72,22,False,False,-171.0,False,59.0,2026-04-27T23:39:17.576413
TRK000003552,2023-08-27,2023-09-01,2023-09-01,In Transit,DHL,Southwest,592.38,434.36,39,False,False,5.0,False,0.0,2026-04-27T23:39:17.576413
TRK000001855,2023-08-27,2023-08-28,2023-08-30,Cancelled,UPS,Midwest,337.88,400.08,32,False,False,3.0,False,2.0,2026-04-27T23:39:17.576413
TRK000004093,2023-08-27,2023-08-29,2023-09-03,In Transit,FEDEX,Midwest,463.47,776.72,8,False,False,7.0,False,5.0,2026-04-27T23:39:17.576413
TRK000002446,2023-08-27,2023-09-02,2023-03-09,Delayed,XPO,Midwest,254.64,858.45,34,False,False,-171.0,False,0.0,2026-04-27T23:39:17.576413
TRK000002140,2023-08-27,2023-09-01,2023-08-30,Delivered,UPS,West Coast,570.2,96.16,36,False,False,3.0,True,0.0,2026-04-27T23:39:17.576413
TRK000004106,2023-08-27,2023-08-28,2023-08-28,Cancelled,UPS,Midwest,338.55,332.31,29,False,False,1.0,False,0.0,2026-04-27T23:39:17.576413
TRK000000102,2023-08-26,2023-08-27,2023-09-01,Cancelled,FEDEX,Midwest,21.34,894.33,24,False,False,6.0,False,5.0,2026-04-27T23:39:17.576413
TRK000004401,2023-08-26,2023-08-27,2023-08-29,Delivered,XPO,Midwest,11.1,371.8,38,False,False,3.0,False,2.0,2026-04-27T23:39:17.576413
TRK000002938,2023-08-26,2023-08-28,,Delivered,UPS,Southwest,349.75,810.74,3,False,False,,False,,2026-04-27T23:39:17.576413
TRK000004388,2023-08-26,2023-08-31,2023-08-31,Cancelled,FEDEX,West Coast,405.26,98.94,50,False,False,5.0,False,0.0,2026-04-27T23:39:17.576413
TRK000002944,2023-08-26,2023-08-29,2023-09-02,In Transit,UPS,Midwest,299.0,714.1,49,False,False,7.0,False,4.0,2026-04-27T23:39:17.576413
TRK000004270,2023-08-26,2023-08-28,2023-08-29,Delivered,XPO,Northeast,428.05,710.31,36,False,False,3.0,False,1.0,2026-04-27T23:39:17.576413
TRK000001979,2023-08-26,2023-08-27,2023-08-27,Cancelled,XPO,Northeast,483.47,610.57,33,False,False,1.0,False,0.0,2026-04-27T23:39:17.576413
TRK000001214,2023-08-26,2023-08-27,2023-08-26,In Transit,FEDEX,West Coast,533.64,292.41,38,False,False,0.0,False,0.0,2026-04-27T23:39:17.576413
TRK000004609,2023-08-25,2023-08-30,2023-09-03,Delivered,UPS,Northeast,202.44,716.93,43,False,False,9.0,False,4.0,2026-04-27T23:39:17.576413
TRK000000152,2023-08-25,2023-08-29,,Delayed,DHL,Midwest,446.48,892.63,5,False,False,,False,,2026-04-27T23:39:17.576413
API000468,2023-08-25,2023-08-27,2023-08-28,Delayed,FEDEX,West Coast,207.11,94.36,18,False,False,3.0,False,1.0,2026-04-27T23:39:17.576413
TRK000003569,2023-08-25,2023-08-27,2023-08-31,Delivered,UPS,Southwest,218.49,532.63,5,False,False,6.0,False,4.0,2026-04-27T23:39:17.576413
TRK000000008,2023-08-25,2023-08-29,,Delivered,UPS,West Coast,186.94,392.75,32,False,False,,False,,2026-04-27T23:39:17.576413
TRK000001157,2023-08-25,2023-08-29,2023-08-28,Delayed,UPS,West Coast,138.98,639.11,27,False,False,3.0,False,0.0,2026-04-27T23:39:17.576413
TRK000004979,2023-08-25,2023-08-26,2023-08-29,Delivered,DHL,Midwest,363.33,298.09,13,False,False,4.0,False,3.0,2026-04-27T23:39:17.576413
TRK000002995,2023-08-24,2023-08-27,,Delayed,FEDEX,West Coast,172.68,779.16,5,False,False,,False,,2026-04-27T23:39:17.576413
TRK000001358,2023-08-24,2023-08-30,2023-08-29,Cancelled,USPS,Midwest,305.54,526.06,39,False,False,5.0,False,0.0,2026-04-27T23:39:17.576413
TRK000002757,2023-08-24,2023-08-29,2023-08-29,In Transit,USPS,Midwest,245.69,836.86,33,False,False,5.0,False,0.0,2026-04-27T23:39:17.576413
TRK000004615,2023-08-24,2023-08-27,2023-08-27,Cancelled,DHL,Southeast,314.96,424.36,36,False,False,3.0,False,0.0,2026-04-27T23:39:17.576413
TRK000004798,2023-08-23,2023-08-26,,Delivered,DHL,Midwest,151.52,823.66,9,False,False,,False,,2026-04-27T23:39:17.576413
TRK000001515,2023-08-23,2023-08-25,2023-08-24,Delivered,FEDEX,Midwest,433.7,277.71,37,False,False,1.0,True,0.0,2026-04-27T23:39:17.576413
TRK000001947,2023-08-23,2023-08-27,2023-08-25,Cancelled,FEDEX,Southeast,81.45,851.36,45,False,False,2.0,False,0.0,2026-04-27T23:39:17.576413
TRK000001293,2023-08-23,2023-08-28,2023-08-28,Delayed,XPO,Midwest,132.38,169.74,33,False,False,5.0,False,0.0,2026-04-27T23:39:17.576413
TRK000004944,2023-08-23,2023-08-27,,Delayed,FEDEX,Northeast,507.96,284.14,17,False,False,,False,,2026-04-27T23:39:17.576413
TRK000002510,2023-08-23,2023-08-29,2023-08-31,In Transit,FEDEX,Northeast,366.96,656.64,29,False,False,8.0,False,2.0,2026-04-27T23:39:17.576413
TRK000002038,2023-08-23,2023-08-25,2023-08-27,Delivered,DHL,Midwest,9.47,302.74,20,False,False,4.0,False,2.0,2026-04-27T23:39:17.576413
TRK000000523,2023-08-23,2023-08-30,2023-08-30,In Transit,UPS,Southeast,240.99,150.68,38,False,False,7.0,False,0.0,2026-04-27T23:39:17.576413
TRK000003455,2023-08-23,2023-08-30,2023-09-01,In Transit,XPO,West Coast,278.53,523.24,30,False,False,9.0,False,2.0,2026-04-27T23:39:17.576413
TRK000001735,2023-08-22,2023-08-25,2023-08-26,Delayed,UPS,Southwest,126.98,651.61,4,False,False,4.0,False,1.0,2026-04-27T23:39:17.576413
TRK000004425,2023-08-22,2023-08-29,2023-08-28,Delayed,FEDEX,West Coast,429.18,511.76,21,False,False,6.0,False,0.0,2026-04-27T23:39:17.576413
TRK000001518,2023-08-22,2023-08-25,,In Transit,DHL,Southeast,466.14,338.54,9,False,False,,False,,2026-04-27T23:39:17.576413
TRK000003144,2023-08-22,2023-08-26,2023-08-30,Delivered,UPS,Midwest,125.15,478.18,48,False,False,8.0,False,4.0,2026-04-27T23:39:17.576413
TRK000003482,2023-08-22,2023-08-23,2023-08-23,Cancelled,UPS,Northeast,203.05,272.3,37,False,False,1.0,False,0.0,2026-04-27T23:39:17.576413
TRK000003774,2023-08-22,2023-08-27,2023-08-26,Delivered,FEDEX,Southeast,475.49,113.38,4,False,False,4.0,True,0.0,2026-04-27T23:39:17.576413
TRK000004680,2023-08-22,2023-08-25,2023-08-28,Delivered,XPO,West Coast,254.89,821.13,43,False,False,6.0,False,3.0,2026-04-27T23:39:17.576413
TRK000001222,2023-08-22,2023-08-29,2023-09-02,Delayed,FEDEX,West Coast,205.84,432.36,46,False,False,11.0,False,4.0,2026-04-27T23:39:17.576413
TRK000002926,2023-08-22,2023-08-26,,Delayed,FEDEX,Midwest,91.49,646.95,47,False,False,,False,,2026-04-27T23:39:17.576413
TRK000002467,2023-08-22,2023-08-29,2023-08-27,Cancelled,FEDEX,West Coast,498.75,524.06,7,False,False,5.0,False,0.0,2026-04-27T23:39:17.576413
TRK000000894,2023-08-22,2023-08-24,,In Transit,UPS,Southwest,263.86,576.65,24,False,False,,False,,2026-04-27T23:39:17.576413
API000429,2023-08-21,2023-08-23,2023-08-26,Delivered,FEDEX,West Coast,123.98,276.94,29,False,False,5.0,False,3.0,2026-04-27T23:39:17.576413
TRK000004529,2023-08-21,2023-08-25,2023-08-29,In Transit,FEDEX,Southeast,225.05,446.4,23,False,False,8.0,False,4.0,2026-04-27T23:39:17.576413
TRK000003622,2023-08-21,2023-08-23,2023-08-26,Delivered,USPS,Midwest,105.49,526.43,34,False,False,5.0,False,3.0,2026-04-27T23:39:17.576413
TRK000000699,2023-08-21,2023-08-25,2023-08-26,Cancelled,FEDEX,Midwest,206.15,407.79,49,False,False,5.0,False,1.0,2026-04-27T23:39:17.576413
TRK000001022,2023-08-21,2023-08-28,2023-08-29,Delivered,USPS,Northeast,487.62,747.71,12,False,False,8.0,False,1.0,2026-04-27T23:39:17.576413
TRK000001717,2023-08-20,2023-08-21,2023-08-23,Delayed,UPS,West Coast,371.9,140.4,45,False,False,3.0,False,2.0,2026-04-27T23:39:17.576413
TRK000001948,2023-08-20,2023-08-23,2023-08-22,Cancelled,XPO,Midwest,454.5,451.07,31,False,False,2.0,False,0.0,2026-04-27T23:39:17.576413
TRK000001921,2023-08-20,2023-08-23,2023-08-22,Delivered,FEDEX,Southwest,321.93,654.22,10,False,False,2.0,True,0.0,2026-04-27T23:39:17.576413
TRK000000659,2023-08-20,2023-08-24,,In Transit,XPO,Southwest,422.26,328.12,12,False,False,,False,,2026-04-27T23:39:17.576413
TRK000002638,2023-08-19,2023-08-25,,Delivered,FEDEX,Southeast,426.57,130.57,30,False,False,,False,,2026-04-27T23:39:17.576413
TRK000003057,2023-08-19,2023-08-21,2023-08-22,Delivered,FEDEX,Midwest,106.6,67.78,50,False,False,3.0,False,1.0,2026-04-27T23:39:17.576413
TRK000002270,2023-08-19,2023-08-22,2023-08-24,Cancelled,UPS,Midwest,100.88,110.69,43,False,False,5.0,False,2.0,2026-04-27T23:39:17.576413
API000431,2023-08-19,2023-08-20,2023-08-23,In Transit,UPS,Northeast,309.68,87.06,28,False,False,4.0,False,3.0,2026-04-27T23:39:17.576413
TRK000003005,2023-08-19,2023-08-21,2023-08-20,Cancelled,DHL,Midwest,72.74,300.69,39,False,False,1.0,False,0.0,2026-04-27T23:39:17.576413
TRK000003245,2023-08-19,2023-08-25,2023-08-30,Delivered,UPS,West Coast,289.82,307.91,25,False,False,11.0,False,5.0,2026-04-27T23:39:17.576413
TRK000000576,2023-08-19,2023-08-21,2023-08-24,Delayed,FEDEX,Southeast,318.4,391.57,25,False,False,5.0,False,3.0,2026-04-27T23:39:17.576413
TRK000004022,2023-08-19,2023-08-24,,In Transit,FEDEX,West Coast,210.07,140.74,2,False,False,,False,,2026-04-27T23:39:17.576413
API000303,2023-08-19,2023-08-20,2023-08-27,Delayed,UPS,Northeast,224.56,667.94,8,False,False,8.0,False,7.0,2026-04-27T23:39:17.576413
TRK000000849,2023-08-18,2023-08-21,2023-08-24,Delivered,UPS,Northeast,150.53,658.71,2,False,False,6.0,False,3.0,2026-04-27T23:39:17.576413
API000335,2023-08-18,2023-08-20,2023-08-25,In Transit,UPS,West Coast,221.93,436.14,23,False,False,7.0,False,5.0,2026-04-27T23:39:17.576413
TRK000004802,2023-08-18,2023-08-20,2023-08-19,Delivered,DHL,Southwest,528.04,879.62,40,False,False,1.0,True,0.0,2026-04-27T23:39:17.576413
TRK000002354,2023-08-18,2023-08-21,2023-08-21,Cancelled,FEDEX,Midwest,465.09,296.88,49,False,False,3.0,False,0.0,2026-04-27T23:39:17.576413
TRK000000312,2023-08-17,2023-08-18,2023-08-20,Delivered,FEDEX,Southeast,556.56,372.77,25,False,False,3.0,False,2.0,2026-04-27T23:39:17.576413
TRK000004476,2023-08-17,2023-08-23,2023-08-21,Delivered,FEDEX,Southeast,364.93,865.51,14,False,False,4.0,True,0.0,2026-04-27T23:39:17.576413
TRK000003142,2023-08-17,2023-08-20,2023-08-25,In Transit,FEDEX,Midwest,37.84,368.5,32,False,False,8.0,False,5.0,2026-04-27T23:39:17.576413
TRK000004536,2023-08-17,2023-08-23,2023-08-25,Delayed,FEDEX,Midwest,536.59,841.86,26,False,False,8.0,False,2.0,2026-04-27T23:39:17.576413
TRK000003753,2023-08-17,2023-08-24,,In Transit,DHL,Midwest,574.33,189.85,41,False,False,,False,,2026-04-27T23:39:17.576413
API000389,2023-08-16,2023-08-17,,In Transit,FEDEX,Northeast,57.43,569.94,12,False,False,,False,,2026-04-27T23:39:17.576413
TRK000001446,2023-08-16,2023-08-21,,Delayed,XPO,Midwest,228.51,379.38,40,False,False,,False,,2026-04-27T23:39:17.576413
TRK000003461,2023-08-16,2023-08-19,2023-08-24,Cancelled,FEDEX,Midwest,499.02,676.2,42,False,False,8.0,False,5.0,2026-04-27T23:39:17.576413
TRK000001189,2023-08-16,2023-08-23,2023-08-24,Delayed,FEDEX,Midwest,112.92,649.92,22,False,False,8.0,False,1.0,2026-04-27T23:39:17.576413
TRK000003983,2023-08-15,2023-08-18,,Cancelled,XPO,West Coast,153.62,863.55,8,False,False,,False,,2026-04-27T23:39:17.576413
TRK000001508,2023-08-15,2023-08-20,2023-08-24,Delayed,FEDEX,Midwest,426.27,143.43,21,False,False,9.0,False,4.0,2026-04-27T23:39:17.576413
TRK000002389,2023-08-15,2023-08-17,,Delivered,FEDEX,Northeast,569.69,184.59,36,False,False,,False,,2026-04-27T23:39:17.576413
TRK000004238,2023-08-15,2023-08-16,2023-08-14,Delivered,FEDEX,Midwest,384.54,564.25,25,False,False,-1.0,True,0.0,2026-04-27T23:39:17.576413
TRK000003206,2023-08-15,2023-08-21,2023-08-21,Delivered,DHL,West Coast,271.76,348.29,37,False,False,6.0,True,0.0,2026-04-27T23:39:17.576413
TRK000001944,2023-08-15,2023-08-17,2023-08-19,Delayed,FEDEX,Southwest,392.6,589.15,40,False,False,4.0,False,2.0,2026-04-27T23:39:17.576413
TRK000002622,2023-08-14,2023-08-17,2023-08-20,In Transit,UPS,Midwest,71.57,602.66,10,False,False,6.0,False,3.0,2026-04-27T23:39:17.576413
TRK000004408,2023-08-14,2023-08-20,2023-08-20,Delivered,FEDEX,Midwest,203.27,581.11,3,False,False,6.0,True,0.0,2026-04-27T23:39:17.576413
TRK000000468,2023-08-14,2023-08-20,2023-08-22,In Transit,USPS,Southwest,434.86,466.05,19,False,False,8.0,False,2.0,2026-04-27T23:39:17.576413
TRK000001691,2023-08-14,2023-08-21,2023-08-26,Delayed,DHL,Midwest,317.38,236.77,41,False,False,12.0,False,5.0,2026-04-27T23:39:17.576413
TRK000002542,2023-08-14,2023-08-20,2023-08-20,Delayed,FEDEX,Midwest,93.43,449.18,16,False,False,6.0,False,0.0,2026-04-27T23:39:17.576413
TRK000001138,2023-08-14,2023-08-21,,Delayed,FEDEX,Midwest,103.42,838.39,48,False,False,,False,,2026-04-27T23:39:17.576413
TRK000004012,2023-08-13,2023-08-20,2023-08-20,Delivered,UPS,Northeast,567.66,527.27,39,False,False,7.0,True,0.0,2026-04-27T23:39:17.576413
API000332,2023-08-13,2023-08-16,,Delivered,UPS,Midwest,331.91,457.19,10,False,False,,False,,2026-04-27T23:39:17.576413
TRK000000504,2023-08-13,2023-08-16,2023-08-15,Delivered,UPS,West Coast,445.1,288.58,15,False,False,2.0,True,0.0,2026-04-27T23:39:17.576413
TRK000004690,2023-08-13,2023-08-19,2023-08-17,Delivered,USPS,Southeast,241.43,372.91,45,False,False,4.0,True,0.0,2026-04-27T23:39:17.576413
TRK000003529,2023-08-13,2023-08-16,2023-08-18,Delayed,FEDEX,Midwest,67.96,166.9,18,False,False,5.0,False,2.0,2026-04-27T23:39:17.576413
TRK000004961,2023-08-13,2023-08-19,2023-08-19,Delayed,FEDEX,Northeast,195.23,267.59,14,False,False,6.0,False,0.0,2026-04-27T23:39:17.576413
TRK000000592,2023-08-13,2023-08-14,2023-08-19,In Transit,USPS,West Coast,444.75,509.9,35,False,False,6.0,False,5.0,2026-04-27T23:39:17.576413
TRK000000852,2023-08-13,2023-08-17,2023-08-17,Delivered,FEDEX,West Coast,335.58,836.1,48,False,False,4.0,True,0.0,2026-04-27T23:39:17.576413
TRK000002201,2023-08-13,2023-08-17,2023-08-18,Cancelled,UPS,Southeast,289.63,624.14,31,False,False,5.0,False,1.0,2026-04-27T23:39:17.576413
TRK000003424,2023-08-12,2023-08-18,2023-08-18,Delayed,DHL,West Coast,143.51,677.18,28,False,False,6.0,False,0.0,2026-04-27T23:39:17.576413
TRK000000818,2023-08-12,2023-08-16,,Delayed,UPS,Midwest,151.55,111.86,27,False,False,,False,,2026-04-27T23:39:17.576413
TRK000001650,2023-08-12,2023-08-15,2023-08-17,Delivered,FEDEX,Southwest,343.42,261.45,24,False,False,5.0,False,2.0,2026-04-27T23:39:17.576413
TRK000003240,2023-08-12,2023-12-12,2023-12-14,Cancelled,FEDEX,Midwest,37.94,239.52,26,False,False,124.0,False,2.0,2026-04-27T23:39:17.576413
TRK000000636,2023-08-12,2023-08-13,2023-08-15,In Transit,FEDEX,Midwest,66.08,213.86,19,False,False,3.0,False,2.0,2026-04-27T23:39:17.576413
TRK000001368,2023-08-12,2023-08-14,2023-08-19,Delayed,FEDEX,West Coast,546.1,235.84,43,False,False,7.0,False,5.0,2026-04-27T23:39:17.576413
TRK000004396,2023-08-12,2023-08-13,2023-08-16,In Transit,FEDEX,West Coast,287.59,587.31,39,False,False,4.0,False,3.0,2026-04-27T23:39:17.576413
TRK000001994,2023-08-12,2023-08-14,2023-08-15,Cancelled,FEDEX,Midwest,43.58,533.81,44,False,False,3.0,False,1.0,2026-04-27T23:39:17.576413
TRK000003115,2023-08-11,2023-08-14,,Delivered,USPS,West Coast,368.13,223.51,28,False,False,,False,,2026-04-27T23:39:17.576413
TRK000004704,2023-08-11,2023-08-12,2023-08-15,Delayed,UPS,Southeast,570.67,515.4,35,False,False,4.0,False,3.0,2026-04-27T23:39:17.576413
TRK000004739,2023-08-11,2023-11-14,2023-11-15,In Transit,FEDEX,Midwest,234.05,242.64,30,False,False,96.0,False,1.0,2026-04-27T23:39:17.576413
TRK000001199,2023-08-10,2023-08-17,2023-08-20,Cancelled,UPS,Southwest,133.97,817.21,43,False,False,10.0,False,3.0,2026-04-27T23:39:17.576413
TRK000003663,2023-08-10,2023-08-17,2023-08-20,Delayed,FEDEX,West Coast,358.45,225.4,43,False,False,10.0,False,3.0,2026-04-27T23:39:17.576413
TRK000001868,2023-08-10,2023-08-14,2023-08-16,Cancelled,FEDEX,Northeast,497.02,843.72,45,False,False,6.0,False,2.0,2026-04-27T23:39:17.576413
TRK000002973,2023-08-10,2023-10-09,2023-10-09,In Transit,DHL,Midwest,273.07,241.53,7,False,False,60.0,False,0.0,2026-04-27T23:39:17.576413
TRK000003656,2023-08-10,2023-08-16,,Cancelled,FEDEX,Midwest,60.82,706.03,5,False,False,,False,,2026-04-27T23:39:17.576413
TRK000004618,2023-08-10,2023-08-17,2023-08-15,Delayed,FEDEX,Midwest,595.35,777.51,34,False,False,5.0,False,0.0,2026-04-27T23:39:17.576413
TRK000003444,2023-08-10,2023-10-09,,In Transit,FEDEX,West Coast,209.99,882.56,37,False,False,,False,,2026-04-27T23:39:17.576413
TRK000000159,2023-08-10,2023-08-15,2023-08-13,Delayed,USPS,Midwest,319.16,272.5,13,False,False,3.0,False,0.0,2026-04-27T23:39:17.576413
TRK000000212,2023-08-09,2023-09-10,2023-09-09,Delayed,FEDEX,West Coast,598.63,803.42,41,False,False,31.0,False,0.0,2026-04-27T23:39:17.576413
TRK000002756,2023-08-09,2023-09-15,2023-09-20,Cancelled,FEDEX,Midwest,517.44,128.57,48,False,False,42.0,False,5.0,2026-04-27T23:39:17.576413
TRK000001123,2023-08-09,2023-08-15,2023-08-19,Delayed,UPS,Northeast,182.64,733.13,34,False,False,10.0,False,4.0,2026-04-27T23:39:17.576413
TRK000004687,2023-08-09,2023-08-11,2023-08-16,Delayed,UPS,Midwest,497.77,627.69,35,False,False,7.0,False,5.0,2026-04-27T23:39:17.576413
TRK000004865,2023-08-09,2023-08-10,2023-08-10,In Transit,FEDEX,Midwest,351.44,475.09,7,False,False,1.0,False,0.0,2026-04-27T23:39:17.576413
TRK000000438,2023-08-09,2023-09-15,2023-09-19,Delivered,FEDEX,Midwest,330.94,733.05,43,False,False,41.0,False,4.0,2026-04-27T23:39:17.576413
TRK000001982,2023-08-09,2023-11-09,2023-09-11,Cancelled,FEDEX,Midwest,498.58,636.24,5,False,False,33.0,False,0.0,2026-04-27T23:39:17.576413
TRK000001743,2023-08-09,2023-08-13,2023-08-17,Cancelled,XPO,Midwest,415.12,758.25,6,False,False,8.0,False,4.0,2026-04-27T23:39:17.576413
TRK000003604,2023-08-09,2023-09-15,2023-09-17,Delivered,UPS,Southeast,189.02,143.66,30,False,False,39.0,False,2.0,2026-04-27T23:39:17.576413
TRK000002415,2023-08-09,2023-08-12,2023-08-12,Delivered,XPO,Midwest,476.39,457.66,13,False,False,3.0,True,0.0,2026-04-27T23:39:17.576413
TRK000004556,2023-08-08,2023-08-09,2023-08-09,Cancelled,DHL,Midwest,70.68,808.5,19,False,False,1.0,False,0.0,2026-04-27T23:39:17.576413
TRK000002667,2023-08-08,2023-08-13,2023-08-18,Cancelled,FEDEX,West Coast,137.3,361.49,8,False,False,10.0,False,5.0,2026-04-27T23:39:17.576413
TRK000001236,2023-08-08,2023-12-08,2023-08-15,Delivered,FEDEX,Southwest,286.93,134.88,38,False,False,7.0,True,0.0,2026-04-27T23:39:17.576413
TRK000002607,2023-08-08,2023-08-14,2023-08-13,Cancelled,UPS,Southeast,334.23,597.34,12,False,False,5.0,False,0.0,2026-04-27T23:39:17.576413
TRK000002821,2023-08-08,2023-08-12,2023-08-17,In Transit,FEDEX,Midwest,445.98,443.12,1,False,False,9.0,False,5.0,2026-04-27T23:39:17.576413
API000314,2023-08-07,2023-08-08,2023-08-13,In Transit,UPS,West Coast,279.76,279.41,22,False,False,6.0,False,5.0,2026-04-27T23:39:17.576413
TRK000004649,2023-08-07,2023-08-10,2023-08-10,Delivered,FEDEX,Southwest,90.39,553.9,16,False,False,3.0,True,0.0,2026-04-27T23:39:17.576413
TRK000002051,2023-08-07,2023-10-08,2023-08-13,In Transit,FEDEX,Midwest,337.57,579.75,10,False,False,6.0,False,0.0,2026-04-27T23:39:17.576413
TRK000003928,2023-08-07,2023-07-11,,Delayed,DHL,Midwest,548.4,600.75,43,False,False,,False,,2026-04-27T23:39:17.576413
TRK000004695,2023-08-07,2023-08-13,2023-08-16,Delivered,UPS,West Coast,586.06,679.25,1,False,False,9.0,False,3.0,2026-04-27T23:39:17.576413
TRK000002889,2023-08-07,2023-08-12,2023-08-16,Delayed,UPS,Northeast,585.72,5960.38,48,False,True,9.0,False,4.0,2026-04-27T23:39:17.576413
TRK000000066,2023-08-07,2023-08-13,2023-08-18,Delayed,DHL,West Coast,493.35,531.59,11,False,False,11.0,False,5.0,2026-04-27T23:39:17.576413
API000499,2023-08-07,2023-08-08,2023-08-10,Delayed,UPS,Northeast,115.09,456.69,1,False,False,3.0,False,2.0,2026-04-27T23:39:17.576413
TRK000004368,2023-08-07,2023-08-12,2023-11-08,Delayed,FEDEX,West Coast,229.03,614.97,28,False,False,93.0,False,88.0,2026-04-27T23:39:17.576413
TRK000002020,2023-08-07,2023-08-10,,Cancelled,FEDEX,Midwest,420.43,798.18,34,False,False,,False,,2026-04-27T23:39:17.576413
TRK000001023,2023-08-07,2023-07-12,2023-07-12,Cancelled,UPS,Southeast,69.73,273.52,35,False,False,-26.0,False,0.0,2026-04-27T23:39:17.576413
TRK000001796,2023-08-06,2023-06-15,2023-06-18,Cancelled,UPS,Southwest,393.56,676.77,9,False,False,-49.0,False,3.0,2026-04-27T23:39:17.576413
TRK000001285,2023-08-06,2023-06-11,2023-06-15,Delayed,FEDEX,Midwest,514.85,182.03,44,False,False,-52.0,False,4.0,2026-04-27T23:39:17.576413
TRK000004566,2023-08-06,2023-08-09,2023-08-09,Delivered,FEDEX,Midwest,388.59,379.8,29,False,False,3.0,True,0.0,2026-04-27T23:39:17.576413
API000084,2023-08-06,2023-08-11,,Delivered,UPS,Northeast,53.52,273.33,23,False,False,,False,,2026-04-27T23:39:17.576413
TRK000000516,2023-08-06,2023-08-07,2023-08-08,Delayed,UPS,Midwest,508.61,265.92,28,False,False,2.0,False,1.0,2026-04-27T23:39:17.576413
TRK000003846,2023-08-06,2023-06-13,2023-06-16,Delivered,FEDEX,Midwest,146.86,890.44,49,False,False,-51.0,False,3.0,2026-04-27T23:39:17.576413
TRK000003141,2023-08-05,2023-05-11,2023-05-16,Delivered,FEDEX,Midwest,159.43,400.99,27,False,False,-81.0,False,5.0,2026-04-27T23:39:17.576413
TRK000004201,2023-08-05,2023-05-14,2023-05-16,Delivered,FEDEX,West Coast,288.81,404.58,28,False,False,-81.0,False,2.0,2026-04-27T23:39:17.576413
TRK000000464,2023-08-05,2023-08-08,,Delivered,FEDEX,Southeast,581.36,435.11,28,False,False,,False,,2026-04-27T23:39:17.576413
TRK000000304,2023-08-05,2023-08-08,2023-07-08,Delivered,UPS,Southeast,14.85,688.15,22,False,False,-28.0,True,0.0,2026-04-27T23:39:17.576413
TRK000002195,2023-08-05,2023-08-08,2023-08-13,Delivered,USPS,Southwest,253.81,348.36,6,False,False,8.0,False,5.0,2026-04-27T23:39:17.576413
API000223,2023-08-05,2023-08-07,2023-08-12,Delivered,UPS,Northeast,145.87,337.75,22,False,False,7.0,False,5.0,2026-04-27T23:39:17.576413
TRK000000505,2023-08-05,2023-05-09,,Delivered,FEDEX,Northeast,547.87,273.12,31,False,False,,False,,2026-04-27T23:39:17.576413
TRK000001041,2023-08-05,2023-05-15,2023-05-18,Cancelled,DHL,Midwest,13.41,664.73,33,False,False,-79.0,False,3.0,2026-04-27T23:39:17.576413
TRK000003602,2023-08-05,2023-08-11,2023-08-15,Cancelled,DHL,Southeast,264.41,482.37,27,False,False,10.0,False,4.0,2026-04-27T23:39:17.576413
TRK000002100,2023-08-04,2023-08-10,2023-08-12,Delayed,XPO,Midwest,146.43,523.95,29,False,False,8.0,False,2.0,2026-04-27T23:39:17.576413
TRK000004610,2023-08-04,2023-08-06,2023-08-06,In Transit,XPO,Southwest,35.75,651.79,23,False,False,2.0,False,0.0,2026-04-27T23:39:17.576413
TRK000003322,2023-08-04,2023-08-10,,Delivered,UPS,Midwest,563.16,169.6,44,False,False,,False,,2026-04-27T23:39:17.576413
TRK000001187,2023-08-04,2023-08-09,2023-08-13,Delivered,FEDEX,Southwest,485.15,871.75,41,False,False,9.0,False,4.0,2026-04-27T23:39:17.576413
TRK000004507,2023-08-04,2023-11-08,2023-08-10,Delayed,UPS,Southeast,392.6,69.41,48,False,False,6.0,False,0.0,2026-04-27T23:39:17.576413
API000457,2023-08-04,2023-08-05,2023-08-12,In Transit,DHL,Northeast,266.87,196.37,26,False,False,8.0,False,7.0,2026-04-27T23:39:17.576413
TRK000002807,2023-08-02,2023-08-09,2023-08-11,Delivered,UPS,Southwest,453.26,712.56,15,False,False,9.0,False,2.0,2026-04-27T23:39:17.576413
TRK000004275,2023-08-02,2023-04-08,2023-02-08,Delivered,FEDEX,Northeast,22.04,591.4,26,False,False,-175.0,True,0.0,2026-04-27T23:39:17.576413
TRK000000334,2023-08-02,2023-02-12,2023-02-11,Delayed,FEDEX,Midwest,590.72,200.88,10,False,False,-172.0,False,0.0,2026-04-27T23:39:17.576413
TRK000000001,2023-08-02,2023-08-06,,Delayed,FEDEX,Midwest,126.57,422.76,32,False,False,,False,,2026-04-27T23:39:17.576413
TRK000003649,2023-08-02,2023-03-08,2023-08-04,Delivered,FEDEX,Northeast,456.06,612.82,37,False,False,2.0,False,149.0,2026-04-27T23:39:17.576413
TRK000004991,2023-08-02,2023-07-08,2023-06-08,Delayed,FEDEX,Midwest,115.91,419.48,6,False,False,-55.0,False,0.0,2026-04-27T23:39:17.576413
API000250,2023-08-02,2023-08-03,2023-08-10,In Transit,FEDEX,West Coast,211.52,400.75,24,False,False,8.0,False,7.0,2026-04-27T23:39:17.576413
TRK000004762,2023-08-02,2023-04-08,2023-08-07,Delayed,USPS,Southwest,181.96,500.31,2,False,False,5.0,False,121.0,2026-04-27T23:39:17.576413
TRK000003022,2023-08-02,2023-02-14,2023-02-16,Delivered,USPS,Northeast,424.6,704.5,46,False,False,-167.0,False,2.0,2026-04-27T23:39:17.576413
TRK000000285,2023-08-02,2023-02-12,2023-02-16,In Transit,UPS,Midwest,18.0,618.71,30,False,False,-167.0,False,4.0,2026-04-27T23:39:17.576413
TRK000004587,2023-08-01,2023-08-03,2023-05-08,Delivered,UPS,Southwest,155.99,480.06,50,False,False,-85.0,True,0.0,2026-04-27T23:39:17.576413
TRK000002812,2023-07-31,2023-08-06,2023-08-08,Cancelled,XPO,Southeast,28.65,773.73,34,False,False,8.0,False,2.0,2026-04-27T23:39:17.576413
TRK000003734,2023-07-31,2023-07-08,,Cancelled,UPS,Midwest,37.87,93.98,17,False,False,,False,,2026-04-27T23:39:17.576413
TRK000000250,2023-07-30,2023-08-06,2023-08-10,Cancelled,USPS,Midwest,269.09,756.45,36,False,False,11.0,False,4.0,2026-04-27T23:39:17.576413
API000222,2023-07-30,2023-08-02,2023-08-02,Delayed,UPS,Northeast,147.41,303.42,29,False,False,3.0,False,0.0,2026-04-27T23:39:17.576413
TRK000001122,2023-07-30,2023-08-05,2023-08-08,In Transit,FEDEX,Northeast,473.05,323.77,14,False,False,9.0,False,3.0,2026-04-27T23:39:17.576413
TRK000003570,2023-07-30,2023-08-02,2023-01-08,Delivered,UPS,Southwest,84.03,314.63,28,False,False,-203.0,True,0.0,2026-04-27T23:39:17.576413
TRK000001635,2023-07-30,2023-08-06,,In Transit,FEDEX,Midwest,231.87,822.89,28,False,False,,False,,2026-04-27T23:39:17.576413
TRK000002500,2023-07-29,2023-08-02,2023-01-08,In Transit,USPS,Midwest,154.62,137.22,38,False,False,-202.0,False,0.0,2026-04-27T23:39:17.576413
TRK000003793,2023-07-29,2023-08-01,2023-07-31,Delivered,FEDEX,West Coast,520.56,582.75,24,False,False,2.0,True,0.0,2026-04-27T23:39:17.576413
TRK000003067,2023-07-29,2023-08-04,2023-08-07,Delivered,UPS,Northeast,326.85,335.82,20,False,False,9.0,False,3.0,2026-04-27T23:39:17.576413
TRK000004087,2023-07-29,2023-07-31,2023-08-04,In Transit,XPO,Midwest,199.24,383.61,42,False,False,6.0,False,4.0,2026-04-27T23:39:17.576413
TRK000003821,2023-07-29,2023-07-30,2023-08-04,In Transit,FEDEX,Midwest,188.43,787.06,40,False,False,6.0,False,5.0,2026-04-27T23:39:17.576413
TRK000002540,2023-07-29,2023-08-01,2023-06-08,In Transit,USPS,Southwest,280.72,727.52,18,False,False,-51.0,False,0.0,2026-04-27T23:39:17.576413
TRK000004010,2023-07-29,2023-07-31,2023-07-31,Delayed,FEDEX,Midwest,146.94,239.2,43,False,False,2.0,False,0.0,2026-04-27T23:39:17.576413
TRK000002393,2023-07-29,2023-08-05,2023-08-10,Delivered,DHL,Midwest,3.68,824.66,25,False,False,12.0,False,5.0,2026-04-27T23:39:17.576413
TRK000000835,2023-07-28,2023-03-08,2023-08-06,Cancelled,FEDEX,West Coast,110.26,420.1,1,False,False,9.0,False,151.0,2026-04-27T23:39:17.576413
TRK000002568,2023-07-28,2023-08-01,2023-03-08,Cancelled,FEDEX,Southwest,179.19,573.3,28,False,False,-142.0,False,0.0,2026-04-27T23:39:17.576413
TRK000004192,2023-07-28,2023-08-02,2023-08-06,Delayed,FEDEX,Northeast,158.04,329.6,29,False,False,9.0,False,4.0,2026-04-27T23:39:17.576413
TRK000001665,2023-07-28,2023-08-01,,Delivered,UPS,Southeast,386.91,294.13,29,False,False,,False,,2026-04-27T23:39:17.576413
TRK000003612,2023-07-28,2023-08-01,2023-08-01,Delayed,UPS,Southwest,506.58,155.47,21,False,False,4.0,False,0.0,2026-04-27T23:39:17.576413
TRK000001919,2023-07-27,2023-03-08,2023-08-05,Delivered,FEDEX,Northeast,369.44,261.42,40,False,False,9.0,False,150.0,2026-04-27T23:39:17.576413
API000233,2023-07-27,2023-07-30,2023-07-31,Delayed,DHL,Northeast,167.22,184.93,10,False,False,4.0,False,1.0,2026-04-27T23:39:17.576413
TRK000002480,2023-07-26,2023-07-28,2023-01-08,Delayed,UPS,Midwest,461.03,638.12,10,False,False,-199.0,False,0.0,2026-04-27T23:39:17.576413
TRK000000145,2023-07-26,2023-07-28,2023-07-29,In Transit,UPS,Midwest,501.4,219.99,43,False,False,3.0,False,1.0,2026-04-27T23:39:17.576413
TRK000004315,2023-07-26,2023-07-29,2023-08-03,Delayed,USPS,Midwest,457.4,118.01,28,False,False,8.0,False,5.0,2026-04-27T23:39:17.576413
TRK000000491,2023-07-26,2023-08-01,2023-08-01,Delayed,UPS,Southwest,531.27,623.33,25,False,False,6.0,False,0.0,2026-04-27T23:39:17.576413
TRK000001511,2023-07-26,2023-08-01,2023-08-04,Delivered,DHL,Southwest,432.72,704.73,19,False,False,9.0,False,3.0,2026-04-27T23:39:17.576413
TRK000004098,2023-07-26,2023-07-27,2023-07-27,Cancelled,FEDEX,Southwest,463.36,284.16,27,False,False,1.0,False,0.0,2026-04-27T23:39:17.576413
TRK000002284,2023-07-26,2023-07-27,2023-07-25,In Transit,UPS,Midwest,414.23,118.15,48,False,False,-1.0,False,0.0,2026-04-27T23:39:17.576413
TRK000000181,2023-07-25,2023-07-26,,Cancelled,DHL,Southwest,235.04,180.07,8,False,False,,False,,2026-04-27T23:39:17.576413
TRK000004420,2023-07-25,2023-07-30,2023-08-04,Cancelled,UPS,Northeast,498.59,833.67,45,False,False,10.0,False,5.0,2026-04-27T23:39:17.576413
TRK000003898,2023-07-25,2023-07-31,2023-08-05,In Transit,FEDEX,Northeast,591.91,868.98,36,False,False,11.0,False,5.0,2026-04-27T23:39:17.576413
TRK000001844,2023-07-25,2023-07-26,,Delivered,DHL,West Coast,249.2,350.62,36,False,False,,False,,2026-04-27T23:39:17.576413
TRK000004988,2023-07-25,2023-07-29,,Cancelled,FEDEX,Southwest,522.21,836.74,46,False,False,,False,,2026-04-27T23:39:17.576413
API000325,2023-07-24,2023-07-29,2023-07-26,Delayed,UPS,Northeast,260.47,673.98,19,False,False,2.0,False,0.0,2026-04-27T23:39:17.576413
TRK000004940,2023-07-24,2023-07-25,2023-07-28,Delayed,UPS,Midwest,367.62,292.17,44,False,False,4.0,False,3.0,2026-04-27T23:39:17.576413
TRK000002506,2023-07-24,2023-07-28,,In Transit,FEDEX,Midwest,296.3,62.04,41,False,False,,False,,2026-04-27T23:39:17.576413
TRK000003701,2023-07-24,2023-07-28,2023-07-28,Delivered,UPS,Midwest,329.73,173.78,28,False,False,4.0,True,0.0,2026-04-27T23:39:17.576413
TRK000003807,2023-07-24,2023-07-28,,In Transit,DHL,Midwest,304.3,493.43,25,False,False,,False,,2026-04-27T23:39:17.576413
TRK000003490,2023-07-24,2023-07-31,,Delivered,UPS,Midwest,349.41,167.2,13,False,False,,False,,2026-04-27T23:39:17.576413
TRK000003802,2023-07-24,2023-07-29,2023-07-29,Delivered,XPO,Northeast,228.47,689.28,22,False,False,5.0,True,0.0,2026-04-27T23:39:17.576413
TRK000001622,2023-07-24,2023-07-28,,In Transit,FEDEX,Southeast,44.88,293.9,35,False,False,,False,,2026-04-27T23:39:17.576413
TRK000004872,2023-07-24,2023-07-30,2023-07-30,Delivered,DHL,West Coast,311.88,786.29,16,False,False,6.0,True,0.0,2026-04-27T23:39:17.576413
TRK000004763,2023-07-24,2023-07-30,2023-08-02,Cancelled,DHL,Northeast,392.81,671.34,16,False,False,9.0,False,3.0,2026-04-27T23:39:17.576413
TRK000004983,2023-07-24,2023-07-31,2023-02-08,Cancelled,XPO,West Coast,15.26,757.99,1,False,False,-166.0,False,0.0,2026-04-27T23:39:17.576413
TRK000004510,2023-07-24,2023-07-29,2023-07-28,In Transit,USPS,Southwest,376.27,822.66,35,False,False,4.0,False,0.0,2026-04-27T23:39:17.576413
TRK000003751,2023-07-24,2023-07-31,2023-07-30,Delivered,XPO,Northeast,316.29,308.67,9,False,False,6.0,True,0.0,2026-04-27T23:39:17.576413
TRK000003871,2023-07-24,2023-07-28,2023-07-29,Delivered,DHL,West Coast,127.89,326.88,44,False,False,5.0,False,1.0,2026-04-27T23:39:17.576413
TRK000002358,2023-07-24,2023-07-30,2023-08-02,Delivered,XPO,West Coast,465.25,390.69,25,False,False,9.0,False,3.0,2026-04-27T23:39:17.576413
TRK000002916,2023-07-23,2023-07-30,2023-07-31,Delayed,UPS,Northeast,594.83,311.1,41,False,False,8.0,False,1.0,2026-04-27T23:39:17.576413
TRK000003930,2023-07-23,2023-07-25,2023-07-26,In Transit,UPS,Midwest,503.85,518.89,14,False,False,3.0,False,1.0,2026-04-27T23:39:17.576413
TRK000002426,2023-07-23,2023-07-29,2023-07-29,Delayed,XPO,West Coast,501.83,590.0,6,False,False,6.0,False,0.0,2026-04-27T23:39:17.576413
TRK000001538,2023-07-23,2023-07-28,2023-07-31,Cancelled,FEDEX,Midwest,548.49,616.7,21,False,False,8.0,False,3.0,2026-04-27T23:39:17.576413
TRK000000404,2023-07-23,2023-07-24,2023-07-25,Delivered,DHL,Midwest,366.74,254.57,46,False,False,2.0,False,1.0,2026-04-27T23:39:17.576413
TRK000001716,2023-07-22,2023-07-26,2023-07-28,Delivered,FEDEX,Northeast,532.53,536.29,17,False,False,6.0,False,2.0,2026-04-27T23:39:17.576413
TRK000000719,2023-07-22,2023-07-26,2023-07-26,Delivered,FEDEX,Northeast,567.86,297.76,10,False,False,4.0,True,0.0,2026-04-27T23:39:17.576413
TRK000003008,2023-07-22,2023-07-28,2023-07-28,Delivered,UPS,Midwest,505.69,743.21,33,False,False,6.0,True,0.0,2026-04-27T23:39:17.576413
TRK000002560,2023-07-22,2023-07-23,2023-07-27,Cancelled,FEDEX,Southwest,286.27,214.41,24,False,False,5.0,False,4.0,2026-04-27T23:39:17.576413
TRK000004017,2023-07-22,2023-07-24,2023-07-25,In Transit,FEDEX,West Coast,457.18,540.9,49,False,False,3.0,False,1.0,2026-04-27T23:39:17.576413
TRK000003121,2023-07-22,2023-07-23,2023-07-26,Delivered,UPS,Southwest,318.54,691.28,27,False,False,4.0,False,3.0,2026-04-27T23:39:17.576413
TRK000003262,2023-07-22,2023-07-24,2023-07-26,Delivered,XPO,Southeast,160.86,324.43,24,False,False,4.0,False,2.0,2026-04-27T23:39:17.576413
TRK000000822,2023-07-22,2023-07-24,2023-07-23,Delayed,DHL,Northeast,254.44,808.15,7,False,False,1.0,False,0.0,2026-04-27T23:39:17.576413
TRK000003870,2023-07-22,2023-07-25,,In Transit,USPS,West Coast,331.52,506.82,34,False,False,,False,,2026-04-27T23:39:17.576413
TRK000000710,2023-07-21,2023-07-25,,Cancelled,UPS,Southwest,151.23,155.0,12,False,False,,False,,2026-04-27T23:39:17.576413
TRK000002494,2023-07-21,2023-07-25,2023-07-28,Cancelled,FEDEX,Northeast,129.32,456.64,28,False,False,7.0,False,3.0,2026-04-27T23:39:17.576413
TRK000004773,2023-07-21,2023-07-25,2023-07-24,In Transit,UPS,Southeast,535.33,611.27,46,False,False,3.0,False,0.0,2026-04-27T23:39:17.576413
TRK000000318,2023-07-21,2023-07-27,2023-07-31,Delivered,UPS,Midwest,185.48,267.86,23,False,False,10.0,False,4.0,2026-04-27T23:39:17.576413
TRK000003294,2023-07-21,2023-07-22,2023-07-20,Cancelled,UPS,Southeast,22.62,137.64,39,False,False,-1.0,False,0.0,2026-04-27T23:39:17.576413
TRK000004914,2023-07-21,2023-07-26,2023-07-25,In Transit,FEDEX,Midwest,525.06,860.92,43,False,False,4.0,False,0.0,2026-04-27T23:39:17.576413
TRK000000836,2023-07-20,2023-07-23,2023-07-26,Cancelled,DHL,Midwest,115.51,393.42,20,False,False,6.0,False,3.0,2026-04-27T23:39:17.576413
TRK000001623,2023-07-20,2023-07-23,2023-07-27,In Transit,UPS,Midwest,559.92,151.29,14,False,False,7.0,False,4.0,2026-04-27T23:39:17.576413
API000008,2023-07-20,2023-07-23,2023-07-25,Delivered,UPS,West Coast,112.67,244.21,17,False,False,5.0,False,2.0,2026-04-27T23:39:17.576413
TRK000003902,2023-07-20,2023-07-21,,Delivered,USPS,Southwest,417.12,822.26,40,False,False,,False,,2026-04-27T23:39:17.576413
TRK000001188,2023-07-20,2023-07-27,2023-07-27,In Transit,FEDEX,Northeast,413.06,300.75,11,False,False,7.0,False,0.0,2026-04-27T23:39:17.576413
TRK000004094,2023-07-20,2023-07-21,2023-07-19,Delivered,UPS,Midwest,358.48,236.5,43,False,False,-1.0,True,0.0,2026-04-27T23:39:17.576413
TRK000000578,2023-07-20,2023-07-25,2023-07-27,Delivered,UPS,West Coast,293.47,487.58,25,False,False,7.0,False,2.0,2026-04-27T23:39:17.576413
TRK000004292,2023-07-20,2023-07-22,2023-07-25,Delayed,FEDEX,Northeast,247.03,353.35,3,False,False,5.0,False,3.0,2026-04-27T23:39:17.576413
TRK000002587,2023-07-20,2023-07-21,2023-07-19,Delivered,FEDEX,Midwest,506.99,557.8,18,False,False,-1.0,True,0.0,2026-04-27T23:39:17.576413
TRK000002127,2023-07-19,2023-07-25,2023-07-30,In Transit,FEDEX,Southeast,103.97,890.55,34,False,False,11.0,False,5.0,2026-04-27T23:39:17.576413
TRK000003473,2023-07-19,2023-07-20,2023-07-20,Delayed,USPS,West Coast,512.46,702.61,34,False,False,1.0,False,0.0,2026-04-27T23:39:17.576413
TRK000003394,2023-07-19,2023-07-22,,Delivered,USPS,Midwest,100.39,564.79,16,False,False,,False,,2026-04-27T23:39:17.576413
TRK000003118,2023-07-19,2023-07-22,,In Transit,FEDEX,Midwest,381.19,716.58,33,False,False,,False,,2026-04-27T23:39:17.576413
TRK000001827,2023-07-19,2023-07-20,2023-07-20,Cancelled,FEDEX,Midwest,486.6,106.69,5,False,False,1.0,False,0.0,2026-04-27T23:39:17.576413
TRK000001996,2023-07-19,2023-07-21,2023-07-23,In Transit,FEDEX,West Coast,74.94,102.98,25,False,False,4.0,False,2.0,2026-04-27T23:39:17.576413
TRK000004265,2023-07-19,2023-07-22,,Delayed,XPO,Southwest,442.39,603.7,38,False,False,,False,,2026-04-27T23:39:17.576413
TRK000003235,2023-07-19,2023-07-21,2023-07-22,In Transit,FEDEX,Midwest,280.85,125.81,6,False,False,3.0,False,1.0,2026-04-27T23:39:17.576413
TRK000000660,2023-07-19,2023-07-22,2023-07-23,Delivered,FEDEX,Midwest,298.01,751.66,3,False,False,4.0,False,1.0,2026-04-27T23:39:17.576413
API000337,2023-07-19,2023-07-23,2023-07-24,In Transit,UPS,Midwest,126.26,475.1,16,False,False,5.0,False,1.0,2026-04-27T23:39:17.576413
TRK000000717,2023-07-18,2023-07-25,2023-07-27,Cancelled,FEDEX,Midwest,320.4,145.66,25,False,False,9.0,False,2.0,2026-04-27T23:39:17.576413
TRK000004681,2023-07-18,2023-07-22,2023-07-25,Cancelled,UPS,West Coast,382.86,75.32,50,False,False,7.0,False,3.0,2026-04-27T23:39:17.576413
TRK000003463,2023-07-18,2023-07-20,2023-07-20,Delivered,UPS,Midwest,140.39,767.3,31,False,False,2.0,True,0.0,2026-04-27T23:39:17.576413
TRK000000616,2023-07-18,2023-07-24,2023-07-28,Delayed,FEDEX,West Coast,253.23,808.69,49,False,False,10.0,False,4.0,2026-04-27T23:39:17.576413
TRK000002253,2023-07-18,2023-07-22,2023-07-26,In Transit,USPS,Southeast,211.7,471.36,48,False,False,8.0,False,4.0,2026-04-27T23:39:17.576413
TRK000003464,2023-07-18,2023-07-24,2023-07-27,Delayed,UPS,Midwest,11.24,663.34,7,False,False,9.0,False,3.0,2026-04-27T23:39:17.576413
TRK000001061,2023-07-18,2023-07-21,2023-07-21,Delayed,USPS,Midwest,446.17,691.58,43,False,False,3.0,False,0.0,2026-04-27T23:39:17.576413
TRK000001995,2023-07-18,2023-07-24,2023-07-26,In Transit,UPS,Northeast,456.44,221.88,15,False,False,8.0,False,2.0,2026-04-27T23:39:17.576413
TRK000000295,2023-07-18,2023-07-22,2023-07-20,Delivered,USPS,Midwest,340.46,876.71,49,False,False,2.0,True,0.0,2026-04-27T23:39:17.576413
TRK000002062,2023-07-17,2023-07-23,2023-07-21,Delayed,DHL,Southwest,51.12,777.87,26,False,False,4.0,False,0.0,2026-04-27T23:39:17.576413
API000425,2023-07-17,2023-07-19,2023-07-25,In Transit,DHL,Northeast,158.9,511.32,27,False,False,8.0,False,6.0,2026-04-27T23:39:17.576413
TRK000001740,2023-07-17,2023-07-23,,Cancelled,FEDEX,West Coast,90.6,392.43,50,False,False,,False,,2026-04-27T23:39:17.576413
TRK000003449,2023-07-17,2023-07-24,2023-07-22,Delayed,UPS,Midwest,258.63,844.58,3,False,False,5.0,False,0.0,2026-04-27T23:39:17.576413
API000238,2023-07-17,2023-07-22,2023-07-24,In Transit,UPS,Northeast,161.08,661.04,25,False,False,7.0,False,2.0,2026-04-27T23:39:17.576413
TRK000000991,2023-07-17,2023-07-21,2023-07-24,Delayed,FEDEX,Midwest,422.04,-255.22,35,True,False,7.0,False,3.0,2026-04-27T23:39:17.576413
TRK000003781,2023-07-17,2023-07-24,2023-07-26,Delivered,XPO,Southwest,372.62,122.73,47,False,False,9.0,False,2.0,2026-04-27T23:39:17.576413
TRK000004005,2023-07-17,2023-07-23,,Delayed,USPS,Midwest,87.89,653.19,44,False,False,,False,,2026-04-27T23:39:17.576413
TRK000003789,2023-07-17,2023-07-22,,Delivered,FEDEX,Northeast,409.08,449.94,24,False,False,,False,,2026-04-27T23:39:17.576413
API000416,2023-07-17,2023-07-19,2023-07-20,In Transit,FEDEX,Midwest,386.74,218.74,15,False,False,3.0,False,1.0,2026-04-27T23:39:17.576413
TRK000003139,2023-07-16,2023-07-22,2023-07-24,Delayed,XPO,Midwest,360.23,638.58,38,False,False,8.0,False,2.0,2026-04-27T23:39:17.576413
TRK000004303,2023-07-16,2023-07-19,2023-07-20,Delivered,UPS,Midwest,528.12,129.99,5,False,False,4.0,False,1.0,2026-04-27T23:39:17.576413
TRK000000049,2023-07-16,2023-07-20,,Delivered,FEDEX,Southeast,566.84,467.05,14,False,False,,False,,2026-04-27T23:39:17.576413
TRK000002997,2023-07-15,2023-07-20,2023-07-21,Delayed,FEDEX,Southwest,396.62,880.06,50,False,False,6.0,False,1.0,2026-04-27T23:39:17.576413
TRK000000463,2023-07-15,2023-07-21,2023-07-20,Cancelled,UPS,Southeast,115.52,535.33,29,False,False,5.0,False,0.0,2026-04-27T23:39:17.576413
TRK000004700,2023-07-15,2023-07-18,,Delayed,FEDEX,Northeast,478.39,245.22,11,False,False,,False,,2026-04-27T23:39:17.576413
TRK000002015,2023-07-14,2023-07-18,2023-07-19,Delayed,USPS,Northeast,414.32,383.45,46,False,False,5.0,False,1.0,2026-04-27T23:39:17.576413
API000076,2023-07-14,2023-07-16,2023-07-20,In Transit,FEDEX,Northeast,378.47,85.29,16,False,False,6.0,False,4.0,2026-04-27T23:39:17.576413
TRK000004141,2023-07-14,2023-07-17,2023-07-17,In Transit,USPS,Northeast,397.34,296.58,14,False,False,3.0,False,0.0,2026-04-27T23:39:17.576413
TRK000000486,2023-07-14,2023-07-21,2023-07-25,Delayed,UPS,Midwest,591.67,81.9,34,False,False,11.0,False,4.0,2026-04-27T23:39:17.576413
API000395,2023-07-14,2023-07-16,2023-07-17,Delayed,DHL,West Coast,240.48,479.07,11,False,False,3.0,False,1.0,2026-04-27T23:39:17.576413
API000421,2023-07-14,2023-07-16,2023-07-21,Delivered,DHL,West Coast,194.55,664.83,23,False,False,7.0,False,5.0,2026-04-27T23:39:17.576413
API000319,2023-07-14,2023-07-18,2023-07-19,Delayed,DHL,Northeast,139.16,397.87,17,False,False,5.0,False,1.0,2026-04-27T23:39:17.576413
TRK000002219,2023-07-14,2023-07-15,2023-07-17,Delivered,FEDEX,Southeast,274.51,58.72,48,False,False,3.0,False,2.0,2026-04-27T23:39:17.576413
TRK000002179,2023-07-14,2023-07-18,2023-07-18,Cancelled,UPS,Midwest,443.32,551.05,18,False,False,4.0,False,0.0,2026-04-27T23:39:17.576413
TRK000003355,2023-07-14,2023-07-16,2023-07-20,Delayed,UPS,Southeast,84.08,874.91,24,False,False,6.0,False,4.0,2026-04-27T23:39:17.576413
TRK000001707,2023-07-14,2023-07-21,2023-07-22,Cancelled,DHL,West Coast,376.54,139.62,47,False,False,8.0,False,1.0,2026-04-27T23:39:17.576413
TRK000001126,2023-07-14,2023-07-21,2023-07-19,Cancelled,UPS,Midwest,419.14,271.8,44,False,False,5.0,False,0.0,2026-04-27T23:39:17.576413
TRK000001216,2023-07-13,2023-07-17,2023-07-19,Delayed,DHL,Northeast,102.36,746.28,19,False,False,6.0,False,2.0,2026-04-27T23:39:17.576413
TRK000003156,2023-07-13,2023-07-17,,Delayed,USPS,West Coast,118.28,842.68,15,False,False,,False,,2026-04-27T23:39:17.576413
TRK000002443,2023-07-13,2023-07-15,2023-07-13,Cancelled,USPS,Midwest,377.21,82.25,7,False,False,0.0,False,0.0,2026-04-27T23:39:17.576413
TRK000004330,2023-07-13,2023-07-19,2023-07-23,Delayed,USPS,Southwest,529.36,342.22,8,False,False,10.0,False,4.0,2026-04-27T23:39:17.576413
TRK000003477,2023-07-13,2023-07-19,,Delivered,DHL,Northeast,332.92,73.73,36,False,False,,False,,2026-04-27T23:39:17.576413
TRK000000832,2023-07-13,2023-07-18,2023-07-18,In Transit,USPS,Southwest,147.91,600.43,42,False,False,5.0,False,0.0,2026-04-27T23:39:17.576413
TRK000002259,2023-07-12,2023-07-13,,Delivered,FEDEX,Southeast,205.1,796.93,9,False,False,,False,,2026-04-27T23:39:17.576413
TRK000003485,2023-07-12,2023-07-18,,Delayed,DHL,Northeast,435.64,281.37,46,False,False,,False,,2026-04-27T23:39:17.576413
TRK000003004,2023-07-12,2023-07-17,2023-07-20,In Transit,UPS,West Coast,329.72,594.53,42,False,False,8.0,False,3.0,2026-04-27T23:39:17.576413
TRK000002159,2023-07-12,2023-07-17,2023-07-16,Cancelled,UPS,Northeast,337.57,585.73,27,False,False,4.0,False,0.0,2026-04-27T23:39:17.576413
TRK000001964,2023-07-11,2023-07-12,2023-07-11,Delivered,USPS,Midwest,139.36,622.14,43,False,False,0.0,True,0.0,2026-04-27T23:39:17.576413
TRK000003579,2023-07-11,2023-07-17,2023-07-22,Cancelled,USPS,Northeast,341.27,822.22,32,False,False,11.0,False,5.0,2026-04-27T23:39:17.576413
API000134,2023-07-11,2023-07-12,2023-07-17,Delayed,DHL,Midwest,138.66,686.02,16,False,False,6.0,False,5.0,2026-04-27T23:39:17.576413
TRK000003122,2023-07-11,2023-07-12,2023-07-16,In Transit,DHL,Midwest,50.15,765.05,2,False,False,5.0,False,4.0,2026-04-27T23:39:17.576413
TRK000001383,2023-07-11,2023-07-15,2023-07-13,In Transit,XPO,Northeast,135.8,634.23,47,False,False,2.0,False,0.0,2026-04-27T23:39:17.576413
TRK000000866,2023-07-11,2023-11-13,2023-11-14,Delivered,UPS,Southeast,334.41,801.31,6,False,False,126.0,False,1.0,2026-04-27T23:39:17.576413
TRK000004466,2023-07-11,2023-11-12,2023-11-16,In Transit,FEDEX,Northeast,389.09,372.13,2,False,False,128.0,False,4.0,2026-04-27T23:39:17.576413
TRK000003619,2023-07-10,2023-12-07,2023-07-10,Delayed,FEDEX,Midwest,42.55,561.72,50,False,False,0.0,False,0.0,2026-04-27T23:39:17.576413
TRK000004841,2023-07-10,2023-10-10,2023-10-14,In Transit,FEDEX,Midwest,537.94,116.76,25,False,False,96.0,False,4.0,2026-04-27T23:39:17.576413
TRK000003428,2023-07-10,2023-07-11,2023-07-10,Delayed,USPS,West Coast,124.53,509.73,13,False,False,0.0,False,0.0,2026-04-27T23:39:17.576413
TRK000002660,2023-07-10,2023-07-13,2023-07-14,Delayed,FEDEX,West Coast,477.35,608.41,15,False,False,4.0,False,1.0,2026-04-27T23:39:17.576413
TRK000002512,2023-07-10,2023-07-17,,Cancelled,XPO,Southeast,344.19,323.04,33,False,False,,False,,2026-04-27T23:39:17.576413
TRK000004903,2023-07-10,2023-07-13,2023-07-15,In Transit,DHL,Northeast,564.51,806.29,36,False,False,5.0,False,2.0,2026-04-27T23:39:17.576413
API000045,2023-07-10,2023-07-13,2023-07-14,Delayed,FEDEX,Midwest,322.33,447.18,11,False,False,4.0,False,1.0,2026-04-27T23:39:17.576413
TRK000004358,2023-07-09,2023-11-07,2023-07-15,Cancelled,FEDEX,Midwest,411.28,623.71,45,False,False,6.0,False,0.0,2026-04-27T23:39:17.576413
API000024,2023-07-09,2023-07-11,2023-07-12,Delayed,UPS,Northeast,114.04,175.19,6,False,False,3.0,False,1.0,2026-04-27T23:39:17.576413
TRK000002247,2023-07-08,2023-12-08,2023-08-11,Delivered,USPS,Northeast,197.06,265.33,17,False,False,34.0,True,0.0,2026-04-27T23:39:17.576413
TRK000002234,2023-07-08,2023-07-15,2023-07-17,Delayed,UPS,Midwest,575.3,283.8,27,False,False,9.0,False,2.0,2026-04-27T23:39:17.576413
TRK000000040,2023-07-08,2023-07-10,2023-07-12,Cancelled,FEDEX,Southwest,238.5,337.73,3,False,False,4.0,False,2.0,2026-04-27T23:39:17.576413
TRK000001712,2023-07-08,2023-08-11,2023-08-15,Cancelled,UPS,Southeast,397.17,425.79,32,False,False,38.0,False,4.0,2026-04-27T23:39:17.576413
TRK000003045,2023-07-08,2023-07-15,2023-07-18,Delayed,FEDEX,Midwest,27.64,622.19,6,False,False,10.0,False,3.0,2026-04-27T23:39:17.576413
TRK000002633,2023-07-08,2023-07-09,2023-11-07,Delayed,FEDEX,Southeast,370.55,742.64,5,False,False,122.0,False,121.0,2026-04-27T23:39:17.576413
TRK000000337,2023-07-08,2023-07-13,2023-07-12,Cancelled,USPS,Southeast,534.8,270.31,31,False,False,4.0,False,0.0,2026-04-27T23:39:17.576413
TRK000002305,2023-07-08,2023-07-09,2023-09-07,Delayed,UPS,Southeast,281.4,867.75,6,False,False,61.0,False,60.0,2026-04-27T23:39:17.576413
TRK000001568,2023-07-08,2023-08-09,2023-08-12,Cancelled,DHL,Midwest,168.44,624.31,9,False,False,35.0,False,3.0,2026-04-27T23:39:17.576413
API000048,2023-07-07,2023-07-12,2023-07-12,In Transit,DHL,West Coast,324.07,643.12,17,False,False,5.0,False,0.0,2026-04-27T23:39:17.576413
TRK000000775,2023-07-07,2023-07-11,2023-07-15,Delivered,UPS,Southeast,39.06,773.19,47,False,False,8.0,False,4.0,2026-04-27T23:39:17.576413
TRK000003651,2023-07-07,2023-12-07,2023-10-07,In Transit,UPS,Northeast,563.46,450.36,10,False,False,92.0,False,0.0,2026-04-27T23:39:17.576413
TRK000004390,2023-07-07,2023-07-09,2023-07-07,Cancelled,FEDEX,Midwest,338.19,114.58,15,False,False,0.0,False,0.0,2026-04-27T23:39:17.576413
TRK000003186,2023-07-06,2023-06-13,,Cancelled,UPS,Midwest,72.74,170.22,36,False,False,,False,,2026-04-27T23:39:17.576413
TRK000003352,2023-07-06,2023-07-13,2023-07-11,Delivered,FEDEX,Midwest,521.01,622.68,13,False,False,5.0,True,0.0,2026-04-27T23:39:17.576413
TRK000004235,2023-07-06,2023-06-09,2023-06-10,Delivered,XPO,Southeast,222.46,607.78,22,False,False,-26.0,False,1.0,2026-04-27T23:39:17.576413
TRK000000321,2023-07-06,2023-08-07,2023-07-09,Cancelled,UPS,West Coast,87.18,679.85,11,False,False,3.0,False,0.0,2026-04-27T23:39:17.576413
TRK000001321,2023-07-06,2023-11-06,2023-06-16,In Transit,DHL,Southwest,595.04,707.52,4,False,False,-20.0,False,0.0,2026-04-27T23:39:17.576413
TRK000001711,2023-07-06,2023-09-07,2023-11-07,Cancelled,XPO,Midwest,543.0,351.86,12,False,False,124.0,False,61.0,2026-04-27T23:39:17.576413
TRK000001666,2023-07-06,2023-06-11,2023-06-12,Cancelled,USPS,Midwest,96.95,437.89,12,False,False,-24.0,False,1.0,2026-04-27T23:39:17.576413
TRK000003620,2023-07-06,2023-07-11,2023-07-10,Delayed,USPS,Northeast,507.01,352.38,38,False,False,4.0,False,0.0,2026-04-27T23:39:17.576413
TRK000003763,2023-07-06,2023-07-11,2023-07-13,Delivered,FEDEX,Northeast,314.1,192.56,33,False,False,7.0,False,2.0,2026-04-27T23:39:17.576413
TRK000003940,2023-07-05,2023-07-09,2023-07-13,In Transit,USPS,West Coast,502.45,303.61,35,False,False,8.0,False,4.0,2026-04-27T23:39:17.576413
API000130,2023-07-05,2023-07-06,2023-07-13,In Transit,UPS,West Coast,285.32,506.77,1,False,False,8.0,False,7.0,2026-04-27T23:39:17.576413
TRK000001945,2023-07-05,2023-05-08,2023-08-05,Delivered,DHL,Midwest,542.1,833.15,32,False,False,31.0,False,89.0,2026-04-27T23:39:17.576413
TRK000002067,2023-07-05,2023-08-07,,Cancelled,XPO,West Coast,146.54,712.99,6,False,False,,False,,2026-04-27T23:39:17.576413
TRK000000361,2023-07-05,2023-07-06,2023-07-09,Cancelled,DHL,Midwest,447.44,566.71,10,False,False,4.0,False,3.0,2026-04-27T23:39:17.576413
API000317,2023-07-05,2023-07-09,2023-07-13,In Transit,DHL,West Coast,312.44,561.16,15,False,False,8.0,False,4.0,2026-04-27T23:39:17.576413
TRK000001604,2023-07-05,2023-06-07,2023-07-07,In Transit,FEDEX,Midwest,449.25,372.08,9,False,False,2.0,False,30.0,2026-04-27T23:39:17.576413
TRK000003102,2023-07-04,2023-07-11,2023-07-11,Delivered,FEDEX,Southeast,415.34,384.11,46,False,False,7.0,True,0.0,2026-04-27T23:39:17.576413
TRK000001550,2023-07-04,2023-04-11,2023-04-09,In Transit,XPO,Southeast,390.52,823.51,13,False,False,-86.0,False,0.0,2026-04-27T23:39:17.576413
TRK000001079,2023-07-04,2023-07-07,,Cancelled,FEDEX,West Coast,36.34,645.37,18,False,False,,False,,2026-04-27T23:39:17.576413
TRK000004248,2023-07-04,2023-06-07,2023-07-04,Cancelled,FEDEX,Southwest,234.29,884.29,39,False,False,0.0,False,27.0,2026-04-27T23:39:17.576413
TRK000004992,2023-07-04,2023-07-07,2023-07-07,Delayed,UPS,Midwest,383.08,157.06,34,False,False,3.0,False,0.0,2026-04-27T23:39:17.576413
TRK000000789,2023-07-04,2023-07-07,,In Transit,XPO,Midwest,47.01,347.22,17,False,False,,False,,2026-04-27T23:39:17.576413
TRK000000154,2023-07-04,2023-07-10,2023-07-15,Cancelled,UPS,Midwest,350.35,382.42,42,False,False,11.0,False,5.0,2026-04-27T23:39:17.576413
TRK000001748,2023-07-03,2023-07-05,2023-07-10,Cancelled,FEDEX,Northeast,208.76,843.39,21,False,False,7.0,False,5.0,2026-04-27T23:39:17.576413
TRK000003866,2023-07-03,2023-03-10,2023-12-03,In Transit,DHL,Southeast,529.67,387.26,5,False,False,153.0,False,268.0,2026-04-27T23:39:17.576413
TRK000003481,2023-07-03,2023-12-03,2023-03-10,Delayed,FEDEX,Midwest,136.92,592.45,46,False,False,-115.0,False,0.0,2026-04-27T23:39:17.576413
TRK000004194,2023-07-03,2023-07-09,2023-07-14,Delayed,FEDEX,Midwest,273.89,573.87,44,False,False,11.0,False,5.0,2026-04-27T23:39:17.576413
API000144,2023-07-03,2023-07-05,,Delayed,UPS,West Coast,216.4,425.39,30,False,False,,False,,2026-04-27T23:39:17.576413
TRK000003668,2023-07-03,2023-07-07,2023-07-06,In Transit,FEDEX,Southeast,23.93,355.23,13,False,False,3.0,False,0.0,2026-04-27T23:39:17.576413
TRK000000028,2023-07-03,2023-08-07,2023-07-13,Delivered,FEDEX,Midwest,523.62,82.07,31,False,False,10.0,True,0.0,2026-04-27T23:39:17.576413
TRK000003175,2023-07-03,2023-07-10,2023-07-11,Delivered,UPS,Midwest,274.38,529.78,1,False,False,8.0,False,1.0,2026-04-27T23:39:17.576413
TRK000001706,2023-07-02,2023-09-07,2023-11-07,Cancelled,XPO,Northeast,109.51,569.16,24,False,False,128.0,False,61.0,2026-04-27T23:39:17.576413
TRK000002752,2023-07-02,2023-04-07,2023-07-02,Delivered,USPS,Midwest,304.45,751.61,10,False,False,0.0,False,86.0,2026-04-27T23:39:17.576413
TRK000004939,2023-07-02,2023-07-07,2023-07-06,In Transit,USPS,West Coast,4.48,615.4,7,False,False,4.0,False,0.0,2026-04-27T23:39:17.576413
API000075,2023-07-02,2023-07-03,2023-07-07,In Transit,UPS,West Coast,17.76,227.17,17,False,False,5.0,False,4.0,2026-04-27T23:39:17.576413
TRK000004360,2023-07-02,2023-04-07,2023-07-07,Delivered,XPO,Southwest,172.82,69.1,1,False,False,5.0,False,91.0,2026-04-27T23:39:17.576413
TRK000003952,2023-07-02,2023-07-03,2023-07-06,Delayed,UPS,Southwest,239.87,241.74,18,False,False,4.0,False,3.0,2026-04-27T23:39:17.576413
TRK000000401,2023-07-02,2023-02-10,2023-09-02,Delivered,FEDEX,Midwest,63.77,275.3,12,False,False,62.0,False,204.0,2026-04-27T23:39:17.576413
TRK000002251,2023-07-02,2023-07-07,2023-10-07,Delivered,FEDEX,Midwest,572.7,138.73,17,False,False,97.0,False,92.0,2026-04-27T23:39:17.576413
TRK000003526,2023-07-02,2023-06-07,2023-04-07,In Transit,FEDEX,West Coast,66.7,59.15,50,False,False,-86.0,False,0.0,2026-04-27T23:39:17.576413
TRK000004754,2023-07-02,2023-07-05,2023-07-03,Delivered,FEDEX,Northeast,110.31,126.81,15,False,False,1.0,True,0.0,2026-04-27T23:39:17.576413
TRK000001459,2023-07-02,2023-07-08,2023-12-07,Delivered,XPO,Midwest,371.92,666.12,37,False,False,158.0,False,152.0,2026-04-27T23:39:17.576413
TRK000003758,2023-07-02,2023-12-02,2023-10-02,In Transit,UPS,Midwest,334.31,336.78,21,False,False,92.0,False,0.0,2026-04-27T23:39:17.576413
TRK000002046,2023-07-01,2023-07-05,2023-07-10,Cancelled,FEDEX,Midwest,264.04,86.55,1,False,False,9.0,False,5.0,2026-04-27T23:39:17.576413
TRK000004823,2023-07-01,2023-07-02,2023-07-03,Delayed,DHL,Midwest,213.62,551.79,3,False,False,2.0,False,1.0,2026-04-27T23:39:17.576413
API000113,2023-07-01,2023-07-05,2023-07-02,In Transit,DHL,West Coast,18.44,383.81,28,False,False,1.0,False,0.0,2026-04-27T23:39:17.576413
TRK000000118,2023-07-01,2023-08-07,2023-06-07,Cancelled,UPS,Midwest,489.95,156.05,41,False,False,-24.0,False,0.0,2026-04-27T23:39:17.576413
TRK000001111,2023-07-01,2023-01-14,2023-01-16,In Transit,DHL,Midwest,549.51,789.65,32,False,False,-166.0,False,2.0,2026-04-27T23:39:17.576413
TRK000003024,2023-07-01,2023-07-03,,Cancelled,UPS,Midwest,344.03,579.83,15,False,False,,False,,2026-04-27T23:39:17.576413
TRK000004400,2023-07-01,2023-07-02,2023-07-07,Cancelled,USPS,Northeast,473.79,169.38,6,False,False,6.0,False,5.0,2026-04-27T23:39:17.576413
TRK000003138,2023-07-01,2023-07-02,2023-07-05,Delivered,XPO,Southwest,309.15,606.02,42,False,False,4.0,False,3.0,2026-04-27T23:39:17.576413
TRK000003037,2023-07-01,2023-07-06,2023-07-08,Delivered,UPS,Midwest,332.91,385.8,25,False,False,7.0,False,2.0,2026-04-27T23:39:17.576413
TRK000001902,2023-07-01,2023-07-06,2023-11-07,Cancelled,DHL,Northeast,404.13,798.39,10,False,False,129.0,False,124.0,2026-04-27T23:39:17.576413
TRK000001619,2023-07-01,2023-09-01,2023-11-01,Delayed,DHL,Midwest,550.52,546.74,24,False,False,123.0,False,61.0,2026-04-27T23:39:17.576413
TRK000000362,2023-06-30,2023-07-04,,Delayed,FEDEX,West Coast,223.47,622.04,42,False,False,,False,,2026-04-27T23:39:17.576413
TRK000003690,2023-06-30,2023-07-07,2023-11-07,Delayed,FEDEX,Midwest,273.01,462.44,38,False,False,130.0,False,123.0,2026-04-27T23:39:17.576413
TRK000000806,2023-06-30,2023-07-03,2023-07-07,Delivered,DHL,Midwest,470.1,810.68,35,False,False,7.0,False,4.0,2026-04-27T23:39:17.576413
API000266,2023-06-30,2023-07-03,2023-07-08,In Transit,DHL,West Coast,211.31,625.33,10,False,False,8.0,False,5.0,2026-04-27T23:39:17.576413
TRK000001021,2023-06-30,2023-07-03,,Delayed,FEDEX,Midwest,518.15,515.16,5,False,False,,False,,2026-04-27T23:39:17.576413
TRK000001487,2023-06-30,2023-07-07,2023-07-11,Delayed,FEDEX,Southwest,462.17,258.01,17,False,False,11.0,False,4.0,2026-04-27T23:39:17.576413
TRK000003956,2023-06-29,2023-07-04,2023-07-02,Delivered,DHL,Midwest,24.37,505.64,49,False,False,3.0,True,0.0,2026-04-27T23:39:17.576413
TRK000003014,2023-06-29,2023-01-07,2023-07-05,In Transit,UPS,Northeast,39.14,227.86,5,False,False,6.0,False,179.0,2026-04-27T23:39:17.576413
TRK000004340,2023-06-29,2023-02-07,2023-06-30,Delivered,FEDEX,Midwest,264.88,382.62,16,False,False,1.0,False,143.0,2026-04-27T23:39:17.576413
API000200,2023-06-29,2023-06-30,2023-07-04,Delayed,DHL,Northeast,225.19,129.58,24,False,False,5.0,False,4.0,2026-04-27T23:39:17.576413
TRK000003669,2023-06-29,2023-07-01,2023-01-07,Cancelled,FEDEX,Midwest,225.18,532.63,32,False,False,-173.0,False,0.0,2026-04-27T23:39:17.576413
TRK000001708,2023-06-29,2023-07-03,2023-04-07,Delayed,FEDEX,West Coast,249.27,441.93,17,False,False,-83.0,False,0.0,2026-04-27T23:39:17.576413
TRK000000355,2023-06-29,2023-07-05,,In Transit,FEDEX,Southwest,64.86,137.79,11,False,False,,False,,2026-04-27T23:39:17.576413
TRK000002437,2023-06-29,2023-01-07,2023-06-30,Delivered,UPS,Southeast,203.68,818.68,27,False,False,1.0,False,174.0,2026-04-27T23:39:17.576413
API000292,2023-06-28,2023-06-30,2023-07-02,Delivered,UPS,Northeast,373.98,212.72,1,False,False,4.0,False,2.0,2026-04-27T23:39:17.576413
TRK000002136,2023-06-28,2023-06-30,2023-06-28,Cancelled,FEDEX,Midwest,499.76,257.81,9,False,False,0.0,False,0.0,2026-04-27T23:39:17.576413
API000481,2023-06-28,2023-07-02,2023-07-05,Delayed,DHL,West Coast,46.85,659.21,6,False,False,7.0,False,3.0,2026-04-27T23:39:17.576413
TRK000001347,2023-06-28,2023-06-29,2023-06-27,Delivered,XPO,West Coast,139.24,517.84,33,False,False,-1.0,True,0.0,2026-04-27T23:39:17.576413
TRK000002928,2023-06-28,2023-06-30,2023-06-29,Delayed,XPO,Southwest,270.19,879.19,15,False,False,1.0,False,0.0,2026-04-27T23:39:17.576413
TRK000000260,2023-06-28,2023-07-02,2023-07-04,Delayed,FEDEX,West Coast,11.63,154.35,30,False,False,6.0,False,2.0,2026-04-27T23:39:17.576413
TRK000003415,2023-06-27,2023-06-30,2023-02-07,Cancelled,FEDEX,Midwest,544.54,201.33,40,False,False,-140.0,False,0.0,2026-04-27T23:39:17.576413
TRK000003377,2023-06-27,2023-07-04,2023-07-04,Delivered,XPO,Midwest,431.09,272.83,2,False,False,7.0,True,0.0,2026-04-27T23:39:17.576413
TRK000000536,2023-06-27,2023-06-29,2023-06-28,Delivered,USPS,Midwest,219.72,891.02,19,False,False,1.0,True,0.0,2026-04-27T23:39:17.576413
TRK000000198,2023-06-27,2023-06-28,2023-07-01,Cancelled,XPO,Southwest,181.62,60.18,39,False,False,4.0,False,3.0,2026-04-27T23:39:17.576413
TRK000001425,2023-06-27,2023-07-02,2023-07-01,Delivered,DHL,Midwest,134.45,826.17,33,False,False,4.0,True,0.0,2026-04-27T23:39:17.576413
TRK000004662,2023-06-27,2023-06-29,2023-06-28,In Transit,DHL,Midwest,386.11,427.99,40,False,False,1.0,False,0.0,2026-04-27T23:39:17.576413
TRK000000467,2023-06-27,2023-06-29,2023-07-02,In Transit,FEDEX,West Coast,66.5,69.46,19,False,False,5.0,False,3.0,2026-04-27T23:39:17.576413
TRK000004658,2023-06-27,2023-07-04,,Cancelled,FEDEX,Southwest,321.94,686.81,26,False,False,,False,,2026-04-27T23:39:17.576413
TRK000004689,2023-06-27,2023-06-30,2023-01-07,Delivered,FEDEX,Midwest,575.92,744.91,18,False,False,-171.0,True,0.0,2026-04-27T23:39:17.576413
TRK000001141,2023-06-26,2023-06-27,2023-06-26,Delayed,USPS,West Coast,525.18,274.63,11,False,False,0.0,False,0.0,2026-04-27T23:39:17.576413
API000368,2023-06-26,2023-07-01,2023-06-30,Delayed,FEDEX,Northeast,331.13,291.74,9,False,False,4.0,False,0.0,2026-04-27T23:39:17.576413
TRK000002390,2023-06-26,2023-06-28,,Cancelled,DHL,Midwest,97.98,261.51,9,False,False,,False,,2026-04-27T23:39:17.576413
TRK000000956,2023-06-25,2023-06-29,2023-07-02,Delayed,DHL,Northeast,20.38,267.7,34,False,False,7.0,False,3.0,2026-04-27T23:39:17.576413
TRK000003504,2023-06-25,2023-06-29,2023-06-29,Delivered,FEDEX,West Coast,142.37,686.48,14,False,False,4.0,True,0.0,2026-04-27T23:39:17.576413
TRK000001674,2023-06-25,2023-06-27,2023-06-30,Delayed,FEDEX,Southwest,530.38,226.85,30,False,False,5.0,False,3.0,2026-04-27T23:39:17.576413
TRK000004217,2023-06-24,2023-06-25,2023-06-23,Delayed,DHL,Midwest,12.25,770.67,16,False,False,-1.0,False,0.0,2026-04-27T23:39:17.576413
TRK000002584,2023-06-24,2023-06-27,2023-06-27,Delayed,UPS,Southeast,528.87,209.24,11,False,False,3.0,False,0.0,2026-04-27T23:39:17.576413
TRK000002915,2023-06-24,2023-06-26,,In Transit,UPS,Midwest,349.34,280.23,48,False,False,,False,,2026-04-27T23:39:17.576413
TRK000004600,2023-06-24,2023-06-25,,Delayed,FEDEX,Northeast,100.68,515.46,10,False,False,,False,,2026-04-27T23:39:17.576413
TRK000004580,2023-06-23,2023-06-26,2023-06-30,Delivered,UPS,Midwest,536.08,471.19,20,False,False,7.0,False,4.0,2026-04-27T23:39:17.576413
TRK000004710,2023-06-23,2023-06-25,2023-06-27,In Transit,FEDEX,West Coast,437.4,422.33,30,False,False,4.0,False,2.0,2026-04-27T23:39:17.576413
TRK000000843,2023-06-23,2023-06-28,2023-07-01,In Transit,FEDEX,Southwest,519.67,780.88,39,False,False,8.0,False,3.0,2026-04-27T23:39:17.576413
TRK000003009,2023-06-23,2023-06-25,2023-06-23,Delivered,FEDEX,West Coast,286.5,444.23,30,False,False,0.0,True,0.0,2026-04-27T23:39:17.576413
TRK000001769,2023-06-23,2023-06-29,2023-06-28,In Transit,USPS,West Coast,65.14,645.13,15,False,False,5.0,False,0.0,2026-04-27T23:39:17.576413
TRK000002663,2023-06-22,2023-06-29,2023-06-30,Cancelled,XPO,Southeast,235.38,589.75,29,False,False,8.0,False,1.0,2026-04-27T23:39:17.576413
TRK000000906,2023-06-22,2023-06-27,2023-06-25,Delayed,UPS,Midwest,170.12,625.76,48,False,False,3.0,False,0.0,2026-04-27T23:39:17.576413
TRK000003501,2023-06-22,2023-06-26,2023-06-28,In Transit,UPS,Southeast,13.33,64.63,8,False,False,6.0,False,2.0,2026-04-27T23:39:17.576413
TRK000004955,2023-06-22,2023-06-25,2023-06-23,In Transit,FEDEX,Northeast,225.17,184.03,12,False,False,1.0,False,0.0,2026-04-27T23:39:17.576413
TRK000000544,2023-06-22,2023-06-26,,Delivered,XPO,West Coast,126.66,596.4,29,False,False,,False,,2026-04-27T23:39:17.576413
TRK000001837,2023-06-22,2023-06-28,2023-06-30,Delivered,FEDEX,Midwest,493.49,310.9,25,False,False,8.0,False,2.0,2026-04-27T23:39:17.576413
TRK000003706,2023-06-22,2023-06-23,2023-06-21,Delivered,UPS,West Coast,256.48,865.88,29,False,False,-1.0,True,0.0,2026-04-27T23:39:17.576413
TRK000000945,2023-06-22,2023-06-23,2023-06-21,In Transit,FEDEX,Southwest,302.74,217.71,11,False,False,-1.0,False,0.0,2026-04-27T23:39:17.576413
TRK000000442,2023-06-22,2023-06-28,2023-06-30,Delayed,UPS,Midwest,430.21,58.17,36,False,False,8.0,False,2.0,2026-04-27T23:39:17.576413
TRK000004637,2023-06-21,2023-06-28,2023-06-28,Delayed,DHL,Midwest,536.9,670.8,29,False,False,7.0,False,0.0,2026-04-27T23:39:17.576413
TRK000000244,2023-06-21,2023-06-23,,Delayed,UPS,Southeast,8.06,845.55,47,False,False,,False,,2026-04-27T23:39:17.576413
TRK000003683,2023-06-21,2023-06-23,,Cancelled,USPS,Southwest,557.95,748.74,5,False,False,,False,,2026-04-27T23:39:17.576413
TRK000001212,2023-06-21,2023-06-25,2023-06-28,Delayed,FEDEX,Midwest,451.88,532.69,9,False,False,7.0,False,3.0,2026-04-27T23:39:17.576413
TRK000002085,2023-06-21,2023-06-27,,Delayed,UPS,West Coast,587.54,517.82,22,False,False,,False,,2026-04-27T23:39:17.576413
TRK000002859,2023-06-21,2023-06-27,2023-07-02,In Transit,USPS,Midwest,448.37,293.94,23,False,False,11.0,False,5.0,2026-04-27T23:39:17.576413
TRK000004764,2023-06-21,2023-06-27,2023-07-01,Cancelled,DHL,Northeast,64.43,485.63,21,False,False,10.0,False,4.0,2026-04-27T23:39:17.576413
TRK000001099,2023-06-21,2023-06-28,2023-07-03,In Transit,DHL,West Coast,262.45,127.5,19,False,False,12.0,False,5.0,2026-04-27T23:39:17.576413
API000432,2023-06-21,2023-06-26,,In Transit,UPS,West Coast,35.18,291.39,2,False,False,,False,,2026-04-27T23:39:17.576413
TRK000000538,2023-06-21,2023-06-27,2023-07-01,In Transit,XPO,West Coast,508.03,292.09,13,False,False,10.0,False,4.0,2026-04-27T23:39:17.576413
TRK000001040,2023-06-20,2023-06-21,,In Transit,UPS,Southeast,538.56,786.85,22,False,False,,False,,2026-04-27T23:39:17.576413
TRK000003162,2023-06-20,2023-06-22,2023-06-26,Cancelled,UPS,Northeast,71.07,96.37,7,False,False,6.0,False,4.0,2026-04-27T23:39:17.576413
TRK000000554,2023-06-20,2023-06-24,2023-06-29,Delayed,FEDEX,Midwest,439.76,437.5,42,False,False,9.0,False,5.0,2026-04-27T23:39:17.576413
TRK000003862,2023-06-20,2023-06-21,2023-06-24,Cancelled,FEDEX,Southwest,34.83,843.39,29,False,False,4.0,False,3.0,2026-04-27T23:39:17.576413
TRK000000171,2023-06-20,2023-06-21,2023-06-24,Delivered,FEDEX,Midwest,228.56,638.49,31,False,False,4.0,False,3.0,2026-04-27T23:39:17.576413
TRK000003440,2023-06-19,2023-06-24,2023-06-29,In Transit,UPS,Southeast,389.46,606.09,49,False,False,10.0,False,5.0,2026-04-27T23:39:17.576413
TRK000004225,2023-06-19,2023-06-24,2023-06-28,Delivered,UPS,Southeast,13.09,316.47,5,False,False,9.0,False,4.0,2026-04-27T23:39:17.576413
TRK000002786,2023-06-19,2023-06-23,,Cancelled,UPS,Midwest,447.89,478.99,14,False,False,,False,,2026-04-27T23:39:17.576413
TRK000001818,2023-06-19,2023-06-25,,Cancelled,FEDEX,West Coast,454.81,585.59,37,False,False,,False,,2026-04-27T23:39:17.576413
TRK000001133,2023-06-19,2023-06-26,2023-06-24,Cancelled,FEDEX,West Coast,177.05,336.29,18,False,False,5.0,False,0.0,2026-04-27T23:39:17.576413
TRK000002942,2023-06-19,2023-06-23,,In Transit,FEDEX,Midwest,147.59,175.37,44,False,False,,False,,2026-04-27T23:39:17.576413
TRK000002927,2023-06-19,2023-06-22,2023-06-24,Delivered,FEDEX,Midwest,262.91,866.03,31,False,False,5.0,False,2.0,2026-04-27T23:39:17.576413
TRK000004986,2023-06-19,2023-06-23,2023-06-23,Delivered,USPS,Midwest,482.15,72.36,41,False,False,4.0,True,0.0,2026-04-27T23:39:17.576413
TRK000002866,2023-06-19,2023-06-20,2023-06-20,In Transit,DHL,Southeast,479.31,682.69,30,False,False,1.0,False,0.0,2026-04-27T23:39:17.576413
TRK000004285,2023-06-18,2023-06-25,2023-06-26,Cancelled,FEDEX,West Coast,17.16,141.35,3,False,False,8.0,False,1.0,2026-04-27T23:39:17.576413
TRK000001228,2023-06-18,2023-06-22,2023-06-22,In Transit,FEDEX,Northeast,39.3,133.86,11,False,False,4.0,False,0.0,2026-04-27T23:39:17.576413
TRK000002880,2023-06-18,2023-06-24,2023-06-23,Cancelled,DHL,Southwest,208.09,175.18,38,False,False,5.0,False,0.0,2026-04-27T23:39:17.576413
TRK000001486,2023-06-18,2023-06-24,2023-06-28,Delayed,XPO,Northeast,488.62,669.51,1,False,False,10.0,False,4.0,2026-04-27T23:39:17.576413
API000410,2023-06-18,2023-06-21,,Delayed,FEDEX,Midwest,132.67,677.91,23,False,False,,False,,2026-04-27T23:39:17.576413
TRK000003647,2023-06-18,2023-06-20,2023-06-21,In Transit,UPS,Midwest,305.48,157.87,7,False,False,3.0,False,1.0,2026-04-27T23:39:17.576413
TRK000002819,2023-06-18,2023-06-20,,Delayed,FEDEX,Midwest,142.09,839.32,35,False,False,,False,,2026-04-27T23:39:17.576413
TRK000004455,2023-06-18,2023-06-21,2023-06-26,Delayed,FEDEX,Southwest,416.58,13016.48,13,False,True,8.0,False,5.0,2026-04-27T23:39:17.576413
TRK000004866,2023-06-18,2023-06-20,2023-06-23,Delivered,FEDEX,Midwest,330.2,103.27,16,False,False,5.0,False,3.0,2026-04-27T23:39:17.576413
TRK000000634,2023-06-18,2023-06-23,2023-06-25,Delivered,UPS,Midwest,333.59,706.93,47,False,False,7.0,False,2.0,2026-04-27T23:39:17.576413
TRK000003324,2023-06-18,2023-06-23,2023-06-25,Delivered,XPO,West Coast,422.33,410.15,5,False,False,7.0,False,2.0,2026-04-27T23:39:17.576413
TRK000000746,2023-06-18,2023-06-22,2023-06-22,Delivered,XPO,Midwest,22.77,400.59,21,False,False,4.0,True,0.0,2026-04-27T23:39:17.576413
TRK000004261,2023-06-18,2023-06-19,2023-06-23,In Transit,FEDEX,Northeast,358.67,215.52,49,False,False,5.0,False,4.0,2026-04-27T23:39:17.576413
TRK000002004,2023-06-17,2023-06-21,,Cancelled,FEDEX,Midwest,152.34,439.88,34,False,False,,False,,2026-04-27T23:39:17.576413
TRK000000389,2023-06-17,2023-06-21,,In Transit,FEDEX,Midwest,567.3,823.7,29,False,False,,False,,2026-04-27T23:39:17.576413
TRK000004982,2023-06-17,2023-06-24,2023-06-29,In Transit,FEDEX,Northeast,160.04,80.13,35,False,False,12.0,False,5.0,2026-04-27T23:39:17.576413
TRK000004158,2023-06-17,2023-06-23,2023-06-22,Delivered,UPS,Midwest,103.36,147.04,22,False,False,5.0,True,0.0,2026-04-27T23:39:17.576413
TRK000000637,2023-06-17,2023-06-19,2023-06-20,In Transit,UPS,Southeast,150.27,758.95,39,False,False,3.0,False,1.0,2026-04-27T23:39:17.576413
TRK000000283,2023-06-17,2023-06-22,2023-06-20,Cancelled,DHL,Southwest,328.14,437.92,36,False,False,3.0,False,0.0,2026-04-27T23:39:17.576413
TRK000000457,2023-06-17,2023-06-20,2023-06-20,In Transit,FEDEX,West Coast,531.99,257.24,27,False,False,3.0,False,0.0,2026-04-27T23:39:17.576413
TRK000000833,2023-06-17,2023-06-23,2023-06-24,Delivered,FEDEX,Southeast,392.83,508.2,18,False,False,7.0,False,1.0,2026-04-27T23:39:17.576413
TRK000003943,2023-06-17,2023-06-24,2023-06-27,Cancelled,FEDEX,West Coast,351.28,543.63,50,False,False,10.0,False,3.0,2026-04-27T23:39:17.576413
TRK000003673,2023-06-17,2023-06-24,2023-06-26,Cancelled,UPS,Southeast,56.33,503.04,39,False,False,9.0,False,2.0,2026-04-27T23:39:17.576413
TRK000004198,2023-06-16,2023-06-21,2023-06-23,Delivered,DHL,Midwest,515.52,355.48,22,False,False,7.0,False,2.0,2026-04-27T23:39:17.576413
TRK000000763,2023-06-16,2023-06-21,2023-06-19,Delayed,FEDEX,Southwest,388.18,567.28,8,False,False,3.0,False,0.0,2026-04-27T23:39:17.576413
TRK000004950,2023-06-16,2023-06-22,2023-06-27,Cancelled,UPS,Northeast,277.31,354.94,46,False,False,11.0,False,5.0,2026-04-27T23:39:17.576413
TRK000004338,2023-06-16,2023-06-20,2023-06-18,Delivered,UPS,West Coast,203.39,423.16,44,False,False,2.0,True,0.0,2026-04-27T23:39:17.576413
API000011,2023-06-16,2023-06-17,,Delayed,UPS,West Coast,384.37,697.01,25,False,False,,False,,2026-04-27T23:39:17.576413
TRK000000674,2023-06-16,2023-06-18,2023-06-16,Delivered,FEDEX,Midwest,15.05,295.66,26,False,False,0.0,True,0.0,2026-04-27T23:39:17.576413
TRK000004115,2023-06-15,2023-06-21,,In Transit,UPS,West Coast,38.9,401.56,49,False,False,,False,,2026-04-27T23:39:17.576413
TRK000001461,2023-06-15,2023-06-16,2023-06-20,Delivered,UPS,Northeast,74.07,775.23,50,False,False,5.0,False,4.0,2026-04-27T23:39:17.576413
API000275,2023-06-15,2023-06-18,2023-06-23,Delivered,FEDEX,West Coast,355.49,455.44,15,False,False,8.0,False,5.0,2026-04-27T23:39:17.576413
API000007,2023-06-15,2023-06-18,,Delivered,DHL,Northeast,41.89,278.29,7,False,False,,False,,2026-04-27T23:39:17.576413
TRK000001998,2023-06-15,2023-06-16,2023-06-16,Delivered,FEDEX,Midwest,337.62,601.36,42,False,False,1.0,True,0.0,2026-04-27T23:39:17.576413
TRK000002061,2023-06-15,2023-06-16,,Delayed,FEDEX,Midwest,256.7,128.46,45,False,False,,False,,2026-04-27T23:39:17.576413
TRK000000630,2023-06-15,2023-06-19,2023-06-22,Delivered,XPO,Midwest,543.82,726.47,49,False,False,7.0,False,3.0,2026-04-27T23:39:17.576413
TRK000003884,2023-06-15,2023-06-21,2023-06-21,Cancelled,FEDEX,Midwest,519.3,462.08,45,False,False,6.0,False,0.0,2026-04-27T23:39:17.576413
API000159,2023-06-15,2023-06-16,2023-06-20,Delayed,UPS,West Coast,318.23,133.43,11,False,False,5.0,False,4.0,2026-04-27T23:39:17.576413
TRK000002589,2023-06-14,2023-06-18,2023-06-23,Delivered,FEDEX,Midwest,245.41,652.66,26,False,False,9.0,False,5.0,2026-04-27T23:39:17.576413
TRK000002326,2023-06-14,2023-06-16,2023-06-16,Delivered,UPS,Southeast,249.57,263.89,11,False,False,2.0,True,0.0,2026-04-27T23:39:17.576413
TRK000002344,2023-06-14,2023-06-21,2023-06-23,Delivered,UPS,West Coast,453.56,598.14,48,False,False,9.0,False,2.0,2026-04-27T23:39:17.576413
TRK000000128,2023-06-14,2023-06-18,2023-06-21,Delivered,FEDEX,Southwest,217.45,435.53,26,False,False,7.0,False,3.0,2026-04-27T23:39:17.576413
TRK000002321,2023-06-14,2023-06-17,2023-06-16,Delayed,UPS,Southwest,395.79,123.82,21,False,False,2.0,False,0.0,2026-04-27T23:39:17.576413
API000043,2023-06-14,2023-06-17,2023-06-18,In Transit,UPS,Northeast,182.62,246.81,20,False,False,4.0,False,1.0,2026-04-27T23:39:17.576413
TRK000003695,2023-06-14,2023-06-17,,Delivered,FEDEX,Northeast,317.95,788.6,48,False,False,,False,,2026-04-27T23:39:17.576413
API000157,2023-06-14,2023-06-15,2023-06-15,Delayed,DHL,Midwest,291.62,464.26,3,False,False,1.0,False,0.0,2026-04-27T23:39:17.576413
TRK000004668,2023-06-13,2023-06-20,2023-06-24,Delivered,DHL,Midwest,110.67,276.13,34,False,False,11.0,False,4.0,2026-04-27T23:39:17.576413
TRK000004562,2023-06-13,2023-06-14,2023-06-15,Delivered,USPS,Southwest,441.23,838.1,7,False,False,2.0,False,1.0,2026-04-27T23:39:17.576413
TRK000000539,2023-06-13,2023-06-18,2023-06-23,Delivered,FEDEX,Midwest,385.42,666.16,15,False,False,10.0,False,5.0,2026-04-27T23:39:17.576413
TRK000000860,2023-06-13,2023-06-16,2023-06-15,Cancelled,USPS,Midwest,162.97,416.49,1,False,False,2.0,False,0.0,2026-04-27T23:39:17.576413
TRK000003044,2023-06-13,2023-06-17,2023-06-16,In Transit,FEDEX,Midwest,599.7,111.48,16,False,False,3.0,False,0.0,2026-04-27T23:39:17.576413
TRK000003071,2023-06-13,2023-06-17,2023-06-21,Cancelled,USPS,Midwest,188.52,337.81,44,False,False,8.0,False,4.0,2026-04-27T23:39:17.576413
TRK000000421,2023-06-13,2023-06-18,2023-06-22,In Transit,FEDEX,Midwest,459.18,895.0,45,False,False,9.0,False,4.0,2026-04-27T23:39:17.576413
TRK000004252,2023-06-13,2023-06-16,,Cancelled,UPS,Midwest,496.91,346.94,37,False,False,,False,,2026-04-27T23:39:17.576413
TRK000001252,2023-06-13,2023-06-14,2023-06-14,Delivered,FEDEX,Southeast,548.05,507.16,14,False,False,1.0,True,0.0,2026-04-27T23:39:17.576413
TRK000004279,2023-06-13,2023-06-16,2023-06-18,Cancelled,DHL,Northeast,174.49,835.23,46,False,False,5.0,False,2.0,2026-04-27T23:39:17.576413
TRK000004001,2023-06-12,2023-06-16,2023-06-18,Delivered,FEDEX,Midwest,594.52,870.53,39,False,False,6.0,False,2.0,2026-04-27T23:39:17.576413
TRK000003028,2023-06-12,2023-06-13,2023-06-11,Delayed,UPS,West Coast,503.51,630.17,35,False,False,-1.0,False,0.0,2026-04-27T23:39:17.576413
TRK000004920,2023-06-12,2023-06-16,2023-06-14,Cancelled,USPS,Northeast,36.72,255.05,12,False,False,2.0,False,0.0,2026-04-27T23:39:17.576413
TRK000003181,2023-06-12,2023-12-10,2023-12-14,Delivered,FEDEX,Southwest,438.94,179.42,50,False,False,185.0,False,4.0,2026-04-27T23:39:17.576413
TRK000002760,2023-06-12,2023-12-12,2023-11-12,Delayed,FEDEX,West Coast,85.58,51.37,29,False,False,153.0,False,0.0,2026-04-27T23:39:17.576413
TRK000003133,2023-06-11,2023-06-17,2023-06-21,Delivered,FEDEX,Midwest,477.01,7091.99,36,False,True,10.0,False,4.0,2026-04-27T23:39:17.576413
TRK000003776,2023-06-11,2023-06-15,2023-06-17,Delivered,UPS,Southwest,523.34,233.59,14,False,False,6.0,False,2.0,2026-04-27T23:39:17.576413
TRK000001220,2023-06-11,2023-11-09,2023-11-11,Delivered,FEDEX,Midwest,16.46,654.57,43,False,False,153.0,False,2.0,2026-04-27T23:39:17.576413
TRK000003243,2023-06-11,2023-11-11,2023-11-14,Cancelled,FEDEX,Southwest,346.51,173.66,3,False,False,156.0,False,3.0,2026-04-27T23:39:17.576413
TRK000003697,2023-06-11,2023-11-11,2023-11-15,Cancelled,FEDEX,Midwest,239.38,548.17,20,False,False,157.0,False,4.0,2026-04-27T23:39:17.576413
TRK000002945,2023-06-11,2023-06-13,2023-06-17,In Transit,UPS,Northeast,46.57,217.87,25,False,False,6.0,False,4.0,2026-04-27T23:39:17.576413
TRK000004216,2023-06-11,2023-06-13,2023-06-15,Delivered,USPS,Southwest,594.94,207.3,6,False,False,4.0,False,2.0,2026-04-27T23:39:17.576413
TRK000001497,2023-06-11,2023-11-07,2023-11-12,Cancelled,FEDEX,Midwest,131.98,463.78,3,False,False,154.0,False,5.0,2026-04-27T23:39:17.576413
TRK000001770,2023-06-11,2023-06-15,2023-06-13,Delivered,FEDEX,Midwest,175.28,205.53,21,False,False,2.0,True,0.0,2026-04-27T23:39:17.576413
TRK000002429,2023-06-10,2023-06-15,2023-06-14,Delivered,XPO,Southeast,182.65,561.36,32,False,False,4.0,True,0.0,2026-04-27T23:39:17.576413
TRK000002214,2023-06-10,2023-06-14,2023-06-15,Delayed,FEDEX,Midwest,505.18,574.86,9,False,False,5.0,False,1.0,2026-04-27T23:39:17.576413
API000248,2023-06-10,2023-06-13,2023-06-14,Delivered,UPS,West Coast,107.88,130.59,21,False,False,4.0,False,1.0,2026-04-27T23:39:17.576413
TRK000003992,2023-06-10,2023-08-10,,In Transit,UPS,Midwest,46.98,173.93,28,False,False,,False,,2026-04-27T23:39:17.576413
TRK000000377,2023-06-10,2023-06-11,2023-06-14,Delivered,DHL,Midwest,62.17,896.87,6,False,False,4.0,False,3.0,2026-04-27T23:39:17.576413
TRK000002329,2023-06-10,2023-06-13,2023-06-12,Delivered,UPS,Midwest,210.23,161.86,48,False,False,2.0,True,0.0,2026-04-27T23:39:17.576413
API000456,2023-06-10,2023-06-12,,Delayed,FEDEX,Midwest,370.21,509.54,27,False,False,,False,,2026-04-27T23:39:17.576413
TRK000002840,2023-06-10,2023-06-16,,Cancelled,FEDEX,Southwest,102.97,754.33,3,False,False,,False,,2026-04-27T23:39:17.576413
TRK000000876,2023-06-10,2023-10-13,2023-10-13,In Transit,FEDEX,Northeast,599.44,151.03,9,False,False,125.0,False,0.0,2026-04-27T23:39:17.576413
API000110,2023-06-10,2023-06-12,,Delivered,FEDEX,West Coast,300.7,533.46,21,False,False,,False,,2026-04-27T23:39:17.576413
TRK000000687,2023-06-10,2023-06-15,2023-06-18,Delivered,UPS,Midwest,323.12,350.46,17,False,False,8.0,False,3.0,2026-04-27T23:39:17.576413
TRK000003912,2023-06-10,2023-06-14,2023-06-14,Delayed,FEDEX,West Coast,337.3,549.36,9,False,False,4.0,False,0.0,2026-04-27T23:39:17.576413
TRK000002497,2023-06-10,2023-06-11,2023-11-06,Delayed,FEDEX,Midwest,507.0,481.5,26,False,False,149.0,False,148.0,2026-04-27T23:39:17.576413
TRK000003184,2023-06-10,2023-06-11,2023-06-16,Delivered,UPS,Southwest,99.91,246.28,3,False,False,6.0,False,5.0,2026-04-27T23:39:17.576413
TRK000001997,2023-06-10,2023-06-16,2023-06-17,Cancelled,FEDEX,Midwest,188.73,769.16,20,False,False,7.0,False,1.0,2026-04-27T23:39:17.576413
TRK000000541,2023-06-09,2023-09-11,2023-09-12,Delayed,UPS,Midwest,176.11,60.3,27,False,False,95.0,False,1.0,2026-04-27T23:39:17.576413
TRK000001822,2023-06-09,2023-06-16,2023-06-20,Delivered,FEDEX,Northeast,330.1,831.9,41,False,False,11.0,False,4.0,2026-04-27T23:39:17.576413
TRK000000051,2023-06-09,2023-06-15,2023-06-15,Delayed,DHL,Midwest,290.95,604.65,29,False,False,6.0,False,0.0,2026-04-27T23:39:17.576413
TRK000003968,2023-06-09,2023-09-11,2023-09-16,Delayed,USPS,West Coast,432.11,449.95,2,False,False,99.0,False,5.0,2026-04-27T23:39:17.576413
TRK000000164,2023-06-09,2023-06-14,2023-06-19,Delayed,FEDEX,Midwest,431.23,586.35,6,False,False,10.0,False,5.0,2026-04-27T23:39:17.576413
TRK000003769,2023-06-09,2023-09-10,2023-09-08,Delivered,DHL,Midwest,223.28,780.17,25,False,False,91.0,True,0.0,2026-04-27T23:39:17.576413
TRK000004601,2023-06-09,2023-06-12,,Delayed,FEDEX,Midwest,286.64,821.7,38,False,False,,False,,2026-04-27T23:39:17.576413
TRK000003274,2023-06-09,2023-11-06,2023-06-13,Cancelled,FEDEX,Northeast,257.39,75.66,34,False,False,4.0,False,0.0,2026-04-27T23:39:17.576413
TRK000004948,2023-06-09,2023-06-13,2023-06-17,Delayed,FEDEX,Northeast,143.9,134.01,36,False,False,8.0,False,4.0,2026-04-27T23:39:17.576413
TRK000001179,2023-06-09,2023-06-15,2023-06-13,Cancelled,UPS,Southwest,582.77,410.27,29,False,False,4.0,False,0.0,2026-04-27T23:39:17.576413
TRK000004807,2023-06-09,2023-06-15,,Delayed,FEDEX,Northeast,263.94,371.98,23,False,False,,False,,2026-04-27T23:39:17.576413
TRK000002138,2023-06-08,2023-06-11,2023-06-15,Cancelled,USPS,Southeast,283.72,717.94,20,False,False,7.0,False,4.0,2026-04-27T23:39:17.576413
TRK000004545,2023-06-08,2023-06-11,2023-06-14,Delivered,USPS,Northeast,155.95,841.39,40,False,False,6.0,False,3.0,2026-04-27T23:39:17.576413
TRK000004968,2023-06-08,2023-06-14,2023-06-12,Delivered,DHL,Southeast,146.96,470.32,2,False,False,4.0,True,0.0,2026-04-27T23:39:17.576413
TRK000003653,2023-06-08,2023-06-14,2023-06-17,Delayed,FEDEX,Midwest,106.25,295.36,35,False,False,9.0,False,3.0,2026-04-27T23:39:17.576413
TRK000001419,2023-06-08,2023-09-06,2023-06-12,Delivered,UPS,Midwest,597.97,624.98,33,False,False,4.0,True,0.0,2026-04-27T23:39:17.576413
TRK000001018,2023-06-08,2023-09-06,,Delivered,FEDEX,Midwest,192.65,549.53,16,False,False,,False,,2026-04-27T23:39:17.576413
TRK000003347,2023-06-08,2023-08-10,2023-08-13,In Transit,DHL,Northeast,479.94,70.44,47,False,False,66.0,False,3.0,2026-04-27T23:39:17.576413
TRK000000751,2023-06-08,2023-06-09,2023-06-13,In Transit,FEDEX,Southwest,496.55,97.69,3,False,False,5.0,False,4.0,2026-04-27T23:39:17.576413
API000449,2023-06-07,2023-06-09,2023-06-13,Delivered,DHL,Northeast,319.39,258.15,11,False,False,6.0,False,4.0,2026-04-27T23:39:17.576413
TRK000004175,2023-06-07,2023-06-14,2023-06-14,In Transit,USPS,Midwest,320.73,338.56,46,False,False,7.0,False,0.0,2026-04-27T23:39:17.576413
TRK000003834,2023-06-07,2023-06-14,2023-06-16,In Transit,DHL,Southwest,246.48,539.06,48,False,False,9.0,False,2.0,2026-04-27T23:39:17.576413
TRK000001878,2023-06-07,2023-09-06,2023-06-12,In Transit,USPS,Northeast,542.86,139.97,7,False,False,5.0,False,0.0,2026-04-27T23:39:17.576413
TRK000001442,2023-06-07,2023-07-10,2023-07-12,Cancelled,XPO,Southwest,345.92,589.3,25,False,False,35.0,False,2.0,2026-04-27T23:39:17.576413
API000339,2023-06-07,2023-06-12,2023-06-14,Delivered,FEDEX,Midwest,172.32,187.04,21,False,False,7.0,False,2.0,2026-04-27T23:39:17.576413
TRK000003128,2023-06-07,2023-06-11,2023-06-09,In Transit,FEDEX,Southwest,509.82,333.72,19,False,False,2.0,False,0.0,2026-04-27T23:39:17.576413
TRK000001213,2023-06-07,2023-06-14,2023-06-12,Delayed,FEDEX,Southwest,204.77,195.11,21,False,False,5.0,False,0.0,2026-04-27T23:39:17.576413
TRK000000951,2023-06-07,2023-06-10,2023-06-09,Delayed,USPS,Midwest,453.79,181.57,38,False,False,2.0,False,0.0,2026-04-27T23:39:17.576413
TRK000002758,2023-06-06,2023-06-10,2023-06-08,Delivered,USPS,Midwest,162.38,387.22,45,False,False,2.0,True,0.0,2026-04-27T23:39:17.576413
TRK000003304,2023-06-06,2023-06-07,2023-06-10,In Transit,FEDEX,Midwest,414.88,722.04,19,False,False,4.0,False,3.0,2026-04-27T23:39:17.576413
TRK000002699,2023-06-05,2023-06-10,2023-06-08,Delayed,UPS,Southwest,254.13,649.2,18,False,False,3.0,False,0.0,2026-04-27T23:39:17.576413
TRK000003411,2023-06-05,2023-09-06,2023-06-14,In Transit,FEDEX,Midwest,564.77,373.15,19,False,False,9.0,False,0.0,2026-04-27T23:39:17.576413
API000392,2023-06-05,2023-06-08,,Delivered,DHL,West Coast,373.21,290.56,27,False,False,,False,,2026-04-27T23:39:17.576413
TRK000003574,2023-06-05,2023-12-06,2023-06-13,Cancelled,DHL,West Coast,350.84,479.95,18,False,False,8.0,False,0.0,2026-04-27T23:39:17.576413
TRK000003373,2023-06-05,2023-05-10,,Cancelled,UPS,Southeast,138.36,262.13,25,False,False,,False,,2026-04-27T23:39:17.576413
TRK000003806,2023-06-05,2023-06-06,2023-06-09,In Transit,XPO,Midwest,59.62,667.69,44,False,False,4.0,False,3.0,2026-04-27T23:39:17.576413
TRK000002986,2023-06-05,2023-06-07,2023-06-09,In Transit,FEDEX,Midwest,225.75,807.52,22,False,False,4.0,False,2.0,2026-04-27T23:39:17.576413
TRK000003498,2023-06-05,2023-06-08,2023-06-13,In Transit,XPO,Northeast,85.6,473.38,20,False,False,8.0,False,5.0,2026-04-27T23:39:17.576413
TRK000001521,2023-06-04,2023-06-09,2023-06-11,Delivered,FEDEX,Midwest,307.68,617.39,1,False,False,7.0,False,2.0,2026-04-27T23:39:17.576413
TRK000001594,2023-06-04,2023-06-09,2023-10-06,Delivered,FEDEX,Midwest,198.87,719.26,26,False,False,124.0,False,119.0,2026-04-27T23:39:17.576413
TRK000001406,2023-06-04,2023-06-05,2023-06-03,Cancelled,UPS,Southeast,120.72,633.72,42,False,False,-1.0,False,0.0,2026-04-27T23:39:17.576413
TRK000003704,2023-06-04,2023-06-09,2023-06-14,In Transit,UPS,Southwest,25.43,95.24,23,False,False,10.0,False,5.0,2026-04-27T23:39:17.576413
TRK000004671,2023-06-04,2023-06-10,2023-06-11,In Transit,FEDEX,Midwest,68.51,183.79,26,False,False,7.0,False,1.0,2026-04-27T23:39:17.576413
TRK000003047,2023-06-04,2023-06-11,2023-06-10,Cancelled,FEDEX,Midwest,304.88,650.44,11,False,False,6.0,False,0.0,2026-04-27T23:39:17.576413
TRK000000301,2023-06-04,2023-05-06,2023-06-04,In Transit,XPO,Midwest,593.61,644.74,32,False,False,0.0,False,29.0,2026-04-27T23:39:17.576413
TRK000002574,2023-06-03,2023-10-03,2023-03-15,Cancelled,FEDEX,Southeast,106.92,384.79,7,False,False,-80.0,False,0.0,2026-04-27T23:39:17.576413
TRK000000813,2023-06-03,2023-03-13,2023-12-03,Cancelled,FEDEX,Midwest,468.8,760.61,47,False,False,183.0,False,265.0,2026-04-27T23:39:17.576413
TRK000002133,2023-06-03,2023-06-06,2023-06-09,Delayed,FEDEX,Midwest,407.42,592.37,49,False,False,6.0,False,3.0,2026-04-27T23:39:17.576413
TRK000004862,2023-06-03,2023-05-06,2023-06-07,Delivered,FEDEX,Northeast,548.36,341.89,44,False,False,4.0,False,32.0,2026-04-27T23:39:17.576413
TRK000001132,2023-06-03,2023-06-04,2023-06-08,Cancelled,USPS,Northeast,484.68,455.41,42,False,False,5.0,False,4.0,2026-04-27T23:39:17.576413
TRK000001073,2023-06-03,2023-10-06,2023-06-14,Delivered,UPS,Southeast,91.03,180.59,3,False,False,11.0,True,0.0,2026-04-27T23:39:17.576413
TRK000003292,2023-06-03,2023-06-10,2023-10-06,In Transit,UPS,Northeast,36.94,685.89,42,False,False,125.0,False,118.0,2026-04-27T23:39:17.576413
TRK000000163,2023-06-03,2023-06-09,2023-06-08,Cancelled,FEDEX,Midwest,363.44,290.96,9,False,False,5.0,False,0.0,2026-04-27T23:39:17.576413
API000081,2023-06-03,2023-06-04,,Delayed,UPS,West Coast,162.06,379.24,20,False,False,,False,,2026-04-27T23:39:17.576413
TRK000004050,2023-06-03,2023-06-08,2023-11-06,In Transit,UPS,Midwest,139.39,543.47,20,False,False,156.0,False,151.0,2026-04-27T23:39:17.576413
API000334,2023-06-03,2023-06-05,2023-06-09,Delayed,UPS,West Coast,330.52,490.24,6,False,False,6.0,False,4.0,2026-04-27T23:39:17.576413
TRK000000569,2023-06-03,2023-06-08,2023-06-12,Cancelled,FEDEX,Midwest,236.95,517.61,17,False,False,9.0,False,4.0,2026-04-27T23:39:17.576413
TRK000004449,2023-06-02,2023-06-03,2023-06-08,Delayed,DHL,Southeast,325.51,94.48,2,False,False,6.0,False,5.0,2026-04-27T23:39:17.576413
TRK000001449,2023-06-02,2023-06-04,2023-06-04,Delivered,FEDEX,Southeast,553.73,596.63,19,False,False,2.0,True,0.0,2026-04-27T23:39:17.576413
TRK000000551,2023-06-02,2023-06-06,,In Transit,UPS,Midwest,483.32,298.49,8,False,False,,False,,2026-04-27T23:39:17.576413
TRK000003066,2023-06-02,2023-06-09,2023-06-11,Delivered,UPS,West Coast,64.72,777.05,26,False,False,9.0,False,2.0,2026-04-27T23:39:17.576413
API000201,2023-06-02,2023-06-07,2023-06-06,Delayed,DHL,West Coast,192.73,553.7,7,False,False,4.0,False,0.0,2026-04-27T23:39:17.576413
TRK000000780,2023-06-01,2023-09-01,2023-07-01,Cancelled,USPS,West Coast,370.53,493.52,25,False,False,30.0,False,0.0,2026-04-27T23:39:17.576413
TRK000003214,2023-06-01,2023-06-03,2023-06-08,In Transit,UPS,Southeast,546.71,435.02,42,False,False,7.0,False,5.0,2026-04-27T23:39:17.576413
TRK000002668,2023-06-01,2023-06-05,,Cancelled,FEDEX,Midwest,322.98,441.18,3,False,False,,False,,2026-04-27T23:39:17.576413
TRK000004070,2023-06-01,2023-06-07,2023-06-06,Delayed,DHL,Midwest,175.31,127.65,11,False,False,5.0,False,0.0,2026-04-27T23:39:17.576413
TRK000003190,2023-06-01,2023-03-06,2023-05-06,Delayed,FEDEX,Southeast,412.43,767.5,16,False,False,-26.0,False,61.0,2026-04-27T23:39:17.576413
TRK000000359,2023-06-01,2023-06-06,2023-06-07,Delivered,FEDEX,Midwest,259.42,814.89,45,False,False,6.0,False,1.0,2026-04-27T23:39:17.576413
API000020,2023-06-01,2023-06-05,2023-06-06,In Transit,DHL,West Coast,384.84,645.63,8,False,False,5.0,False,1.0,2026-04-27T23:39:17.576413
TRK000003480,2023-05-31,2023-06-07,,Delivered,UPS,Southeast,275.79,308.91,23,False,False,,False,,2026-04-27T23:39:17.576413
API000459,2023-05-31,2023-06-03,2023-06-04,Delayed,DHL,Northeast,69.41,440.52,21,False,False,4.0,False,1.0,2026-04-27T23:39:17.576413
TRK000003412,2023-05-31,2023-06-06,2023-06-07,In Transit,FEDEX,Midwest,314.12,557.28,49,False,False,7.0,False,1.0,2026-04-27T23:39:17.576413
TRK000000915,2023-05-31,2023-06-04,2023-06-07,Delayed,UPS,Midwest,87.5,528.66,42,False,False,7.0,False,3.0,2026-04-27T23:39:17.576413
TRK000003486,2023-05-31,2023-06-05,,Delivered,UPS,Midwest,9.0,97.66,18,False,False,,False,,2026-04-27T23:39:17.576413
TRK000004737,2023-05-31,2023-01-06,2023-06-06,Delivered,DHL,Southwest,21.21,293.63,21,False,False,6.0,False,151.0,2026-04-27T23:39:17.576413
TRK000004943,2023-05-31,2023-06-03,2023-06-08,Delivered,FEDEX,Midwest,450.69,502.54,33,False,False,8.0,False,5.0,2026-04-27T23:39:17.576413
TRK000001904,2023-05-31,2023-06-03,2023-06-02,Delivered,UPS,West Coast,577.56,760.57,30,False,False,2.0,True,0.0,2026-04-27T23:39:17.576413
TRK000004052,2023-05-31,2023-06-06,2023-05-06,Cancelled,DHL,Southeast,553.14,482.69,43,False,False,-25.0,False,0.0,2026-04-27T23:39:17.576413
TRK000003289,2023-05-30,2023-06-06,2023-06-09,Cancelled,FEDEX,Southwest,232.27,285.78,45,False,False,10.0,False,3.0,2026-04-27T23:39:17.576413
TRK000000759,2023-05-30,2023-06-06,2023-06-05,Delayed,FEDEX,Midwest,239.49,144.69,14,False,False,6.0,False,0.0,2026-04-27T23:39:17.576413
API000138,2023-05-30,2023-05-31,2023-06-02,In Transit,UPS,Northeast,184.56,429.94,14,False,False,3.0,False,2.0,2026-04-27T23:39:17.576413
TRK000000422,2023-05-30,2023-05-31,2023-05-31,In Transit,UPS,Southeast,400.87,890.72,48,False,False,1.0,False,0.0,2026-04-27T23:39:17.576413
TRK000002174,2023-05-30,2023-06-03,2023-06-03,Cancelled,UPS,Midwest,563.06,575.04,1,False,False,4.0,False,0.0,2026-04-27T23:39:17.576413
TRK000001671,2023-05-30,2023-06-03,,Delivered,XPO,Southwest,288.04,219.7,33,False,False,,False,,2026-04-27T23:39:17.576413
TRK000002036,2023-05-30,2023-06-01,2023-06-01,Delivered,FEDEX,Northeast,556.05,14294.81,2,False,True,2.0,True,0.0,2026-04-27T23:39:17.576413
TRK000004127,2023-05-29,2023-06-04,,Delivered,DHL,Southeast,407.12,351.4,17,False,False,,False,,2026-04-27T23:39:17.576413
TRK000001965,2023-05-29,2023-06-05,2023-06-07,Cancelled,XPO,Midwest,138.96,197.65,3,False,False,9.0,False,2.0,2026-04-27T23:39:17.576413
TRK000000103,2023-05-29,2023-06-03,2023-06-03,In Transit,DHL,West Coast,326.85,773.43,34,False,False,5.0,False,0.0,2026-04-27T23:39:17.576413
TRK000002895,2023-05-29,2023-05-30,2023-05-29,Delivered,UPS,Midwest,252.95,724.56,27,False,False,0.0,True,0.0,2026-04-27T23:39:17.576413
API000369,2023-05-29,2023-06-02,,Delayed,DHL,Midwest,324.28,657.97,15,False,False,,False,,2026-04-27T23:39:17.576413
TRK000003926,2023-05-29,2023-05-30,2023-05-28,Delayed,DHL,West Coast,415.76,408.75,38,False,False,-1.0,False,0.0,2026-04-27T23:39:17.576413
TRK000004311,2023-05-29,2023-06-02,2023-02-06,Delayed,FEDEX,Midwest,339.57,53.65,29,False,False,-112.0,False,0.0,2026-04-27T23:39:17.576413
TRK000002256,2023-05-29,2023-06-04,2023-06-02,Cancelled,UPS,Midwest,249.62,500.53,50,False,False,4.0,False,0.0,2026-04-27T23:39:17.576413
TRK000004440,2023-05-28,2023-06-03,2023-06-03,Delayed,UPS,Midwest,558.52,380.31,38,False,False,6.0,False,0.0,2026-04-27T23:39:17.576413
TRK000001452,2023-05-28,2023-05-30,2023-05-29,In Transit,FEDEX,Midwest,203.06,761.03,28,False,False,1.0,False,0.0,2026-04-27T23:39:17.576413
TRK000001897,2023-05-28,2023-05-30,,Delayed,DHL,Midwest,469.97,344.24,12,False,False,,False,,2026-04-27T23:39:17.576413
TRK000003088,2023-05-28,2023-06-03,2023-06-08,Delivered,UPS,Northeast,458.09,230.8,26,False,False,11.0,False,5.0,2026-04-27T23:39:17.576413
TRK000004709,2023-05-28,2023-05-31,2023-05-31,Delayed,USPS,Midwest,276.5,868.58,46,False,False,3.0,False,0.0,2026-04-27T23:39:17.576413
TRK000001647,2023-05-27,2023-06-02,2023-05-31,Delayed,FEDEX,Midwest,338.15,863.98,29,False,False,4.0,False,0.0,2026-04-27T23:39:17.576413
TRK000000984,2023-05-27,2023-05-30,2023-06-02,Delivered,USPS,Northeast,331.24,232.71,18,False,False,6.0,False,3.0,2026-04-27T23:39:17.576413
TRK000002625,2023-05-27,2023-05-31,2023-06-02,Cancelled,UPS,Northeast,218.09,359.79,8,False,False,6.0,False,2.0,2026-04-27T23:39:17.576413
TRK000002034,2023-05-27,2023-05-29,2023-06-02,Cancelled,FEDEX,Southwest,494.4,460.55,43,False,False,6.0,False,4.0,2026-04-27T23:39:17.576413
API000291,2023-05-26,2023-05-28,2023-05-31,Delayed,UPS,West Coast,178.39,502.11,30,False,False,5.0,False,3.0,2026-04-27T23:39:17.576413
TRK000001320,2023-05-26,2023-05-27,2023-05-25,Delayed,XPO,Midwest,135.49,242.67,19,False,False,-1.0,False,0.0,2026-04-27T23:39:17.576413
TRK000003748,2023-05-26,2023-06-02,2023-06-01,Delayed,FEDEX,Midwest,365.78,325.07,22,False,False,6.0,False,0.0,2026-04-27T23:39:17.576413
TRK000003782,2023-05-26,2023-01-06,2023-06-06,Delivered,UPS,West Coast,567.96,305.0,14,False,False,11.0,False,151.0,2026-04-27T23:39:17.576413
TRK000003703,2023-05-26,2023-05-29,,Delayed,FEDEX,Northeast,308.14,772.18,33,False,False,,False,,2026-04-27T23:39:17.576413
TRK000001788,2023-05-26,2023-05-30,2023-06-04,In Transit,UPS,Midwest,116.84,617.18,34,False,False,9.0,False,5.0,2026-04-27T23:39:17.576413
TRK000002779,2023-05-26,2023-05-30,2023-04-06,Delivered,UPS,Southwest,337.8,515.16,5,False,False,-50.0,True,0.0,2026-04-27T23:39:17.576413
TRK000003638,2023-05-26,2023-05-27,,Delivered,XPO,Midwest,537.86,670.41,28,False,False,,False,,2026-04-27T23:39:17.576413
TRK000000559,2023-05-25,2023-06-01,2023-06-04,In Transit,UPS,Northeast,340.57,430.36,32,False,False,10.0,False,3.0,2026-04-27T23:39:17.576413
TRK000003849,2023-05-25,2023-05-31,2023-05-29,Delivered,XPO,Midwest,75.52,62.63,50,False,False,4.0,True,0.0,2026-04-27T23:39:17.576413
TRK000004421,2023-05-25,2023-05-26,2023-05-27,Cancelled,FEDEX,Northeast,390.77,223.82,23,False,False,2.0,False,1.0,2026-04-27T23:39:17.576413
TRK000000928,2023-05-25,2023-05-26,2023-05-25,Delayed,UPS,Southeast,155.44,190.41,42,False,False,0.0,False,0.0,2026-04-27T23:39:17.576413
TRK000000683,2023-05-25,2023-05-31,2023-06-04,Cancelled,UPS,Northeast,508.46,869.36,24,False,False,10.0,False,4.0,2026-04-27T23:39:17.576413
TRK000001811,2023-05-25,2023-05-26,2023-05-28,In Transit,UPS,Northeast,446.12,164.28,3,False,False,3.0,False,2.0,2026-04-27T23:39:17.576413
TRK000004381,2023-05-25,2023-06-01,,Delivered,UPS,Southeast,448.54,234.58,27,False,False,,False,,2026-04-27T23:39:17.576413
TRK000004402,2023-05-25,2023-06-01,2023-05-31,Delivered,UPS,Midwest,66.78,767.23,35,False,False,6.0,True,0.0,2026-04-27T23:39:17.576413
TRK000003224,2023-05-25,2023-05-29,2023-05-31,Delivered,FEDEX,Midwest,337.33,739.3,40,False,False,6.0,False,2.0,2026-04-27T23:39:17.576413
TRK000004028,2023-05-25,2023-06-01,2023-02-06,In Transit,FEDEX,Midwest,130.11,849.12,34,False,False,-108.0,False,0.0,2026-04-27T23:39:17.576413
TRK000004032,2023-05-25,2023-05-27,2023-01-06,Cancelled,FEDEX,West Coast,345.48,210.09,35,False,False,-139.0,False,0.0,2026-04-27T23:39:17.576413
API000034,2023-05-25,2023-05-29,2023-05-30,Delayed,DHL,Northeast,241.65,591.3,26,False,False,5.0,False,1.0,2026-04-27T23:39:17.576413
TRK000001503,2023-05-24,2023-05-27,2023-05-31,Cancelled,FEDEX,Midwest,114.76,221.84,37,False,False,7.0,False,4.0,2026-04-27T23:39:17.576413
TRK000000336,2023-05-24,2023-05-28,2023-05-30,Delayed,USPS,West Coast,426.02,494.12,3,False,False,6.0,False,2.0,2026-04-27T23:39:17.576413
TRK000001083,2023-05-24,2023-05-30,2023-05-31,In Transit,FEDEX,West Coast,50.85,319.8,12,False,False,7.0,False,1.0,2026-04-27T23:39:17.576413
TRK000003382,2023-05-24,2023-05-30,2023-06-01,Cancelled,UPS,Midwest,559.37,616.11,5,False,False,8.0,False,2.0,2026-04-27T23:39:17.576413
API000063,2023-05-24,2023-05-29,2023-05-27,In Transit,UPS,Midwest,56.06,524.1,4,False,False,3.0,False,0.0,2026-04-27T23:39:17.576413
TRK000004223,2023-05-24,2023-05-27,2023-05-29,Delivered,XPO,Southeast,15.44,871.24,29,False,False,5.0,False,2.0,2026-04-27T23:39:17.576413
TRK000004699,2023-05-24,2023-05-29,2023-05-30,Delayed,XPO,Southeast,347.64,759.98,23,False,False,6.0,False,1.0,2026-04-27T23:39:17.576413
TRK000003265,2023-05-23,2023-05-27,2023-05-31,Delayed,XPO,Southwest,361.15,130.54,38,False,False,8.0,False,4.0,2026-04-27T23:39:17.576413
TRK000003197,2023-05-23,2023-05-26,2023-05-30,In Transit,USPS,Southeast,33.4,256.12,7,False,False,7.0,False,4.0,2026-04-27T23:39:17.576413
TRK000002226,2023-05-23,2023-05-24,2023-05-23,In Transit,UPS,Midwest,224.2,690.13,46,False,False,0.0,False,0.0,2026-04-27T23:39:17.576413
API000333,2023-05-23,2023-05-24,2023-05-25,Delivered,UPS,West Coast,378.37,111.05,26,False,False,2.0,False,1.0,2026-04-27T23:39:17.576413
TRK000002937,2023-05-23,2023-05-24,2023-05-23,Delivered,XPO,Southeast,570.04,820.85,12,False,False,0.0,True,0.0,2026-04-27T23:39:17.576413
API000129,2023-05-23,2023-05-27,2023-05-27,Delayed,UPS,Midwest,169.14,205.48,12,False,False,4.0,False,0.0,2026-04-27T23:39:17.576413
TRK000001479,2023-05-23,2023-05-25,2023-05-28,Delayed,FEDEX,Northeast,89.15,592.67,3,False,False,5.0,False,3.0,2026-04-27T23:39:17.576413
TRK000000281,2023-05-23,2023-05-25,2023-05-25,Delayed,USPS,West Coast,474.29,152.12,49,False,False,2.0,False,0.0,2026-04-27T23:39:17.576413
TRK000004676,2023-05-23,2023-05-26,2023-05-29,In Transit,UPS,Southeast,525.0,849.62,33,False,False,6.0,False,3.0,2026-04-27T23:39:17.576413
TRK000001474,2023-05-22,2023-05-23,,Cancelled,UPS,Midwest,105.15,480.96,42,False,False,,False,,2026-04-27T23:39:17.576413
TRK000004191,2023-05-22,2023-05-26,2023-05-26,Cancelled,DHL,Northeast,509.88,792.12,47,False,False,4.0,False,0.0,2026-04-27T23:39:17.576413
TRK000004912,2023-05-22,2023-05-27,2023-05-28,Cancelled,FEDEX,Northeast,104.79,161.07,3,False,False,6.0,False,1.0,2026-04-27T23:39:17.576413
API000273,2023-05-22,2023-05-23,2023-05-26,In Transit,FEDEX,West Coast,51.43,698.91,23,False,False,4.0,False,3.0,2026-04-27T23:39:17.576413
API000255,2023-05-22,2023-05-25,,Delayed,UPS,Midwest,370.08,516.37,27,False,False,,False,,2026-04-27T23:39:17.576413
TRK000001348,2023-05-22,2023-05-24,2023-05-27,Delivered,USPS,Midwest,437.56,822.59,7,False,False,5.0,False,3.0,2026-04-27T23:39:17.576413
TRK000003109,2023-05-22,2023-05-26,2023-05-26,Delayed,FEDEX,Midwest,494.16,169.78,23,False,False,4.0,False,0.0,2026-04-27T23:39:17.576413
TRK000004426,2023-05-22,2023-05-26,,In Transit,FEDEX,Midwest,93.07,667.53,15,False,False,,False,,2026-04-27T23:39:17.576413
TRK000004253,2023-05-22,2023-05-23,2023-05-23,Delivered,FEDEX,Northeast,370.71,518.94,42,False,False,1.0,True,0.0,2026-04-27T23:39:17.576413
TRK000000021,2023-05-21,2023-05-27,2023-05-31,Delivered,FEDEX,Midwest,180.59,899.39,2,False,False,10.0,False,4.0,2026-04-27T23:39:17.576413
TRK000004593,2023-05-21,2023-05-24,2023-05-27,Delivered,UPS,Northeast,471.0,729.04,45,False,False,6.0,False,3.0,2026-04-27T23:39:17.576413
API000279,2023-05-21,2023-05-24,2023-05-26,Delivered,FEDEX,West Coast,358.08,320.03,7,False,False,5.0,False,2.0,2026-04-27T23:39:17.576413
TRK000003946,2023-05-21,2023-05-28,2023-06-02,In Transit,UPS,Southeast,393.92,100.38,36,False,False,12.0,False,5.0,2026-04-27T23:39:17.576413
TRK000000407,2023-05-21,2023-05-22,2023-05-26,In Transit,FEDEX,Northeast,343.37,879.94,49,False,False,5.0,False,4.0,2026-04-27T23:39:17.576413
TRK000001863,2023-05-21,2023-05-22,2023-05-21,Delivered,FEDEX,Midwest,61.67,586.84,15,False,False,0.0,True,0.0,2026-04-27T23:39:17.576413
TRK000001938,2023-05-20,2023-05-23,2023-05-28,Delivered,DHL,Midwest,97.66,462.05,2,False,False,8.0,False,5.0,2026-04-27T23:39:17.576413
TRK000001163,2023-05-20,2023-05-21,2023-05-22,Delayed,FEDEX,Midwest,376.3,385.82,44,False,False,2.0,False,1.0,2026-04-27T23:39:17.576413
TRK000001955,2023-05-20,2023-05-22,2023-05-22,In Transit,FEDEX,Midwest,508.04,262.29,26,False,False,2.0,False,0.0,2026-04-27T23:39:17.576413
TRK000003861,2023-05-20,2023-05-26,2023-05-29,Delayed,UPS,West Coast,480.64,242.29,46,False,False,9.0,False,3.0,2026-04-27T23:39:17.576413
TRK000000284,2023-05-20,2023-05-23,2023-05-22,Delayed,DHL,Southwest,151.11,246.93,26,False,False,2.0,False,0.0,2026-04-27T23:39:17.576413
TRK000003749,2023-05-20,2023-05-21,2023-05-19,Delivered,DHL,Midwest,547.86,817.02,40,False,False,-1.0,True,0.0,2026-04-27T23:39:17.576413
TRK000001971,2023-05-20,2023-05-24,2023-05-27,In Transit,FEDEX,Midwest,563.49,151.79,43,False,False,7.0,False,3.0,2026-04-27T23:39:17.576413
TRK000002771,2023-05-20,2023-05-22,2023-05-20,In Transit,USPS,Southwest,433.45,651.44,46,False,False,0.0,False,0.0,2026-04-27T23:39:17.576413
TRK000000303,2023-05-19,2023-05-22,2023-05-23,Delayed,UPS,Southeast,16.67,644.46,6,False,False,4.0,False,1.0,2026-04-27T23:39:17.576413
TRK000003934,2023-05-19,2023-05-25,2023-05-26,Delayed,DHL,Midwest,17.65,469.87,25,False,False,7.0,False,1.0,2026-04-27T23:39:17.576413
TRK000001354,2023-05-19,2023-05-21,2023-05-26,Cancelled,FEDEX,Midwest,57.21,58.35,30,False,False,7.0,False,5.0,2026-04-27T23:39:17.576413
TRK000001864,2023-05-19,2023-05-20,2023-05-18,Delivered,FEDEX,Southeast,479.22,647.93,6,False,False,-1.0,True,0.0,2026-04-27T23:39:17.576413
TRK000002151,2023-05-19,2023-05-20,2023-05-21,In Transit,FEDEX,Southwest,146.79,397.88,22,False,False,2.0,False,1.0,2026-04-27T23:39:17.576413
TRK000002631,2023-05-19,2023-05-22,2023-05-27,Cancelled,FEDEX,Midwest,134.28,381.33,49,False,False,8.0,False,5.0,2026-04-27T23:39:17.576413
TRK000003963,2023-05-19,2023-05-25,2023-05-26,Delivered,UPS,West Coast,276.99,-253.36,50,True,False,7.0,False,1.0,2026-04-27T23:39:17.576413
TRK000000668,2023-05-19,2023-05-21,2023-05-21,Delayed,UPS,Southeast,239.65,187.93,31,False,False,2.0,False,0.0,2026-04-27T23:39:17.576413
TRK000000176,2023-05-19,2023-05-23,2023-05-21,In Transit,USPS,Midwest,351.78,678.71,11,False,False,2.0,False,0.0,2026-04-27T23:39:17.576413
TRK000000429,2023-05-18,2023-05-24,2023-05-28,Cancelled,XPO,Midwest,158.86,142.24,50,False,False,10.0,False,4.0,2026-04-27T23:39:17.576413
TRK000002556,2023-05-18,2023-05-24,2023-05-23,Cancelled,USPS,Midwest,176.75,749.91,21,False,False,5.0,False,0.0,2026-04-27T23:39:17.576413
TRK000002301,2023-05-18,2023-05-23,2023-05-21,In Transit,FEDEX,Northeast,594.03,481.8,32,False,False,3.0,False,0.0,2026-04-27T23:39:17.576413
TRK000003003,2023-05-18,2023-05-23,,Delivered,UPS,Southeast,419.56,598.93,26,False,False,,False,,2026-04-27T23:39:17.576413
API000461,2023-05-18,2023-05-21,,In Transit,DHL,West Coast,106.48,693.46,16,False,False,,False,,2026-04-27T23:39:17.576413
TRK000004355,2023-05-18,2023-05-22,2023-05-20,Delivered,FEDEX,Midwest,314.98,144.01,43,False,False,2.0,True,0.0,2026-04-27T23:39:17.576413
TRK000001378,2023-05-18,2023-05-22,2023-05-25,In Transit,FEDEX,Northeast,404.08,862.89,22,False,False,7.0,False,3.0,2026-04-27T23:39:17.576413
TRK000000740,2023-05-17,2023-05-23,2023-05-22,Delivered,USPS,Southwest,395.34,895.38,23,False,False,5.0,True,0.0,2026-04-27T23:39:17.576413
TRK000000064,2023-05-17,2023-05-22,2023-05-20,Delivered,UPS,Southwest,506.27,432.3,1,False,False,3.0,True,0.0,2026-04-27T23:39:17.576413
TRK000002369,2023-05-17,2023-05-24,2023-05-26,In Transit,FEDEX,West Coast,250.93,808.49,6,False,False,9.0,False,2.0,2026-04-27T23:39:17.576413
TRK000002260,2023-05-16,2023-05-20,2023-05-20,In Transit,UPS,Southeast,514.18,-740.02,19,True,False,4.0,False,0.0,2026-04-27T23:39:17.576413
TRK000000681,2023-05-16,2023-05-21,2023-05-22,Cancelled,FEDEX,Southwest,70.73,243.45,6,False,False,6.0,False,1.0,2026-04-27T23:39:17.576413
TRK000002557,2023-05-16,2023-05-17,2023-05-17,Delivered,UPS,Southeast,162.32,764.57,21,False,False,1.0,True,0.0,2026-04-27T23:39:17.576413
TRK000002644,2023-05-16,2023-05-20,2023-05-24,Delivered,FEDEX,West Coast,528.16,490.68,11,False,False,8.0,False,4.0,2026-04-27T23:39:17.576413
TRK000000341,2023-05-16,2023-05-17,,Cancelled,UPS,Southwest,194.16,324.25,49,False,False,,False,,2026-04-27T23:39:17.576413
TRK000004229,2023-05-16,2023-05-18,2023-05-23,Delivered,UPS,Northeast,269.79,882.52,13,False,False,7.0,False,5.0,2026-04-27T23:39:17.576413
TRK000004768,2023-05-16,2023-05-22,2023-05-20,Cancelled,UPS,Midwest,227.88,871.17,9,False,False,4.0,False,0.0,2026-04-27T23:39:17.576413
TRK000004063,2023-05-16,2023-05-23,2023-05-28,Delivered,UPS,Northeast,369.98,697.15,9,False,False,12.0,False,5.0,2026-04-27T23:39:17.576413
TRK000004582,2023-05-15,2023-05-21,2023-05-20,Delivered,DHL,Midwest,125.51,106.13,4,False,False,5.0,True,0.0,2026-04-27T23:39:17.576413
TRK000001534,2023-05-15,2023-05-19,,Delivered,UPS,Southwest,124.85,773.27,46,False,False,,False,,2026-04-27T23:39:17.576413
TRK000000134,2023-05-15,2023-05-19,,Delivered,UPS,Midwest,357.58,254.49,34,False,False,,False,,2026-04-27T23:39:17.576413
TRK000001613,2023-05-15,2023-05-17,2023-05-18,In Transit,USPS,West Coast,320.24,783.2,47,False,False,3.0,False,1.0,2026-04-27T23:39:17.576413
TRK000002953,2023-05-15,2023-05-19,2023-05-24,Delayed,XPO,Midwest,221.22,603.91,7,False,False,9.0,False,5.0,2026-04-27T23:39:17.576413
TRK000000531,2023-05-15,2023-05-17,2023-05-18,Delivered,XPO,Midwest,476.28,362.78,37,False,False,3.0,False,1.0,2026-04-27T23:39:17.576413
TRK000002975,2023-05-14,2023-05-16,2023-05-20,Delivered,USPS,Midwest,230.14,324.65,17,False,False,6.0,False,4.0,2026-04-27T23:39:17.576413
TRK000000585,2023-05-14,2023-05-19,2023-05-19,In Transit,FEDEX,Midwest,141.62,453.58,28,False,False,5.0,False,0.0,2026-04-27T23:39:17.576413
TRK000003772,2023-05-14,2023-05-15,2023-05-13,Cancelled,DHL,Southeast,324.66,92.8,33,False,False,-1.0,False,0.0,2026-04-27T23:39:17.576413
TRK000003095,2023-05-14,2023-05-20,2023-05-24,Delayed,XPO,Midwest,433.73,834.54,16,False,False,10.0,False,4.0,2026-04-27T23:39:17.576413
TRK000004879,2023-05-14,2023-05-17,2023-05-20,Cancelled,FEDEX,West Coast,275.27,769.22,49,False,False,6.0,False,3.0,2026-04-27T23:39:17.576413
TRK000000204,2023-05-14,2023-05-16,2023-05-18,Delayed,XPO,Midwest,482.93,768.84,23,False,False,4.0,False,2.0,2026-04-27T23:39:17.576413
API000165,2023-05-14,2023-05-15,2023-05-16,Delayed,UPS,Northeast,244.1,405.97,23,False,False,2.0,False,1.0,2026-04-27T23:39:17.576413
TRK000004546,2023-05-14,2023-05-19,,Cancelled,FEDEX,Midwest,264.54,335.15,30,False,False,,False,,2026-04-27T23:39:17.576413
TRK000000624,2023-05-14,2023-05-18,2023-05-16,Delivered,UPS,Midwest,599.72,586.6,48,False,False,2.0,True,0.0,2026-04-27T23:39:17.576413
API000478,2023-05-14,2023-05-16,2023-05-15,Delivered,DHL,Midwest,371.72,154.76,20,False,False,1.0,True,0.0,2026-04-27T23:39:17.576413
TRK000003338,2023-05-13,2023-05-15,2023-05-18,Delivered,USPS,Midwest,99.75,802.31,7,False,False,5.0,False,3.0,2026-04-27T23:39:17.576413
TRK000002191,2023-05-13,2023-05-16,2023-05-17,Cancelled,UPS,Southeast,32.07,469.82,18,False,False,4.0,False,1.0,2026-04-27T23:39:17.576413
TRK000000895,2023-05-13,2023-05-16,2023-05-20,In Transit,UPS,Southwest,63.48,488.64,24,False,False,7.0,False,4.0,2026-04-27T23:39:17.576413
TRK000002898,2023-05-13,2023-05-14,2023-05-17,Delayed,USPS,Midwest,237.04,273.15,12,False,False,4.0,False,3.0,2026-04-27T23:39:17.576413
TRK000003571,2023-05-13,2023-05-19,2023-05-19,Delivered,UPS,Southeast,114.46,687.9,35,False,False,6.0,True,0.0,2026-04-27T23:39:17.576413
TRK000003452,2023-05-12,2023-12-09,2023-12-14,Delivered,FEDEX,Southwest,450.18,544.43,22,False,False,216.0,False,5.0,2026-04-27T23:39:17.576413
TRK000002687,2023-05-12,2023-12-08,2023-07-12,In Transit,FEDEX,Midwest,547.08,630.68,37,False,False,61.0,False,0.0,2026-04-27T23:39:17.576413
TRK000001289,2023-05-12,2023-07-12,2023-12-08,In Transit,USPS,Southeast,356.0,196.98,44,False,False,210.0,False,149.0,2026-04-27T23:39:17.576413
TRK000004030,2023-05-12,2023-05-15,2023-05-18,Cancelled,FEDEX,Northeast,483.46,863.37,10,False,False,6.0,False,3.0,2026-04-27T23:39:17.576413
TRK000004532,2023-05-12,2023-05-15,2023-05-18,Delivered,XPO,Midwest,392.33,792.26,8,False,False,6.0,False,3.0,2026-04-27T23:39:17.576413
TRK000004744,2023-05-12,2023-05-15,2023-05-15,Delivered,UPS,Northeast,531.47,389.9,12,False,False,3.0,True,0.0,2026-04-27T23:39:17.576413
TRK000001107,2023-05-12,2023-05-19,2023-05-18,Delivered,FEDEX,Midwest,334.86,834.55,50,False,False,6.0,True,0.0,2026-04-27T23:39:17.576413
TRK000000395,2023-05-11,2023-05-14,2023-05-16,Delivered,UPS,Southeast,430.19,841.93,15,False,False,5.0,False,2.0,2026-04-27T23:39:17.576413
TRK000004112,2023-05-11,2023-05-13,2023-05-15,Delayed,XPO,Southwest,561.17,359.33,29,False,False,4.0,False,2.0,2026-04-27T23:39:17.576413
TRK000001484,2023-05-11,2023-05-12,2023-12-05,In Transit,FEDEX,Southwest,43.46,687.33,29,False,False,208.0,False,207.0,2026-04-27T23:39:17.576413
API000484,2023-05-11,2023-05-16,,Delivered,FEDEX,West Coast,212.1,143.64,16,False,False,,False,,2026-04-27T23:39:17.576413
TRK000002112,2023-05-11,2023-05-18,2023-05-17,Cancelled,USPS,Northeast,388.02,211.43,9,False,False,6.0,False,0.0,2026-04-27T23:39:17.576413
TRK000003094,2023-05-11,2023-05-18,2023-05-18,Delivered,XPO,Midwest,343.72,282.22,3,False,False,7.0,True,0.0,2026-04-27T23:39:17.576413
TRK000002694,2023-05-11,2023-05-16,2023-05-21,Delivered,UPS,Southwest,443.27,457.0,29,False,False,10.0,False,5.0,2026-04-27T23:39:17.576413
TRK000000863,2023-05-11,2023-08-11,2023-11-11,In Transit,UPS,Southeast,552.62,131.46,11,False,False,184.0,False,92.0,2026-04-27T23:39:17.576413
TRK000004697,2023-05-11,2023-05-16,2023-05-16,Delayed,UPS,Southeast,233.71,405.43,30,False,False,5.0,False,0.0,2026-04-27T23:39:17.576413
TRK000004118,2023-05-11,2023-05-15,2023-05-19,In Transit,XPO,Midwest,337.45,599.13,46,False,False,8.0,False,4.0,2026-04-27T23:39:17.576413
TRK000000089,2023-05-10,2023-05-17,2023-05-21,Delivered,XPO,Midwest,139.87,330.64,14,False,False,11.0,False,4.0,2026-04-27T23:39:17.576413
TRK000000010,2023-05-10,2023-10-12,2023-10-17,Delivered,USPS,Midwest,222.17,136.52,32,False,False,160.0,False,5.0,2026-04-27T23:39:17.576413
TRK000003770,2023-05-10,2023-05-17,2023-05-22,Delivered,FEDEX,Midwest,146.68,513.37,1,False,False,12.0,False,5.0,2026-04-27T23:39:17.576413
TRK000004669,2023-05-10,2023-09-10,2023-10-13,Delivered,XPO,Southwest,131.29,745.7,36,False,False,156.0,False,33.0,2026-04-27T23:39:17.576413
TRK000000967,2023-05-10,2023-05-16,2023-05-14,In Transit,XPO,Southeast,229.57,843.2,27,False,False,4.0,False,0.0,2026-04-27T23:39:17.576413
TRK000002588,2023-05-10,2023-10-11,2023-10-13,Delivered,XPO,Southeast,49.15,286.67,17,False,False,156.0,False,2.0,2026-04-27T23:39:17.576413
TRK000001148,2023-05-10,2023-05-14,2023-05-14,In Transit,FEDEX,Midwest,243.33,224.38,32,False,False,4.0,False,0.0,2026-04-27T23:39:17.576413
API000202,2023-05-09,2023-05-10,,Delivered,DHL,West Coast,140.59,123.44,23,False,False,,False,,2026-04-27T23:39:17.576413
TRK000001584,2023-05-09,2023-09-10,2023-09-14,Cancelled,XPO,Midwest,140.44,380.33,42,False,False,128.0,False,4.0,2026-04-27T23:39:17.576413
TRK000003333,2023-05-09,2023-05-15,,Delayed,XPO,Midwest,575.82,112.39,39,False,False,,False,,2026-04-27T23:39:17.576413
TRK000001903,2023-05-09,2023-05-14,2023-05-18,Delayed,FEDEX,Midwest,329.59,445.61,42,False,False,9.0,False,4.0,2026-04-27T23:39:17.576413
TRK000001283,2023-05-09,2023-05-16,2023-05-14,Cancelled,USPS,Southwest,16.61,193.5,12,False,False,5.0,False,0.0,2026-04-27T23:39:17.576413
API000234,2023-05-08,2023-05-09,2023-05-10,Delivered,DHL,Northeast,187.64,295.08,23,False,False,2.0,False,1.0,2026-04-27T23:39:17.576413
TRK000003745,2023-05-08,2023-05-15,2023-05-19,Delivered,FEDEX,Midwest,56.59,330.21,35,False,False,11.0,False,4.0,2026-04-27T23:39:17.576413
TRK000002408,2023-05-08,2023-05-15,2023-05-20,In Transit,UPS,Northeast,107.99,512.03,35,False,False,12.0,False,5.0,2026-04-27T23:39:17.576413
TRK000002711,2023-05-08,2023-12-05,2023-10-05,Delivered,USPS,West Coast,308.43,835.22,43,False,False,150.0,True,0.0,2026-04-27T23:39:17.576413
TRK000000050,2023-05-08,2023-10-08,2023-08-11,In Transit,UPS,Midwest,252.71,751.27,42,False,False,95.0,False,0.0,2026-04-27T23:39:17.576413
TRK000001404,2023-05-08,2023-05-09,2023-05-07,Cancelled,USPS,Midwest,62.37,165.06,41,False,False,-1.0,False,0.0,2026-04-27T23:39:17.576413
API000409,2023-05-07,2023-05-09,2023-05-10,In Transit,UPS,West Coast,173.27,657.95,16,False,False,3.0,False,1.0,2026-04-27T23:39:17.576413
TRK000001532,2023-05-07,2023-07-07,2023-07-08,Delayed,UPS,Northeast,465.31,781.51,6,False,False,62.0,False,1.0,2026-04-27T23:39:17.576413
TRK000000507,2023-05-07,2023-05-14,2023-05-17,Cancelled,XPO,Southeast,510.76,617.86,22,False,False,10.0,False,3.0,2026-04-27T23:39:17.576413
TRK000001142,2023-05-07,2023-07-09,,Cancelled,FEDEX,Midwest,458.58,487.56,42,False,False,,False,,2026-04-27T23:39:17.576413
TRK000002375,2023-05-07,2023-06-07,,Cancelled,FEDEX,Midwest,126.08,561.63,20,False,False,,False,,2026-04-27T23:39:17.576413
TRK000000237,2023-05-07,2023-07-07,,In Transit,UPS,Midwest,338.12,214.95,47,False,False,,False,,2026-04-27T23:39:17.576413
TRK000003271,2023-05-07,2023-05-09,2023-05-13,Cancelled,USPS,Midwest,472.89,196.53,14,False,False,6.0,False,4.0,2026-04-27T23:39:17.576413
TRK000004533,2023-05-06,2023-05-07,2023-11-05,Delivered,USPS,Midwest,552.34,728.82,48,False,False,183.0,False,182.0,2026-04-27T23:39:17.576413
TRK000001153,2023-05-06,2023-10-05,2023-05-13,Delayed,XPO,Midwest,568.01,785.18,16,False,False,7.0,False,0.0,2026-04-27T23:39:17.576413
TRK000004458,2023-05-06,2023-06-06,2023-06-04,Cancelled,XPO,Southwest,509.62,807.64,44,False,False,29.0,False,0.0,2026-04-27T23:39:17.576413
TRK000004896,2023-05-06,2023-05-10,2023-05-13,Delayed,USPS,Midwest,176.98,861.45,7,False,False,7.0,False,3.0,2026-04-27T23:39:17.576413
TRK000002464,2023-05-06,2023-08-05,2023-05-13,In Transit,XPO,Southwest,307.34,286.74,10,False,False,7.0,False,0.0,2026-04-27T23:39:17.576413
TRK000003961,2023-05-06,2023-05-13,2023-05-14,In Transit,FEDEX,Midwest,368.32,294.41,27,False,False,8.0,False,1.0,2026-04-27T23:39:17.576413
TRK000000330,2023-05-06,2023-12-05,2023-05-17,Cancelled,USPS,West Coast,260.65,724.97,50,False,False,11.0,False,0.0,2026-04-27T23:39:17.576413
TRK000001713,2023-05-06,2023-05-11,2023-05-11,Cancelled,FEDEX,Midwest,372.45,172.92,29,False,False,5.0,False,0.0,2026-04-27T23:39:17.576413
API000014,2023-05-06,2023-05-09,2023-05-13,Delayed,FEDEX,Midwest,153.49,538.95,15,False,False,7.0,False,4.0,2026-04-27T23:39:17.576413
API000213,2023-05-06,2023-05-10,2023-05-08,Delayed,UPS,Midwest,135.8,626.39,6,False,False,2.0,False,0.0,2026-04-27T23:39:17.576413
TRK000002567,2023-05-05,2023-05-09,2023-08-05,Delivered,FEDEX,Midwest,373.8,761.43,29,False,False,92.0,False,88.0,2026-04-27T23:39:17.576413
TRK000002334,2023-05-05,2023-12-05,2023-05-11,Cancelled,UPS,Midwest,4.26,324.08,29,False,False,6.0,False,0.0,2026-04-27T23:39:17.576413
TRK000000671,2023-05-05,2023-05-10,2023-05-08,Delivered,USPS,West Coast,519.76,599.32,12,False,False,3.0,True,0.0,2026-04-27T23:39:17.576413
TRK000003168,2023-05-05,2023-06-05,2023-05-07,In Transit,DHL,Midwest,593.56,357.45,43,False,False,2.0,False,0.0,2026-04-27T23:39:17.576413
TRK000002577,2023-05-05,2023-09-05,2023-05-08,Delayed,UPS,Northeast,526.39,419.36,15,False,False,3.0,False,0.0,2026-04-27T23:39:17.576413
TRK000001215,2023-05-05,2023-05-07,2023-05-06,Delivered,FEDEX,Midwest,261.85,83.2,19,False,False,1.0,True,0.0,2026-04-27T23:39:17.576413
TRK000000024,2023-05-05,2023-05-08,2023-05-08,In Transit,FEDEX,Midwest,379.74,8810.32,10,False,True,3.0,False,0.0,2026-04-27T23:39:17.576413
TRK000001574,2023-05-05,2023-05-11,2023-05-15,Cancelled,FEDEX,Midwest,105.84,748.55,24,False,False,10.0,False,4.0,2026-04-27T23:39:17.576413
TRK000003189,2023-05-05,2023-05-09,,In Transit,XPO,Midwest,580.39,754.78,13,False,False,,False,,2026-04-27T23:39:17.576413
TRK000003623,2023-05-04,2023-05-10,2023-05-08,Cancelled,XPO,Midwest,324.97,710.44,1,False,False,4.0,False,0.0,2026-04-27T23:39:17.576413
TRK000001010,2023-05-04,2023-05-11,2023-05-14,Delivered,FEDEX,Southwest,536.17,285.69,42,False,False,10.0,False,3.0,2026-04-27T23:39:17.576413
API000218,2023-05-04,2023-05-06,2023-05-07,Delayed,DHL,Midwest,94.86,195.48,24,False,False,3.0,False,1.0,2026-04-27T23:39:17.576413
TRK000003182,2023-05-04,2023-05-06,2023-05-06,Delivered,FEDEX,Midwest,104.07,837.4,7,False,False,2.0,True,0.0,2026-04-27T23:39:17.576413
TRK000003079,2023-05-04,2023-11-05,2023-10-05,In Transit,FEDEX,Midwest,215.56,721.42,42,False,False,154.0,False,0.0,2026-04-27T23:39:17.576413
API000195,2023-05-04,2023-05-09,2023-05-07,Delivered,UPS,Midwest,153.3,355.15,8,False,False,3.0,True,0.0,2026-04-27T23:39:17.576413
TRK000001680,2023-05-04,2023-05-07,,In Transit,FEDEX,Midwest,508.57,402.88,40,False,False,,False,,2026-04-27T23:39:17.576413
TRK000001462,2023-05-04,2023-05-10,2023-05-14,Delayed,XPO,West Coast,476.73,345.68,24,False,False,10.0,False,4.0,2026-04-27T23:39:17.576413
TRK000003438,2023-05-04,2023-05-06,2023-05-08,Delivered,DHL,Midwest,211.38,551.15,14,False,False,4.0,False,2.0,2026-04-27T23:39:17.576413
TRK000004251,2023-05-04,2023-05-11,,In Transit,UPS,Midwest,296.68,784.73,31,False,False,,False,,2026-04-27T23:39:17.576413
TRK000001112,2023-05-04,2023-05-10,,Delayed,XPO,Southwest,260.36,68.42,8,False,False,,False,,2026-04-27T23:39:17.576413
TRK000002435,2023-05-04,2023-05-05,2023-05-06,Delivered,FEDEX,Northeast,115.83,213.99,36,False,False,2.0,False,1.0,2026-04-27T23:39:17.576413
TRK000004436,2023-05-04,2023-04-10,2023-04-08,Cancelled,UPS,Southeast,5.46,630.03,8,False,False,-26.0,False,0.0,2026-04-27T23:39:17.576413
TRK000004677,2023-05-03,2023-05-08,2023-05-09,Delayed,FEDEX,Midwest,326.03,222.46,23,False,False,6.0,False,1.0,2026-04-27T23:39:17.576413
TRK000002924,2023-05-03,2023-05-09,2023-07-05,In Transit,FEDEX,Midwest,74.78,799.94,34,False,False,63.0,False,57.0,2026-04-27T23:39:17.576413
TRK000003316,2023-05-03,2023-05-06,,Delayed,UPS,Midwest,206.63,854.23,7,False,False,,False,,2026-04-27T23:39:17.576413
TRK000003268,2023-05-03,2023-05-08,2023-05-06,Delivered,UPS,Midwest,494.8,250.35,19,False,False,3.0,True,0.0,2026-04-27T23:39:17.576413
TRK000002670,2023-05-03,2023-05-08,2023-12-05,Cancelled,FEDEX,Southeast,320.55,657.57,37,False,False,216.0,False,211.0,2026-04-27T23:39:17.576413
TRK000003700,2023-05-03,2023-05-09,2023-05-08,Delivered,FEDEX,Midwest,275.67,56.79,40,False,False,5.0,True,0.0,2026-04-27T23:39:17.576413
TRK000003085,2023-05-03,2023-04-05,2023-04-05,Delayed,USPS,Midwest,561.77,369.56,41,False,False,-28.0,False,0.0,2026-04-27T23:39:17.576413
TRK000003712,2023-05-03,2023-07-03,2023-03-09,Delayed,FEDEX,Southwest,309.99,837.47,15,False,False,-55.0,False,0.0,2026-04-27T23:39:17.576413
TRK000001094,2023-05-02,2023-02-09,2023-02-14,Cancelled,DHL,Midwest,446.4,786.8,17,False,False,-77.0,False,5.0,2026-04-27T23:39:17.576413
TRK000003171,2023-05-02,2023-05-07,2023-05-07,In Transit,USPS,Northeast,110.63,235.05,20,False,False,5.0,False,0.0,2026-04-27T23:39:17.576413
TRK000002245,2023-05-02,2023-05-05,2023-10-05,Delayed,XPO,Midwest,124.9,240.09,33,False,False,156.0,False,153.0,2026-04-27T23:39:17.576413
TRK000003402,2023-05-02,2023-05-05,,In Transit,FEDEX,Southwest,560.91,123.65,46,False,False,,False,,2026-04-27T23:39:17.576413
TRK000000926,2023-05-02,2023-02-09,2023-02-14,Delivered,FEDEX,Midwest,397.84,271.77,37,False,False,-77.0,False,5.0,2026-04-27T23:39:17.576413
TRK000003632,2023-05-02,2023-08-02,2023-12-02,In Transit,UPS,West Coast,449.19,111.93,49,False,False,214.0,False,122.0,2026-04-27T23:39:17.576413
TRK000003721,2023-05-02,2023-05-06,2023-05-04,In Transit,UPS,Northeast,420.56,361.86,10,False,False,2.0,False,0.0,2026-04-27T23:39:17.576413
TRK000004047,2023-05-02,2023-05-05,2023-05-04,Delivered,UPS,Northeast,330.6,352.79,24,False,False,2.0,True,0.0,2026-04-27T23:39:17.576413
API000123,2023-05-01,2023-05-05,,In Transit,FEDEX,Northeast,387.71,686.08,7,False,False,,False,,2026-04-27T23:39:17.576413
TRK000004067,2023-05-01,2023-01-06,2023-01-09,Cancelled,DHL,Southwest,258.39,282.87,38,False,False,-112.0,False,3.0,2026-04-27T23:39:17.576413
TRK000000116,2023-05-01,2023-05-07,2023-05-10,Delivered,UPS,Southeast,456.14,641.8,12,False,False,9.0,False,3.0,2026-04-27T23:39:17.576413
TRK000002263,2023-05-01,2023-05-07,2023-10-05,Cancelled,FEDEX,Southeast,38.81,336.67,24,False,False,157.0,False,151.0,2026-04-27T23:39:17.576413
TRK000004163,2023-05-01,2023-05-02,,Cancelled,UPS,Midwest,361.05,547.94,5,False,False,,False,,2026-04-27T23:39:17.576413
TRK000004694,2023-05-01,2023-05-05,2023-08-05,In Transit,USPS,Southwest,299.52,562.27,23,False,False,96.0,False,92.0,2026-04-27T23:39:17.576413
TRK000003073,2023-05-01,2023-05-08,2023-05-11,In Transit,UPS,Midwest,199.35,604.38,11,False,False,10.0,False,3.0,2026-04-27T23:39:17.576413
TRK000004516,2023-05-01,2023-05-06,,Cancelled,FEDEX,Midwest,74.7,695.36,25,False,False,,False,,2026-04-27T23:39:17.576413
TRK000001414,2023-04-30,2023-05-01,2023-04-29,Delivered,FEDEX,West Coast,201.51,848.02,23,False,False,-1.0,True,0.0,2026-04-27T23:39:17.576413
TRK000000778,2023-04-30,2023-05-01,2023-04-30,Delivered,DHL,Midwest,204.54,466.95,38,False,False,0.0,True,0.0,2026-04-27T23:39:17.576413
TRK000001661,2023-04-30,2023-05-06,2023-10-05,Delivered,XPO,Midwest,322.88,206.22,39,False,False,158.0,False,152.0,2026-04-27T23:39:17.576413
TRK000001501,2023-04-30,2023-05-07,2023-05-06,Cancelled,FEDEX,West Coast,27.34,293.11,26,False,False,6.0,False,0.0,2026-04-27T23:39:17.576413
TRK000003893,2023-04-30,2023-05-02,2023-05-07,In Transit,USPS,West Coast,228.59,713.26,35,False,False,7.0,False,5.0,2026-04-27T23:39:17.576413
API000400,2023-04-29,2023-05-04,2023-04-30,Delayed,DHL,West Coast,325.97,223.55,21,False,False,1.0,False,0.0,2026-04-27T23:39:17.576413
TRK000001889,2023-04-29,2023-06-05,2023-05-10,Delayed,UPS,West Coast,201.28,349.54,41,False,False,11.0,False,0.0,2026-04-27T23:39:17.576413
TRK000004321,2023-04-29,2023-05-06,2023-10-05,Cancelled,FEDEX,Southwest,13.39,526.64,9,False,False,159.0,False,152.0,2026-04-27T23:39:17.576413
TRK000004312,2023-04-28,2023-05-02,,Cancelled,USPS,Midwest,387.67,52.5,19,False,False,,False,,2026-04-27T23:39:17.576413
API000220,2023-04-28,2023-05-01,2023-05-05,Delivered,FEDEX,West Coast,209.36,512.06,14,False,False,7.0,False,4.0,2026-04-27T23:39:17.576413
TRK000001417,2023-04-28,2023-05-05,2023-05-10,Cancelled,UPS,West Coast,235.91,524.05,21,False,False,12.0,False,5.0,2026-04-27T23:39:17.576413
TRK000003234,2023-04-28,2023-05-04,2023-05-09,Cancelled,FEDEX,Northeast,348.17,630.28,30,False,False,11.0,False,5.0,2026-04-27T23:39:17.576413
TRK000001644,2023-04-28,2023-01-05,,Cancelled,UPS,West Coast,405.38,445.1,16,False,False,,False,,2026-04-27T23:39:17.576413
TRK000002967,2023-04-28,2023-04-29,2023-04-28,Cancelled,FEDEX,Southeast,68.01,149.86,26,False,False,0.0,False,0.0,2026-04-27T23:39:17.576413
TRK000004085,2023-04-28,2023-05-03,2023-07-05,Delivered,UPS,West Coast,568.77,610.8,46,False,False,68.0,False,63.0,2026-04-27T23:39:17.576413
TRK000001209,2023-04-27,2023-05-02,2023-05-03,In Transit,DHL,Northeast,358.82,214.41,48,False,False,6.0,False,1.0,2026-04-27T23:39:17.576413
TRK000001173,2023-04-27,2023-05-01,2023-05-04,In Transit,XPO,Midwest,375.3,55.45,45,False,False,7.0,False,3.0,2026-04-27T23:39:17.576413
TRK000002353,2023-04-27,2023-05-03,2023-05-05,Cancelled,UPS,Midwest,144.62,238.07,34,False,False,8.0,False,2.0,2026-04-27T23:39:17.576413
TRK000003379,2023-04-27,2023-05-03,,In Transit,FEDEX,West Coast,547.8,737.65,39,False,False,,False,,2026-04-27T23:39:17.576413
TRK000001201,2023-04-27,2023-05-03,2023-05-08,Delayed,XPO,West Coast,57.42,844.79,35,False,False,11.0,False,5.0,2026-04-27T23:39:17.576413
TRK000002087,2023-04-26,2023-04-29,2023-05-03,Cancelled,UPS,West Coast,376.52,285.0,31,False,False,7.0,False,4.0,2026-04-27T23:39:17.576413
TRK000004472,2023-04-26,2023-04-29,2023-04-30,Delivered,DHL,West Coast,164.4,390.6,34,False,False,4.0,False,1.0,2026-04-27T23:39:17.576413
TRK000003991,2023-04-26,2023-05-03,2023-05-07,In Transit,FEDEX,Midwest,553.42,780.05,4,False,False,11.0,False,4.0,2026-04-27T23:39:17.576413
TRK000002287,2023-04-26,2023-04-29,,Delivered,UPS,Midwest,537.38,287.45,32,False,False,,False,,2026-04-27T23:39:17.576413
API000101,2023-04-26,2023-05-01,2023-04-29,Delivered,DHL,Northeast,32.92,202.39,5,False,False,3.0,True,0.0,2026-04-27T23:39:17.576413
API000261,2023-04-26,2023-05-01,2023-04-29,Delayed,FEDEX,West Coast,29.21,417.51,10,False,False,3.0,False,0.0,2026-04-27T23:39:17.576413
TRK000004999,2023-04-26,2023-04-27,2023-04-28,Cancelled,UPS,Northeast,391.77,71.16,29,False,False,2.0,False,1.0,2026-04-27T23:39:17.576413
TRK000002826,2023-04-25,2023-05-01,2023-01-05,Delivered,UPS,West Coast,151.12,299.17,27,False,False,-110.0,True,0.0,2026-04-27T23:39:17.576413
TRK000004130,2023-04-25,2023-05-02,,In Transit,USPS,Southeast,462.06,874.94,10,False,False,,False,,2026-04-27T23:39:17.576413
TRK000002681,2023-04-25,2023-01-05,2023-05-06,Delayed,XPO,Northeast,475.88,250.05,36,False,False,11.0,False,121.0,2026-04-27T23:39:17.576413
API000067,2023-04-25,2023-04-30,2023-04-29,In Transit,DHL,Northeast,117.1,385.5,27,False,False,4.0,False,0.0,2026-04-27T23:39:17.576413
TRK000003637,2023-04-25,2023-04-30,2023-04-30,Delivered,UPS,Midwest,193.69,873.8,18,False,False,5.0,True,0.0,2026-04-27T23:39:17.576413
API000363,2023-04-25,2023-04-30,2023-04-26,Delivered,UPS,Midwest,308.21,669.77,26,False,False,1.0,True,0.0,2026-04-27T23:39:17.576413
TRK000002776,2023-04-25,2023-04-27,2023-04-27,In Transit,XPO,Southeast,536.73,69.49,31,False,False,2.0,False,0.0,2026-04-27T23:39:17.576413
TRK000000034,2023-04-25,2023-04-26,2023-01-05,In Transit,FEDEX,Midwest,475.1,420.91,50,False,False,-110.0,False,0.0,2026-04-27T23:39:17.576413
TRK000000977,2023-04-25,2023-04-29,2023-04-27,Delivered,FEDEX,Southwest,200.39,234.88,43,False,False,2.0,True,0.0,2026-04-27T23:39:17.576413
TRK000000130,2023-04-24,2023-04-25,2023-04-29,In Transit,XPO,Midwest,225.54,299.41,39,False,False,5.0,False,4.0,2026-04-27T23:39:17.576413
TRK000004605,2023-04-24,2023-04-29,2023-04-28,Delivered,UPS,Midwest,472.12,7568.35,9,False,True,4.0,True,0.0,2026-04-27T23:39:17.576413
TRK000001305,2023-04-24,2023-04-28,2023-04-30,Delayed,DHL,West Coast,523.79,157.42,22,False,False,6.0,False,2.0,2026-04-27T23:39:17.576413
TRK000001033,2023-04-24,2023-04-25,2023-04-29,Delivered,USPS,Southwest,516.3,392.02,38,False,False,5.0,False,4.0,2026-04-27T23:39:17.576413
TRK000003399,2023-04-24,2023-04-30,2023-04-30,In Transit,FEDEX,Midwest,405.13,172.77,43,False,False,6.0,False,0.0,2026-04-27T23:39:17.576413
TRK000000715,2023-04-24,2023-04-25,2023-04-25,Cancelled,DHL,Northeast,392.03,374.55,6,False,False,1.0,False,0.0,2026-04-27T23:39:17.576413
TRK000003766,2023-04-24,2023-04-30,2023-05-02,In Transit,FEDEX,Southwest,323.87,729.37,8,False,False,8.0,False,2.0,2026-04-27T23:39:17.576413
TRK000003443,2023-04-24,2023-05-01,2023-05-01,In Transit,FEDEX,Southwest,9.62,171.94,22,False,False,7.0,False,0.0,2026-04-27T23:39:17.576413
TRK000003032,2023-04-24,2023-04-28,2023-04-27,In Transit,FEDEX,Southwest,477.47,141.02,27,False,False,3.0,False,0.0,2026-04-27T23:39:17.576413
TRK000000883,2023-04-23,2023-04-29,2023-04-30,Delayed,XPO,Midwest,292.61,225.61,19,False,False,7.0,False,1.0,2026-04-27T23:39:17.576413
TRK000004207,2023-04-23,2023-04-25,2023-04-30,Cancelled,FEDEX,Northeast,89.21,273.63,47,False,False,7.0,False,5.0,2026-04-27T23:39:17.576413
TRK000004462,2023-04-23,2023-04-27,,Cancelled,DHL,Midwest,257.38,731.92,18,False,False,,False,,2026-04-27T23:39:17.576413
TRK000004092,2023-04-22,2023-04-23,2023-04-25,Delivered,FEDEX,West Coast,589.96,622.55,46,False,False,3.0,False,2.0,2026-04-27T23:39:17.576413
TRK000004195,2023-04-22,2023-04-25,2023-04-26,Cancelled,FEDEX,Midwest,456.03,721.31,9,False,False,4.0,False,1.0,2026-04-27T23:39:17.576413
TRK000001013,2023-04-22,2023-04-29,2023-04-30,Delayed,XPO,West Coast,506.64,756.82,1,False,False,8.0,False,1.0,2026-04-27T23:39:17.576413
TRK000000697,2023-04-22,2023-04-26,2023-04-29,Delayed,UPS,Southeast,109.45,244.57,49,False,False,7.0,False,3.0,2026-04-27T23:39:17.576413
TRK000004639,2023-04-22,2023-04-23,2023-04-24,Delivered,DHL,Northeast,277.19,181.79,39,False,False,2.0,False,1.0,2026-04-27T23:39:17.576413
TRK000002117,2023-04-22,2023-04-27,2023-04-30,Delayed,FEDEX,Midwest,1.78,70.3,24,False,False,8.0,False,3.0,2026-04-27T23:39:17.576413
TRK000000063,2023-04-22,2023-04-26,2023-04-29,In Transit,FEDEX,Midwest,71.65,747.82,32,False,False,7.0,False,3.0,2026-04-27T23:39:17.576413
TRK000000797,2023-04-21,2023-04-23,2023-04-23,Cancelled,UPS,Southeast,545.06,886.14,2,False,False,2.0,False,0.0,2026-04-27T23:39:17.576413
TRK000003244,2023-04-21,2023-04-28,2023-05-02,Cancelled,FEDEX,Midwest,186.94,625.63,19,False,False,11.0,False,4.0,2026-04-27T23:39:17.576413
TRK000001506,2023-04-21,2023-04-24,2023-04-29,In Transit,DHL,Midwest,312.81,270.06,39,False,False,8.0,False,5.0,2026-04-27T23:39:17.576413
TRK000001617,2023-04-21,2023-04-25,2023-04-24,Delayed,DHL,Midwest,247.38,144.08,5,False,False,3.0,False,0.0,2026-04-27T23:39:17.576413
TRK000001161,2023-04-21,2023-04-24,2023-04-28,Delivered,FEDEX,Southeast,195.29,353.52,27,False,False,7.0,False,4.0,2026-04-27T23:39:17.576413
TRK000004222,2023-04-21,2023-04-27,2023-02-05,Delivered,FEDEX,Southwest,30.87,706.38,8,False,False,-75.0,True,0.0,2026-04-27T23:39:17.576413
TRK000004824,2023-04-21,2023-04-24,2023-04-25,In Transit,FEDEX,West Coast,528.02,406.18,29,False,False,4.0,False,1.0,2026-04-27T23:39:17.576413
TRK000001652,2023-04-21,2023-04-26,2023-04-26,Delivered,FEDEX,West Coast,571.82,653.54,25,False,False,5.0,True,0.0,2026-04-27T23:39:17.576413
TRK000001804,2023-04-21,2023-04-24,2023-04-27,In Transit,FEDEX,Midwest,81.9,77.89,50,False,False,6.0,False,3.0,2026-04-27T23:39:17.576413
TRK000000815,2023-04-21,2023-04-25,2023-04-25,In Transit,FEDEX,Southwest,203.43,113.37,5,False,False,4.0,False,0.0,2026-04-27T23:39:17.576413
TRK000004014,2023-04-20,2023-04-24,,Delayed,XPO,West Coast,170.75,774.51,48,False,False,,False,,2026-04-27T23:39:17.576413
TRK000002490,2023-04-20,2023-04-24,2023-04-25,Delayed,XPO,Midwest,450.27,773.07,16,False,False,5.0,False,1.0,2026-04-27T23:39:17.576413
TRK000003065,2023-04-20,2023-04-22,,Delivered,FEDEX,Midwest,545.44,367.38,5,False,False,,False,,2026-04-27T23:39:17.576413
TRK000003858,2023-04-20,2023-04-23,2023-04-27,Delivered,XPO,Southwest,289.92,868.9,42,False,False,7.0,False,4.0,2026-04-27T23:39:17.576413
TRK000001581,2023-04-20,2023-04-22,2023-04-25,Delayed,FEDEX,Southeast,539.3,884.42,32,False,False,5.0,False,3.0,2026-04-27T23:39:17.576413
TRK000000111,2023-04-20,2023-04-26,,In Transit,FEDEX,West Coast,408.08,156.14,33,False,False,,False,,2026-04-27T23:39:17.576413
TRK000000969,2023-04-20,2023-04-25,,In Transit,FEDEX,Midwest,530.14,405.87,4,False,False,,False,,2026-04-27T23:39:17.576413
TRK000004784,2023-04-19,2023-04-22,2023-04-27,Delivered,UPS,Midwest,512.15,568.88,42,False,False,8.0,False,5.0,2026-04-27T23:39:17.576413
TRK000000721,2023-04-18,2023-04-21,2023-04-24,Delivered,USPS,Northeast,568.15,597.93,4,False,False,6.0,False,3.0,2026-04-27T23:39:17.576413
TRK000003319,2023-04-18,2023-04-25,2023-04-26,Delayed,DHL,West Coast,262.27,662.09,11,False,False,8.0,False,1.0,2026-04-27T23:39:17.576413
TRK000004150,2023-04-18,2023-04-22,2023-04-26,Delivered,UPS,Midwest,59.62,441.01,46,False,False,8.0,False,4.0,2026-04-27T23:39:17.576413
TRK000004018,2023-04-18,2023-04-19,2023-04-24,Delayed,XPO,Northeast,419.48,311.28,45,False,False,6.0,False,5.0,2026-04-27T23:39:17.576413
TRK000001744,2023-04-18,2023-04-21,2023-04-25,Delivered,FEDEX,Midwest,29.75,242.39,20,False,False,7.0,False,4.0,2026-04-27T23:39:17.576413
TRK000004753,2023-04-18,2023-04-24,2023-04-27,In Transit,FEDEX,Midwest,419.56,58.85,32,False,False,9.0,False,3.0,2026-04-27T23:39:17.576413
TRK000004843,2023-04-18,2023-04-25,2023-04-24,In Transit,FEDEX,West Coast,353.68,271.24,11,False,False,6.0,False,0.0,2026-04-27T23:39:17.576413
TRK000000147,2023-04-18,2023-04-20,2023-04-18,Cancelled,FEDEX,Midwest,176.87,152.81,13,False,False,0.0,False,0.0,2026-04-27T23:39:17.576413
TRK000002813,2023-04-18,2023-04-21,2023-04-24,In Transit,UPS,Midwest,200.4,402.11,46,False,False,6.0,False,3.0,2026-04-27T23:39:17.576413
TRK000001304,2023-04-18,2023-04-25,2023-04-30,Cancelled,UPS,Southwest,532.88,476.16,45,False,False,12.0,False,5.0,2026-04-27T23:39:17.576413
TRK000001737,2023-04-17,2023-04-22,2023-04-26,Delivered,XPO,Southwest,67.52,591.27,45,False,False,9.0,False,4.0,2026-04-27T23:39:17.576413
TRK000001218,2023-04-17,2023-04-21,2023-04-24,In Transit,DHL,Midwest,104.8,646.51,13,False,False,7.0,False,3.0,2026-04-27T23:39:17.576413
TRK000002444,2023-04-17,2023-04-20,2023-04-24,Delivered,UPS,West Coast,448.96,310.01,37,False,False,7.0,False,4.0,2026-04-27T23:39:17.576413
TRK000003034,2023-04-17,2023-04-21,2023-04-20,Cancelled,XPO,Southwest,69.59,588.5,31,False,False,3.0,False,0.0,2026-04-27T23:39:17.576413
TRK000001434,2023-04-17,2023-04-24,2023-04-25,In Transit,XPO,West Coast,209.23,793.69,16,False,False,8.0,False,1.0,2026-04-27T23:39:17.576413
TRK000000052,2023-04-17,2023-04-22,,In Transit,DHL,Southeast,439.38,844.33,24,False,False,,False,,2026-04-27T23:39:17.576413
TRK000004651,2023-04-16,2023-04-23,2023-04-22,Delivered,USPS,Southwest,140.58,551.45,29,False,False,6.0,True,0.0,2026-04-27T23:39:17.576413
TRK000004663,2023-04-16,2023-04-19,2023-04-23,Delivered,USPS,Southeast,69.53,322.33,33,False,False,7.0,False,4.0,2026-04-27T23:39:17.576413
API000160,2023-04-16,2023-04-20,2023-04-20,Delayed,UPS,Midwest,361.15,452.8,19,False,False,4.0,False,0.0,2026-04-27T23:39:17.576413
TRK000002465,2023-04-16,2023-04-20,2023-04-24,Cancelled,FEDEX,Northeast,418.92,235.23,8,False,False,8.0,False,4.0,2026-04-27T23:39:17.576413
TRK000001696,2023-04-15,2023-04-17,,Delivered,UPS,Southwest,348.71,656.21,14,False,False,,False,,2026-04-27T23:39:17.576413
TRK000003814,2023-04-15,2023-04-17,2023-04-18,Delivered,FEDEX,Southwest,209.58,756.84,45,False,False,3.0,False,1.0,2026-04-27T23:39:17.576413
TRK000003639,2023-04-15,2023-04-16,2023-04-17,Delivered,FEDEX,Midwest,123.44,659.84,29,False,False,2.0,False,1.0,2026-04-27T23:39:17.576413
TRK000004880,2023-04-15,2023-04-19,2023-04-21,In Transit,FEDEX,Midwest,115.22,639.77,34,False,False,6.0,False,2.0,2026-04-27T23:39:17.576413
TRK000002205,2023-04-15,2023-04-17,2023-04-15,Delayed,USPS,Midwest,581.98,52.83,32,False,False,0.0,False,0.0,2026-04-27T23:39:17.576413
API000441,2023-04-15,2023-04-19,,Delayed,UPS,Northeast,286.69,584.74,14,False,False,,False,,2026-04-27T23:39:17.576413
TRK000000649,2023-04-15,2023-04-18,2023-04-16,Delivered,USPS,Midwest,378.72,780.79,25,False,False,1.0,True,0.0,2026-04-27T23:39:17.576413
TRK000002317,2023-04-15,2023-04-18,2023-04-23,Delayed,FEDEX,Midwest,32.51,806.21,47,False,False,8.0,False,5.0,2026-04-27T23:39:17.576413
TRK000002209,2023-04-15,2023-04-20,2023-04-25,Delayed,DHL,West Coast,183.09,9960.27,11,False,True,10.0,False,5.0,2026-04-27T23:39:17.576413
TRK000000009,2023-04-15,2023-04-22,2023-04-27,Cancelled,USPS,Northeast,322.56,322.95,29,False,False,12.0,False,5.0,2026-04-27T23:39:17.576413
TRK000003255,2023-04-14,2023-04-16,2023-04-20,Delayed,XPO,Midwest,116.19,-113.72,17,True,False,6.0,False,4.0,2026-04-27T23:39:17.576413
TRK000002400,2023-04-14,2023-04-21,2023-04-20,In Transit,XPO,Southeast,559.67,86.31,34,False,False,6.0,False,0.0,2026-04-27T23:39:17.576413
TRK000003630,2023-04-14,2023-04-21,2023-04-26,Delayed,UPS,Midwest,515.82,308.1,33,False,False,12.0,False,5.0,2026-04-27T23:39:17.576413
TRK000003900,2023-04-14,2023-04-16,2023-04-16,Delivered,FEDEX,Midwest,516.09,359.07,44,False,False,2.0,True,0.0,2026-04-27T23:39:17.576413
TRK000002240,2023-04-14,2023-04-19,2023-04-23,Delivered,FEDEX,Southwest,240.55,296.2,13,False,False,9.0,False,4.0,2026-04-27T23:39:17.576413
API000482,2023-04-14,2023-04-18,2023-04-22,Delayed,DHL,Northeast,212.12,131.4,1,False,False,8.0,False,4.0,2026-04-27T23:39:17.576413
TRK000002524,2023-04-13,2023-04-19,2023-04-24,In Transit,FEDEX,Southeast,295.31,255.47,22,False,False,11.0,False,5.0,2026-04-27T23:39:17.576413
TRK000001467,2023-04-13,2023-04-19,2023-04-20,Delayed,UPS,Southwest,573.08,655.15,31,False,False,7.0,False,1.0,2026-04-27T23:39:17.576413
TRK000004835,2023-04-13,2023-04-17,2023-04-15,Delivered,UPS,Southeast,125.5,160.25,18,False,False,2.0,True,0.0,2026-04-27T23:39:17.576413
TRK000000104,2023-04-13,2023-04-17,2023-04-21,Delivered,DHL,Midwest,449.69,896.54,39,False,False,8.0,False,4.0,2026-04-27T23:39:17.576413
TRK000004306,2023-04-13,2023-04-15,2023-04-17,Delivered,FEDEX,Northeast,58.08,643.39,31,False,False,4.0,False,2.0,2026-04-27T23:39:17.576413
TRK000004626,2023-04-13,2023-04-16,2023-04-18,Delivered,XPO,Southeast,438.05,761.05,21,False,False,5.0,False,2.0,2026-04-27T23:39:17.576413
TRK000004301,2023-04-13,2023-04-16,2023-04-17,In Transit,DHL,Midwest,194.66,730.31,20,False,False,4.0,False,1.0,2026-04-27T23:39:17.576413
TRK000003675,2023-04-13,2023-04-17,2023-04-21,Delayed,FEDEX,Northeast,380.67,130.54,26,False,False,8.0,False,4.0,2026-04-27T23:39:17.576413
TRK000003358,2023-04-13,2023-04-15,2023-04-17,Delayed,FEDEX,Southwest,442.5,719.95,45,False,False,4.0,False,2.0,2026-04-27T23:39:17.576413
TRK000004241,2023-04-13,2023-04-15,2023-04-17,In Transit,FEDEX,Northeast,444.35,648.28,2,False,False,4.0,False,2.0,2026-04-27T23:39:17.576413
TRK000000041,2023-04-13,2023-04-17,,Cancelled,FEDEX,Northeast,331.78,169.61,12,False,False,,False,,2026-04-27T23:39:17.576413
API000307,2023-04-12,2023-04-13,2023-04-18,Delivered,UPS,Northeast,55.63,695.83,6,False,False,6.0,False,5.0,2026-04-27T23:39:17.576413
TRK000000941,2023-04-12,2023-12-06,2023-08-12,Cancelled,FEDEX,Midwest,372.29,317.46,41,False,False,122.0,False,0.0,2026-04-27T23:39:17.576413
TRK000000170,2023-04-12,2023-04-17,2023-04-22,In Transit,FEDEX,Southwest,148.49,710.33,34,False,False,10.0,False,5.0,2026-04-27T23:39:17.576413
TRK000003011,2023-04-12,2023-04-18,2023-04-22,Delayed,FEDEX,Southwest,590.96,387.9,1,False,False,10.0,False,4.0,2026-04-27T23:39:17.576413
TRK000003227,2023-04-12,2023-04-17,2023-04-21,Cancelled,UPS,Southeast,60.01,88.75,42,False,False,9.0,False,4.0,2026-04-27T23:39:17.576413
TRK000001080,2023-04-12,2023-04-13,2023-04-11,Delivered,XPO,West Coast,263.12,773.65,30,False,False,-1.0,True,0.0,2026-04-27T23:39:17.576413
TRK000002777,2023-04-12,2023-04-15,2023-04-13,Delayed,USPS,Midwest,87.53,59.07,7,False,False,1.0,False,0.0,2026-04-27T23:39:17.576413
TRK000004856,2023-04-11,2023-04-16,2023-04-14,In Transit,UPS,Northeast,504.39,896.9,30,False,False,3.0,False,0.0,2026-04-27T23:39:17.576413
TRK000000328,2023-04-11,2023-04-18,2023-04-18,Cancelled,FEDEX,Southeast,454.05,829.93,46,False,False,7.0,False,0.0,2026-04-27T23:39:17.576413
TRK000004431,2023-04-11,2023-04-12,2023-04-13,Delivered,DHL,Southwest,425.49,291.77,24,False,False,2.0,False,1.0,2026-04-27T23:39:17.576413
TRK000003099,2023-04-11,2023-04-16,,Delayed,UPS,Midwest,276.99,871.72,34,False,False,,False,,2026-04-27T23:39:17.576413
TRK000000694,2023-04-11,2023-04-17,2023-04-19,Delivered,USPS,Southwest,47.33,530.83,34,False,False,8.0,False,2.0,2026-04-27T23:39:17.576413
TRK000004976,2023-04-10,2023-11-04,2023-04-11,Delayed,UPS,Midwest,439.66,510.45,1,False,False,1.0,False,0.0,2026-04-27T23:39:17.576413
TRK000004591,2023-04-10,2023-04-16,2023-04-21,In Transit,FEDEX,West Coast,129.67,546.0,22,False,False,11.0,False,5.0,2026-04-27T23:39:17.576413
TRK000003154,2023-04-10,2023-04-17,,Delayed,FEDEX,Southeast,97.72,701.37,18,False,False,,False,,2026-04-27T23:39:17.576413
TRK000000910,2023-04-10,2023-10-06,2023-10-11,Delayed,FEDEX,Northeast,538.8,885.94,50,False,False,184.0,False,5.0,2026-04-27T23:39:17.576413
TRK000003939,2023-04-10,2023-04-14,2023-04-16,Cancelled,FEDEX,Midwest,155.46,92.67,8,False,False,6.0,False,2.0,2026-04-27T23:39:17.576413
TRK000001922,2023-04-10,2023-04-11,2023-11-04,In Transit,USPS,Midwest,494.7,768.22,18,False,False,208.0,False,207.0,2026-04-27T23:39:17.576413
TRK000000440,2023-04-10,2023-10-06,,Delivered,XPO,Northeast,184.26,348.77,35,False,False,,False,,2026-04-27T23:39:17.576413
TRK000000586,2023-04-10,2023-10-11,2023-10-16,In Transit,UPS,Midwest,483.96,447.02,20,False,False,189.0,False,5.0,2026-04-27T23:39:17.576413
TRK000002171,2023-04-10,2023-10-06,2023-04-10,In Transit,FEDEX,Midwest,385.8,6853.69,50,False,True,0.0,False,0.0,2026-04-27T23:39:17.576413
TRK000001664,2023-04-10,2023-04-16,2023-04-14,Delayed,DHL,Midwest,564.49,480.91,29,False,False,4.0,False,0.0,2026-04-27T23:39:17.576413
TRK000003359,2023-04-10,2023-10-08,2023-10-09,In Transit,DHL,Northeast,504.19,590.23,13,False,False,182.0,False,1.0,2026-04-27T23:39:17.576413
TRK000004573,2023-04-10,2023-04-11,2023-04-14,Cancelled,UPS,Southeast,69.47,636.8,23,False,False,4.0,False,3.0,2026-04-27T23:39:17.576413
TRK000003650,2023-04-09,2023-04-10,2023-04-13,In Transit,UPS,Southeast,502.04,745.4,46,False,False,4.0,False,3.0,2026-04-27T23:39:17.576413
API000079,2023-04-09,2023-04-11,2023-04-17,In Transit,UPS,Northeast,148.01,467.62,17,False,False,8.0,False,6.0,2026-04-27T23:39:17.576413
TRK000000663,2023-04-09,2023-04-13,2023-04-12,In Transit,FEDEX,Northeast,526.27,224.6,46,False,False,3.0,False,0.0,2026-04-27T23:39:17.576413
TRK000001490,2023-04-09,2023-09-10,2023-09-08,Delivered,DHL,Midwest,467.61,70.85,1,False,False,152.0,True,0.0,2026-04-27T23:39:17.576413
TRK000000650,2023-04-09,2023-04-12,2023-04-10,In Transit,FEDEX,Southwest,535.81,393.16,14,False,False,1.0,False,0.0,2026-04-27T23:39:17.576413
TRK000004996,2023-04-09,2023-04-16,2023-04-18,In Transit,USPS,Southwest,385.52,424.71,35,False,False,9.0,False,2.0,2026-04-27T23:39:17.576413
TRK000004389,2023-04-09,2023-09-09,2023-09-14,Cancelled,DHL,Midwest,523.85,879.9,43,False,False,158.0,False,5.0,2026-04-27T23:39:17.576413
TRK000002302,2023-04-09,2023-07-09,2023-09-10,Delivered,DHL,Midwest,368.14,808.55,37,False,False,154.0,False,63.0,2026-04-27T23:39:17.576413
TRK000002451,2023-04-09,2023-09-09,2023-09-13,Delivered,XPO,Southeast,314.28,284.61,34,False,False,157.0,False,4.0,2026-04-27T23:39:17.576413
TRK000000890,2023-04-09,2023-10-09,,Cancelled,XPO,Midwest,405.64,13303.66,46,False,True,,False,,2026-04-27T23:39:17.576413
TRK000001533,2023-04-09,2023-09-10,2023-09-13,Delayed,UPS,West Coast,480.68,489.86,28,False,False,157.0,False,3.0,2026-04-27T23:39:17.576413
TRK000000625,2023-04-09,2023-04-15,,Delivered,UPS,Midwest,392.61,525.45,46,False,False,,False,,2026-04-27T23:39:17.576413
TRK000003077,2023-04-09,2023-04-11,2023-04-14,Delivered,FEDEX,West Coast,16.83,478.24,50,False,False,5.0,False,3.0,2026-04-27T23:39:17.576413
TRK000004478,2023-04-09,2023-04-13,2023-04-12,Cancelled,FEDEX,Southwest,427.96,770.51,44,False,False,3.0,False,0.0,2026-04-27T23:39:17.576413
TRK000001633,2023-04-08,2023-07-08,,Delivered,FEDEX,Midwest,267.36,595.73,29,False,False,,False,,2026-04-27T23:39:17.576413
TRK000001027,2023-04-08,2023-04-11,2023-04-10,In Transit,FEDEX,West Coast,162.81,372.66,47,False,False,2.0,False,0.0,2026-04-27T23:39:17.576413
TRK000002227,2023-04-08,2023-04-13,2023-04-16,Delivered,USPS,Midwest,534.43,362.85,23,False,False,8.0,False,3.0,2026-04-27T23:39:17.576413
TRK000004369,2023-04-08,2023-04-10,2023-04-11,Delayed,XPO,Southeast,43.83,148.0,2,False,False,3.0,False,1.0,2026-04-27T23:39:17.576413
TRK000000731,2023-04-08,2023-04-13,2023-04-16,In Transit,FEDEX,Southeast,56.17,476.74,5,False,False,8.0,False,3.0,2026-04-27T23:39:17.576413
API000398,2023-04-08,2023-04-13,2023-04-11,Delivered,DHL,Midwest,341.25,121.48,4,False,False,3.0,True,0.0,2026-04-27T23:39:17.576413
TRK000001180,2023-04-08,2023-08-09,,In Transit,UPS,Southwest,176.41,130.11,28,False,False,,False,,2026-04-27T23:39:17.576413
TRK000002764,2023-04-07,2023-06-07,2023-07-07,Delivered,FEDEX,Midwest,522.65,538.2,27,False,False,91.0,False,30.0,2026-04-27T23:39:17.576413
TRK000003527,2023-04-07,2023-04-09,2023-10-04,Delivered,DHL,Midwest,400.22,484.86,50,False,False,180.0,False,178.0,2026-04-27T23:39:17.576413
TRK000003582,2023-04-07,2023-09-04,2023-12-04,Delayed,FEDEX,Midwest,217.45,798.43,5,False,False,241.0,False,91.0,2026-04-27T23:39:17.576413
TRK000003417,2023-04-07,2023-04-13,2023-04-17,Delivered,XPO,Northeast,362.02,172.61,13,False,False,10.0,False,4.0,2026-04-27T23:39:17.576413
TRK000003132,2023-04-07,2023-07-07,2023-06-07,Delivered,FEDEX,Southwest,210.82,51.5,8,False,False,61.0,True,0.0,2026-04-27T23:39:17.576413
TRK000001710,2023-04-06,2023-04-08,2023-04-09,In Transit,UPS,Midwest,550.42,788.14,34,False,False,3.0,False,1.0,2026-04-27T23:39:17.576413
TRK000004298,2023-04-06,2023-07-04,2023-09-04,Delivered,FEDEX,West Coast,14.56,514.32,11,False,False,151.0,False,62.0,2026-04-27T23:39:17.576413
TRK000004657,2023-04-06,2023-04-07,2023-04-06,Delayed,FEDEX,Midwest,492.51,766.23,6,False,False,0.0,False,0.0,2026-04-27T23:39:17.576413
TRK000001391,2023-04-06,2023-06-11,2023-09-06,Delayed,USPS,West Coast,255.04,606.09,41,False,False,153.0,False,87.0,2026-04-27T23:39:17.576413
TRK000001139,2023-04-06,2023-11-04,2023-04-10,Delivered,UPS,Midwest,378.92,581.35,10,False,False,4.0,True,0.0,2026-04-27T23:39:17.576413
TRK000001242,2023-04-06,2023-04-08,2023-04-10,In Transit,UPS,Midwest,155.08,50.79,20,False,False,4.0,False,2.0,2026-04-27T23:39:17.576413
TRK000003043,2023-04-06,2023-04-11,2023-04-14,Cancelled,USPS,Southwest,122.59,526.16,45,False,False,8.0,False,3.0,2026-04-27T23:39:17.576413
API000077,2023-04-06,2023-04-08,2023-04-09,Delivered,DHL,Northeast,67.91,407.75,21,False,False,3.0,False,1.0,2026-04-27T23:39:17.576413
TRK000001715,2023-04-05,2023-07-04,2023-04-10,In Transit,DHL,Northeast,360.61,706.27,38,False,False,5.0,False,0.0,2026-04-27T23:39:17.576413
TRK000002619,2023-04-05,2023-04-08,2023-04-10,Cancelled,FEDEX,Southwest,289.24,503.4,32,False,False,5.0,False,2.0,2026-04-27T23:39:17.576413
TRK000001423,2023-04-05,2023-04-11,,Delayed,FEDEX,Midwest,81.69,87.85,17,False,False,,False,,2026-04-27T23:39:17.576413
API000268,2023-04-05,2023-04-06,,Delayed,DHL,Northeast,234.4,339.72,8,False,False,,False,,2026-04-27T23:39:17.576413
API000232,2023-04-04,2023-04-09,2023-04-10,Delayed,FEDEX,Midwest,115.73,450.76,28,False,False,6.0,False,1.0,2026-04-27T23:39:17.576413
TRK000004767,2023-04-04,2023-04-07,,Delivered,DHL,Midwest,524.92,561.14,12,False,False,,False,,2026-04-27T23:39:17.576413
TRK000000297,2023-04-04,2023-04-11,2023-04-11,Delivered,UPS,Southeast,300.72,190.1,8,False,False,7.0,True,0.0,2026-04-27T23:39:17.576413
TRK000003021,2023-04-04,2023-04-09,2023-04-11,Cancelled,UPS,Southeast,65.32,738.12,16,False,False,7.0,False,2.0,2026-04-27T23:39:17.576413
TRK000003295,2023-04-04,2023-04-11,2023-04-11,In Transit,UPS,Southeast,491.35,512.66,14,False,False,7.0,False,0.0,2026-04-27T23:39:17.576413
API000124,2023-04-04,2023-04-07,2023-04-05,In Transit,FEDEX,Northeast,45.66,536.92,27,False,False,1.0,False,0.0,2026-04-27T23:39:17.576413
API000498,2023-04-03,2023-04-07,2023-04-09,Delivered,UPS,Midwest,273.62,181.35,21,False,False,6.0,False,2.0,2026-04-27T23:39:17.576413
TRK000003339,2023-04-03,2023-06-03,2023-07-03,Delivered,DHL,Midwest,518.49,74.94,36,False,False,91.0,False,30.0,2026-04-27T23:39:17.576413
TRK000000831,2023-04-03,2023-03-10,2023-03-12,Cancelled,UPS,Southwest,68.8,63.7,5,False,False,-22.0,False,2.0,2026-04-27T23:39:17.576413
TRK000001259,2023-04-03,2023-04-07,2023-04-11,Delivered,DHL,Northeast,363.34,652.9,30,False,False,8.0,False,4.0,2026-04-27T23:39:17.576413
API000340,2023-04-03,2023-04-05,,In Transit,DHL,Midwest,192.16,247.82,7,False,False,,False,,2026-04-27T23:39:17.576413
TRK000000151,2023-04-03,2023-04-10,2023-10-04,Cancelled,UPS,Midwest,348.28,843.19,47,False,False,184.0,False,177.0,2026-04-27T23:39:17.576413
TRK000004967,2023-04-03,2023-04-07,2023-06-04,In Transit,FEDEX,Midwest,369.12,735.52,32,False,False,62.0,False,58.0,2026-04-27T23:39:17.576413
API000214,2023-04-03,2023-04-07,2023-04-05,Delayed,FEDEX,Midwest,239.68,327.87,4,False,False,2.0,False,0.0,2026-04-27T23:39:17.576413
TRK000003545,2023-04-03,2023-03-06,,Cancelled,UPS,Southeast,401.12,639.63,1,False,False,,False,,2026-04-27T23:39:17.576413
TRK000000229,2023-04-03,2023-04-06,2023-04-08,Delivered,FEDEX,Northeast,418.5,882.06,25,False,False,5.0,False,2.0,2026-04-27T23:39:17.576413
API000379,2023-04-02,2023-04-06,2023-04-03,Delayed,FEDEX,Midwest,201.48,593.02,5,False,False,1.0,False,0.0,2026-04-27T23:39:17.576413
TRK000000075,2023-04-02,2023-02-10,2023-02-14,Cancelled,DHL,Southeast,515.49,359.63,6,False,False,-47.0,False,4.0,2026-04-27T23:39:17.576413
TRK000001734,2023-04-02,2023-04-08,2023-04-13,Cancelled,XPO,West Coast,103.22,12854.21,48,False,True,11.0,False,5.0,2026-04-27T23:39:17.576413
TRK000000259,2023-04-02,2023-04-03,2023-04-06,Delayed,FEDEX,Southeast,473.75,228.98,12,False,False,4.0,False,3.0,2026-04-27T23:39:17.576413
TRK000001603,2023-04-02,2023-07-02,2023-02-12,Cancelled,UPS,Midwest,320.08,221.04,48,False,False,-49.0,False,0.0,2026-04-27T23:39:17.576413
TRK000002592,2023-04-02,2023-04-03,2023-04-03,Delayed,XPO,Midwest,572.05,325.47,23,False,False,1.0,False,0.0,2026-04-27T23:39:17.576413
TRK000001960,2023-04-02,2023-09-04,,Delayed,FEDEX,Midwest,204.5,817.38,43,False,False,,False,,2026-04-27T23:39:17.576413
API000244,2023-04-01,2023-04-03,2023-04-05,Delivered,FEDEX,West Coast,198.16,104.8,18,False,False,4.0,False,2.0,2026-04-27T23:39:17.576413
TRK000002213,2023-04-01,2023-05-04,2023-04-07,Delivered,USPS,West Coast,71.83,494.97,23,False,False,6.0,True,0.0,2026-04-27T23:39:17.576413
TRK000002666,2023-03-31,2023-04-03,,Delivered,XPO,Midwest,443.12,797.92,10,False,False,,False,,2026-04-27T23:39:17.576413
TRK000001090,2023-03-31,2023-04-05,2023-04-03,In Transit,FEDEX,Midwest,303.89,449.11,11,False,False,3.0,False,0.0,2026-04-27T23:39:17.576413
TRK000001101,2023-03-31,2023-04-03,2023-04-03,Delivered,XPO,Midwest,568.98,196.67,36,False,False,3.0,True,0.0,2026-04-27T23:39:17.576413
TRK000002341,2023-03-31,2023-04-04,2023-04-06,In Transit,FEDEX,Northeast,341.88,468.32,25,False,False,6.0,False,2.0,2026-04-27T23:39:17.576413
TRK000001356,2023-03-31,2023-04-02,2023-03-31,Delayed,DHL,Midwest,278.8,671.49,16,False,False,0.0,False,0.0,2026-04-27T23:39:17.576413
TRK000002943,2023-03-30,2023-04-03,2023-05-04,In Transit,UPS,Midwest,323.81,404.23,42,False,False,35.0,False,31.0,2026-04-27T23:39:17.576413
TRK000003430,2023-03-30,2023-04-02,2023-04-01,In Transit,XPO,Midwest,528.84,761.65,39,False,False,2.0,False,0.0,2026-04-27T23:39:17.576413
TRK000003483,2023-03-30,2023-05-04,2023-04-08,Delayed,DHL,Midwest,368.28,749.18,10,False,False,9.0,False,0.0,2026-04-27T23:39:17.576413
TRK000001437,2023-03-30,2023-03-31,2023-04-04,Cancelled,FEDEX,Southwest,284.15,439.07,5,False,False,5.0,False,4.0,2026-04-27T23:39:17.576413
TRK000002947,2023-03-30,2023-04-02,2023-04-01,Delivered,FEDEX,Southwest,43.46,685.4,28,False,False,2.0,True,0.0,2026-04-27T23:39:17.576413
TRK000004169,2023-03-30,2023-03-31,2023-04-05,Delayed,UPS,Southwest,474.7,212.03,24,False,False,6.0,False,5.0,2026-04-27T23:39:17.576413
TRK000003260,2023-03-29,2023-03-30,2023-03-31,Delayed,FEDEX,Midwest,199.79,856.6,48,False,False,2.0,False,1.0,2026-04-27T23:39:17.576413
TRK000001575,2023-03-29,2023-04-03,,Delayed,UPS,Northeast,586.18,815.32,14,False,False,,False,,2026-04-27T23:39:17.576413
API000203,2023-03-29,2023-04-02,2023-04-02,Delivered,DHL,West Coast,12.11,376.88,22,False,False,4.0,True,0.0,2026-04-27T23:39:17.576413
TRK000004780,2023-03-28,2023-03-29,2023-03-29,Cancelled,FEDEX,Midwest,221.96,423.38,46,False,False,1.0,False,0.0,2026-04-27T23:39:17.576413
TRK000001389,2023-03-28,2023-04-04,2023-04-08,In Transit,FEDEX,Midwest,265.78,828.93,24,False,False,11.0,False,4.0,2026-04-27T23:39:17.576413
TRK000003072,2023-03-28,2023-04-04,2023-04-04,Cancelled,UPS,Southeast,337.69,518.05,16,False,False,7.0,False,0.0,2026-04-27T23:39:17.576413
TRK000002645,2023-03-28,2023-04-02,2023-04-06,In Transit,XPO,Northeast,411.23,357.74,39,False,False,9.0,False,4.0,2026-04-27T23:39:17.576413
TRK000003396,2023-03-28,2023-04-04,2023-02-04,In Transit,DHL,Southwest,381.5,70.55,34,False,False,-52.0,False,0.0,2026-04-27T23:39:17.576413
TRK000001075,2023-03-28,2023-03-29,,In Transit,FEDEX,Midwest,332.97,338.6,46,False,False,,False,,2026-04-27T23:39:17.576413
TRK000001089,2023-03-28,2023-02-04,2023-02-04,Delivered,XPO,Southwest,535.42,399.11,35,False,False,-52.0,True,0.0,2026-04-27T23:39:17.576413
TRK000002565,2023-03-28,2023-03-31,2023-03-31,Delayed,DHL,Southeast,454.51,590.52,45,False,False,3.0,False,0.0,2026-04-27T23:39:17.576413
API000349,2023-03-28,2023-03-31,2023-03-29,Delivered,UPS,West Coast,176.71,464.23,29,False,False,1.0,True,0.0,2026-04-27T23:39:17.576413
TRK000002611,2023-03-27,2023-04-01,2023-03-31,In Transit,UPS,West Coast,183.52,800.78,50,False,False,4.0,False,0.0,2026-04-27T23:39:17.576413
TRK000002794,2023-03-27,2023-03-04,,In Transit,UPS,Southwest,379.06,83.13,12,False,False,,False,,2026-04-27T23:39:17.576413
TRK000000583,2023-03-27,2023-03-30,2023-04-04,Cancelled,USPS,Midwest,294.28,63.56,11,False,False,8.0,False,5.0,2026-04-27T23:39:17.576413
TRK000004219,2023-03-27,2023-04-03,2023-05-04,In Transit,XPO,West Coast,364.01,555.91,5,False,False,38.0,False,31.0,2026-04-27T23:39:17.576413
TRK000001738,2023-03-26,2023-04-02,2023-04-02,Delivered,UPS,Midwest,425.78,454.68,18,False,False,7.0,True,0.0,2026-04-27T23:39:17.576413
TRK000002904,2023-03-26,2023-03-28,2023-04-01,Cancelled,FEDEX,Northeast,458.42,505.72,10,False,False,6.0,False,4.0,2026-04-27T23:39:17.576413
TRK000004352,2023-03-26,2023-03-29,2023-04-01,Cancelled,DHL,West Coast,426.51,513.54,5,False,False,6.0,False,3.0,2026-04-27T23:39:17.576413
TRK000004517,2023-03-26,2023-04-02,2023-04-02,Delivered,DHL,West Coast,360.96,387.92,10,False,False,7.0,True,0.0,2026-04-27T23:39:17.576413
TRK000002881,2023-03-25,2023-03-30,2023-04-04,Delivered,XPO,Midwest,80.49,815.15,2,False,False,10.0,False,5.0,2026-04-27T23:39:17.576413
API000140,2023-03-25,2023-03-29,2023-03-30,In Transit,DHL,Northeast,336.3,537.22,1,False,False,5.0,False,1.0,2026-04-27T23:39:17.576413
TRK000004403,2023-03-25,2023-03-31,2023-04-02,In Transit,DHL,Midwest,172.96,761.71,18,False,False,8.0,False,2.0,2026-04-27T23:39:17.576413
TRK000000380,2023-03-25,2023-03-26,,Delivered,FEDEX,West Coast,299.8,805.23,28,False,False,,False,,2026-04-27T23:39:17.576413
API000112,2023-03-25,2023-03-30,2023-03-28,Delivered,FEDEX,West Coast,67.91,509.26,22,False,False,3.0,True,0.0,2026-04-27T23:39:17.576413
TRK000002475,2023-03-25,2023-03-27,,Delayed,FEDEX,Northeast,504.11,759.75,7,False,False,,False,,2026-04-27T23:39:17.576413
TRK000003378,2023-03-24,2023-03-30,2023-04-02,Delayed,FEDEX,West Coast,153.97,292.35,21,False,False,9.0,False,3.0,2026-04-27T23:39:17.576413
TRK000004620,2023-03-24,2023-03-29,2023-04-02,Delivered,UPS,Southwest,552.65,425.62,46,False,False,9.0,False,4.0,2026-04-27T23:39:17.576413
TRK000001699,2023-03-24,2023-03-31,2023-04-02,Delivered,UPS,Southwest,51.83,600.62,41,False,False,9.0,False,2.0,2026-04-27T23:39:17.576413
TRK000001528,2023-03-24,2023-03-28,2023-03-28,In Transit,DHL,Southwest,402.41,249.93,23,False,False,4.0,False,0.0,2026-04-27T23:39:17.576413
TRK000004923,2023-03-24,2023-03-30,2023-04-04,Delayed,UPS,Midwest,470.47,413.72,11,False,False,11.0,False,5.0,2026-04-27T23:39:17.576413
TRK000002843,2023-03-24,2023-03-27,2023-03-25,Delivered,XPO,Southeast,234.86,136.05,20,False,False,1.0,True,0.0,2026-04-27T23:39:17.576413
TRK000003841,2023-03-24,2023-03-25,2023-03-26,In Transit,FEDEX,Southwest,437.01,728.66,1,False,False,2.0,False,1.0,2026-04-27T23:39:17.576413
TRK000000528,2023-03-24,2023-03-30,2023-04-04,Delivered,XPO,Southeast,288.59,241.23,16,False,False,11.0,False,5.0,2026-04-27T23:39:17.576413
TRK000004625,2023-03-23,2023-03-24,2023-03-24,Delivered,FEDEX,Midwest,319.14,774.91,35,False,False,1.0,True,0.0,2026-04-27T23:39:17.576413
TRK000000556,2023-03-23,2023-03-27,2023-03-31,In Transit,FEDEX,Midwest,553.84,860.54,37,False,False,8.0,False,4.0,2026-04-27T23:39:17.576413
TRK000000856,2023-03-23,2023-03-24,2023-03-22,Cancelled,FEDEX,Southwest,553.9,183.42,37,False,False,-1.0,False,0.0,2026-04-27T23:39:17.576413
API000241,2023-03-23,2023-03-27,2023-03-31,Delivered,DHL,Midwest,395.52,691.27,5,False,False,8.0,False,4.0,2026-04-27T23:39:17.576413
TRK000002487,2023-03-23,2023-03-30,2023-03-29,In Transit,XPO,Midwest,214.14,290.39,48,False,False,6.0,False,0.0,2026-04-27T23:39:17.576413
TRK000004641,2023-03-23,2023-03-27,2023-03-30,Cancelled,USPS,Midwest,518.46,766.46,50,False,False,7.0,False,3.0,2026-04-27T23:39:17.576413
TRK000001949,2023-03-23,2023-03-30,2023-03-29,In Transit,UPS,West Coast,461.18,59.82,13,False,False,6.0,False,0.0,2026-04-27T23:39:17.576413
TRK000004703,2023-03-22,2023-03-26,2023-03-31,Delayed,UPS,Southeast,137.7,586.96,21,False,False,9.0,False,5.0,2026-04-27T23:39:17.576413
TRK000002940,2023-03-22,2023-03-27,2023-03-25,In Transit,FEDEX,Midwest,520.96,177.37,41,False,False,3.0,False,0.0,2026-04-27T23:39:17.576413
TRK000003941,2023-03-22,2023-03-25,2023-03-25,In Transit,FEDEX,Southeast,88.24,613.69,17,False,False,3.0,False,0.0,2026-04-27T23:39:17.576413
TRK000001516,2023-03-22,2023-03-28,2023-03-26,In Transit,USPS,Northeast,388.94,848.19,2,False,False,4.0,False,0.0,2026-04-27T23:39:17.576413
TRK000003387,2023-03-22,2023-03-25,,Delivered,UPS,Midwest,12.82,880.03,28,False,False,,False,,2026-04-27T23:39:17.576413
TRK000002183,2023-03-22,2023-03-23,,Cancelled,FEDEX,West Coast,355.35,258.69,26,False,False,,False,,2026-04-27T23:39:17.576413
TRK000003520,2023-03-22,2023-03-28,2023-03-30,Delayed,FEDEX,Midwest,293.7,629.37,19,False,False,8.0,False,2.0,2026-04-27T23:39:17.576413
TRK000002899,2023-03-22,2023-03-29,2023-02-04,Delivered,USPS,Midwest,149.78,348.42,34,False,False,-46.0,True,0.0,2026-04-27T23:39:17.576413
TRK000004138,2023-03-21,2023-03-28,2023-01-04,Delayed,UPS,Southwest,69.6,614.02,48,False,False,-76.0,False,0.0,2026-04-27T23:39:17.576413
TRK000004624,2023-03-21,2023-03-28,2023-03-31,Delayed,FEDEX,Midwest,332.78,492.12,20,False,False,10.0,False,3.0,2026-04-27T23:39:17.576413
TRK000004836,2023-03-21,2023-03-26,2023-03-31,Delivered,FEDEX,Midwest,536.03,804.58,24,False,False,10.0,False,5.0,2026-04-27T23:39:17.576413
TRK000000830,2023-03-21,2023-03-24,2023-03-29,Cancelled,FEDEX,Midwest,109.38,806.44,28,False,False,8.0,False,5.0,2026-04-27T23:39:17.576413
API000442,2023-03-21,2023-03-26,,Delivered,UPS,West Coast,234.6,550.59,2,False,False,,False,,2026-04-27T23:39:17.576413
TRK000004183,2023-03-21,2023-03-27,2023-03-29,Delivered,UPS,Midwest,177.48,571.08,11,False,False,8.0,False,2.0,2026-04-27T23:39:17.576413
TRK000002190,2023-03-21,2023-03-26,,Cancelled,FEDEX,Southwest,431.41,583.65,10,False,False,,False,,2026-04-27T23:39:17.576413
API000247,2023-03-21,2023-03-25,2023-03-26,Delayed,FEDEX,West Coast,210.65,662.83,28,False,False,5.0,False,1.0,2026-04-27T23:39:17.576413
TRK000001816,2023-03-21,2023-03-26,,In Transit,FEDEX,Northeast,405.15,79.25,19,False,False,,False,,2026-04-27T23:39:17.576413
TRK000001659,2023-03-21,2023-03-27,2023-04-01,In Transit,FEDEX,Midwest,34.5,196.97,50,False,False,11.0,False,5.0,2026-04-27T23:39:17.576413
TRK000001783,2023-03-21,2023-03-26,2023-03-31,Delayed,UPS,Northeast,566.16,75.28,38,False,False,10.0,False,5.0,2026-04-27T23:39:17.576413
TRK000003854,2023-03-21,2023-03-28,2023-03-26,Delivered,FEDEX,West Coast,349.04,766.54,24,False,False,5.0,True,0.0,2026-04-27T23:39:17.576413
TRK000004849,2023-03-21,2023-03-26,,Delivered,DHL,Southwest,46.22,702.68,47,False,False,,False,,2026-04-27T23:39:17.576413
TRK000003905,2023-03-20,2023-03-27,2023-03-29,Delivered,UPS,Midwest,106.06,162.66,45,False,False,9.0,False,2.0,2026-04-27T23:39:17.576413
TRK000000748,2023-03-20,2023-03-24,2023-03-26,In Transit,XPO,West Coast,480.88,536.81,23,False,False,6.0,False,2.0,2026-04-27T23:39:17.576413
TRK000004632,2023-03-20,2023-03-22,2023-03-21,Delivered,USPS,Southeast,71.03,503.08,17,False,False,1.0,True,0.0,2026-04-27T23:39:17.576413
TRK000002089,2023-03-20,2023-03-26,2023-03-31,Delivered,FEDEX,Southwest,394.01,219.97,50,False,False,11.0,False,5.0,2026-04-27T23:39:17.576413
TRK000002901,2023-03-20,2023-03-23,2023-03-25,In Transit,FEDEX,Southwest,6.0,532.28,13,False,False,5.0,False,2.0,2026-04-27T23:39:17.576413
TRK000001113,2023-03-20,2023-03-21,2023-03-21,Cancelled,FEDEX,West Coast,288.6,276.4,8,False,False,1.0,False,0.0,2026-04-27T23:39:17.576413
TRK000000747,2023-03-20,2023-03-24,,Cancelled,FEDEX,Midwest,428.49,482.89,44,False,False,,False,,2026-04-27T23:39:17.576413
TRK000000079,2023-03-20,2023-03-26,2023-03-25,Delayed,FEDEX,Southwest,309.49,190.35,44,False,False,5.0,False,0.0,2026-04-27T23:39:17.576413
TRK000003773,2023-03-19,2023-03-24,2023-03-23,Delayed,DHL,Midwest,456.11,58.52,4,False,False,4.0,False,0.0,2026-04-27T23:39:17.576413
TRK000000090,2023-03-19,2023-03-26,2023-03-26,Delivered,XPO,Midwest,108.92,649.56,41,False,False,7.0,True,0.0,2026-04-27T23:39:17.576413
TRK000000123,2023-03-19,2023-03-22,2023-03-22,In Transit,FEDEX,Midwest,455.51,323.93,29,False,False,3.0,False,0.0,2026-04-27T23:39:17.576413
TRK000002920,2023-03-19,2023-03-26,2023-03-27,Delivered,UPS,Midwest,340.29,294.25,34,False,False,8.0,False,1.0,2026-04-27T23:39:17.576413
TRK000002314,2023-03-19,2023-03-25,2023-03-25,Delayed,DHL,Southeast,465.2,599.72,8,False,False,6.0,False,0.0,2026-04-27T23:39:17.576413
TRK000002674,2023-03-19,2023-03-22,2023-03-24,Cancelled,UPS,Midwest,368.95,424.93,7,False,False,5.0,False,2.0,2026-04-27T23:39:17.576413
TRK000002132,2023-03-19,2023-03-22,2023-03-24,In Transit,USPS,Midwest,6.5,156.21,7,False,False,5.0,False,2.0,2026-04-27T23:39:17.576413
API000022,2023-03-18,2023-03-20,,Delayed,FEDEX,Midwest,17.06,195.64,26,False,False,,False,,2026-04-27T23:39:17.576413
TRK000004679,2023-03-18,2023-03-25,2023-03-28,In Transit,XPO,Southwest,298.12,188.71,34,False,False,10.0,False,3.0,2026-04-27T23:39:17.576413
TRK000004172,2023-03-18,2023-03-24,,Cancelled,DHL,Midwest,533.03,155.71,29,False,False,,False,,2026-04-27T23:39:17.576413
TRK000003881,2023-03-18,2023-03-22,,Cancelled,XPO,Midwest,536.67,611.86,2,False,False,,False,,2026-04-27T23:39:17.576413
TRK000000137,2023-03-18,2023-03-21,2023-03-25,Delayed,FEDEX,Midwest,74.3,279.43,34,False,False,7.0,False,4.0,2026-04-27T23:39:17.576413
TRK000004029,2023-03-18,2023-03-21,2023-03-21,Delayed,XPO,Midwest,252.17,660.33,29,False,False,3.0,False,0.0,2026-04-27T23:39:17.576413
TRK000001480,2023-03-18,2023-03-20,2023-03-22,Cancelled,XPO,Midwest,114.9,819.86,50,False,False,4.0,False,2.0,2026-04-27T23:39:17.576413
TRK000002000,2023-03-18,2023-03-19,2023-03-18,Delayed,XPO,West Coast,94.61,-334.17,5,True,False,0.0,False,0.0,2026-04-27T23:39:17.576413
TRK000003760,2023-03-18,2023-03-23,2023-03-26,Delivered,FEDEX,Midwest,438.0,375.83,23,False,False,8.0,False,3.0,2026-04-27T23:39:17.576413
TRK000004850,2023-03-18,2023-03-24,2023-03-22,Cancelled,FEDEX,Southwest,167.48,169.72,11,False,False,4.0,False,0.0,2026-04-27T23:39:17.576413
TRK000000400,2023-03-18,2023-03-23,,Delivered,FEDEX,West Coast,503.86,385.69,45,False,False,,False,,2026-04-27T23:39:17.576413
TRK000004415,2023-03-17,2023-03-21,2023-03-20,Cancelled,FEDEX,Northeast,36.51,192.82,21,False,False,3.0,False,0.0,2026-04-27T23:39:17.576413
TRK000003515,2023-03-17,2023-03-24,2023-03-27,Delayed,FEDEX,Northeast,196.7,669.82,49,False,False,10.0,False,3.0,2026-04-27T23:39:17.576413
TRK000000428,2023-03-17,2023-03-21,2023-03-20,Delayed,FEDEX,Midwest,340.81,228.75,39,False,False,3.0,False,0.0,2026-04-27T23:39:17.576413
TRK000004145,2023-03-17,2023-03-22,2023-03-25,Delivered,UPS,Midwest,546.32,365.78,28,False,False,8.0,False,3.0,2026-04-27T23:39:17.576413
TRK000003336,2023-03-17,2023-03-24,2023-03-23,Cancelled,UPS,Midwest,344.68,826.39,1,False,False,6.0,False,0.0,2026-04-27T23:39:17.576413
TRK000000393,2023-03-16,2023-03-21,,In Transit,UPS,West Coast,365.77,532.69,19,False,False,,False,,2026-04-27T23:39:17.576413
TRK000001057,2023-03-16,2023-03-20,,Delivered,UPS,Southeast,321.06,261.26,32,False,False,,False,,2026-04-27T23:39:17.576413
TRK000000820,2023-03-16,2023-03-19,2023-03-24,Delivered,FEDEX,Southwest,9.19,96.12,46,False,False,8.0,False,5.0,2026-04-27T23:39:17.576413
TRK000003059,2023-03-16,2023-03-21,2023-03-24,In Transit,FEDEX,Midwest,54.14,75.05,4,False,False,8.0,False,3.0,2026-04-27T23:39:17.576413
TRK000001120,2023-03-16,2023-03-17,2023-03-20,Cancelled,DHL,Midwest,144.16,830.55,8,False,False,4.0,False,3.0,2026-04-27T23:39:17.576413
TRK000003541,2023-03-16,2023-03-17,2023-03-16,Cancelled,FEDEX,Midwest,543.93,578.75,42,False,False,0.0,False,0.0,2026-04-27T23:39:17.576413
TRK000002769,2023-03-15,2023-03-16,2023-03-14,Delivered,UPS,Southeast,36.03,730.33,27,False,False,-1.0,True,0.0,2026-04-27T23:39:17.576413
TRK000002679,2023-03-15,2023-03-22,2023-03-22,Delayed,FEDEX,Southwest,38.82,796.97,41,False,False,7.0,False,0.0,2026-04-27T23:39:17.576413
API000311,2023-03-15,2023-03-17,2023-03-17,Delayed,FEDEX,West Coast,332.22,360.69,26,False,False,2.0,False,0.0,2026-04-27T23:39:17.576413
TRK000000943,2023-03-15,2023-03-21,,Delayed,FEDEX,Southwest,271.33,841.63,6,False,False,,False,,2026-04-27T23:39:17.576413
TRK000003432,2023-03-15,2023-03-21,2023-03-22,In Transit,DHL,Midwest,393.25,659.27,31,False,False,7.0,False,1.0,2026-04-27T23:39:17.576413
TRK000001918,2023-03-15,2023-03-21,2023-03-23,Delivered,FEDEX,Midwest,78.92,829.89,4,False,False,8.0,False,2.0,2026-04-27T23:39:17.576413
TRK000000368,2023-03-15,2023-03-17,2023-03-16,Delayed,DHL,Midwest,577.28,271.26,29,False,False,1.0,False,0.0,2026-04-27T23:39:17.576413
TRK000002861,2023-03-15,2023-03-20,2023-03-22,Delivered,USPS,Midwest,421.69,393.57,40,False,False,7.0,False,2.0,2026-04-27T23:39:17.576413
TRK000001640,2023-03-15,2023-03-21,2023-03-22,Delivered,UPS,West Coast,211.13,489.71,2,False,False,7.0,False,1.0,2026-04-27T23:39:17.576413
TRK000000071,2023-03-15,2023-03-17,2023-03-16,Delivered,UPS,Midwest,471.33,307.74,28,False,False,1.0,True,0.0,2026-04-27T23:39:17.576413
TRK000004084,2023-03-14,2023-03-19,2023-03-20,Delayed,UPS,Midwest,345.63,590.98,5,False,False,6.0,False,1.0,2026-04-27T23:39:17.576413
TRK000003535,2023-03-14,2023-03-18,2023-03-17,Delivered,UPS,Midwest,231.81,377.1,28,False,False,3.0,True,0.0,2026-04-27T23:39:17.576413
API000477,2023-03-14,2023-03-16,2023-03-20,Delayed,FEDEX,Northeast,351.92,463.52,5,False,False,6.0,False,4.0,2026-04-27T23:39:17.576413
TRK000000091,2023-03-14,2023-03-15,2023-03-13,Delayed,FEDEX,Southwest,145.62,240.53,44,False,False,-1.0,False,0.0,2026-04-27T23:39:17.576413
TRK000003869,2023-03-14,2023-03-16,,In Transit,UPS,West Coast,192.25,815.83,44,False,False,,False,,2026-04-27T23:39:17.576413
TRK000001808,2023-03-14,2023-03-18,2023-03-20,Delivered,USPS,Southeast,444.5,537.24,10,False,False,6.0,False,2.0,2026-04-27T23:39:17.576413
TRK000003908,2023-03-14,2023-03-19,2023-03-21,Cancelled,UPS,Southeast,293.71,298.64,28,False,False,7.0,False,2.0,2026-04-27T23:39:17.576413
API000091,2023-03-13,2023-03-15,2023-03-17,Delivered,UPS,Northeast,260.82,447.11,13,False,False,4.0,False,2.0,2026-04-27T23:39:17.576413
API000196,2023-03-13,2023-03-15,,Delayed,DHL,Midwest,46.43,93.17,25,False,False,,False,,2026-04-27T23:39:17.576413
TRK000003522,2023-03-13,2023-03-15,2023-03-20,Delivered,UPS,Midwest,207.78,10640.76,40,False,True,7.0,False,5.0,2026-04-27T23:39:17.576413
TRK000003534,2023-03-13,2023-03-17,2023-03-21,Cancelled,XPO,Midwest,258.82,363.12,41,False,False,8.0,False,4.0,2026-04-27T23:39:17.576413
TRK000001390,2023-03-13,2023-03-18,,Cancelled,FEDEX,Midwest,84.21,741.96,38,False,False,,False,,2026-04-27T23:39:17.576413
TRK000001261,2023-03-13,2023-03-18,2023-03-19,Delivered,USPS,Midwest,10.98,346.38,11,False,False,6.0,False,1.0,2026-04-27T23:39:17.576413
TRK000000620,2023-03-13,2023-03-17,,Cancelled,UPS,Southwest,287.47,490.75,5,False,False,,False,,2026-04-27T23:39:17.576413
TRK000002333,2023-03-13,2023-03-18,2023-03-22,In Transit,UPS,Southeast,321.24,861.03,22,False,False,9.0,False,4.0,2026-04-27T23:39:17.576413
TRK000004156,2023-03-13,2023-03-14,2023-03-13,In Transit,FEDEX,Midwest,218.83,100.47,19,False,False,0.0,False,0.0,2026-04-27T23:39:17.576413
TRK000002406,2023-03-12,2023-03-15,2023-03-13,Delivered,XPO,Southeast,181.48,169.01,50,False,False,1.0,True,0.0,2026-04-27T23:39:17.576413
TRK000002882,2023-03-12,2023-03-19,2023-03-23,In Transit,USPS,Midwest,39.27,807.81,19,False,False,11.0,False,4.0,2026-04-27T23:39:17.576413
TRK000002884,2023-03-12,2023-03-13,2023-11-03,Delivered,UPS,Southeast,45.15,171.12,28,False,False,236.0,False,235.0,2026-04-27T23:39:17.576413
API000132,2023-03-12,2023-03-16,,In Transit,DHL,Midwest,232.3,656.48,9,False,False,,False,,2026-04-27T23:39:17.576413
TRK000004750,2023-03-11,2023-03-18,,Delayed,FEDEX,West Coast,382.24,459.0,49,False,False,,False,,2026-04-27T23:39:17.576413
TRK000000069,2023-03-11,2023-03-12,2023-03-17,Cancelled,FEDEX,Southwest,34.45,196.47,4,False,False,6.0,False,5.0,2026-04-27T23:39:17.576413
TRK000000560,2023-03-11,2023-03-18,2023-03-21,In Transit,UPS,Southeast,473.65,141.99,1,False,False,10.0,False,3.0,2026-04-27T23:39:17.576413
TRK000000437,2023-03-11,2023-08-11,2023-11-11,In Transit,DHL,Midwest,551.37,817.68,16,False,False,245.0,False,92.0,2026-04-27T23:39:17.576413
TRK000000905,2023-03-11,2023-03-16,2023-03-14,Delayed,USPS,Midwest,335.61,428.54,14,False,False,3.0,False,0.0,2026-04-27T23:39:17.576413
TRK000003784,2023-03-11,2023-03-18,2023-03-17,In Transit,XPO,West Coast,545.72,488.89,27,False,False,6.0,False,0.0,2026-04-27T23:39:17.576413
TRK000002999,2023-03-11,2023-03-12,2023-03-17,In Transit,DHL,Midwest,315.22,712.59,5,False,False,6.0,False,5.0,2026-04-27T23:39:17.576413
TRK000003652,2023-03-11,2023-03-12,2023-03-11,Cancelled,XPO,West Coast,383.21,632.67,46,False,False,0.0,False,0.0,2026-04-27T23:39:17.576413
API000057,2023-03-10,2023-03-12,2023-03-15,Delivered,UPS,Midwest,299.56,281.07,11,False,False,5.0,False,3.0,2026-04-27T23:39:17.576413
TRK000004042,2023-03-10,2023-03-14,2023-03-18,Cancelled,XPO,Southeast,14.5,792.88,19,False,False,8.0,False,4.0,2026-04-27T23:39:17.576413
TRK000004132,2023-03-10,2023-10-07,2023-10-06,Delayed,UPS,Northeast,197.59,161.47,1,False,False,210.0,False,0.0,2026-04-27T23:39:17.576413
TRK000002131,2023-03-10,2023-03-17,2023-03-21,Delivered,XPO,West Coast,473.06,148.47,8,False,False,11.0,False,4.0,2026-04-27T23:39:17.576413
TRK000004881,2023-03-10,2023-03-12,2023-03-11,Cancelled,FEDEX,Southeast,331.19,7863.01,21,False,True,1.0,False,0.0,2026-04-27T23:39:17.576413
TRK000001833,2023-03-10,2023-06-10,2023-10-08,Delivered,FEDEX,Midwest,163.27,101.92,47,False,False,212.0,False,120.0,2026-04-27T23:39:17.576413
TRK000000402,2023-03-09,2023-03-10,2023-03-09,Delayed,USPS,Midwest,282.57,701.11,40,False,False,0.0,False,0.0,2026-04-27T23:39:17.576413
TRK000003013,2023-03-09,2023-10-09,2023-11-09,Delivered,UPS,Midwest,595.62,853.75,10,False,False,245.0,False,31.0,2026-04-27T23:39:17.576413
TRK000000484,2023-03-09,2023-03-12,2023-03-10,Cancelled,XPO,Midwest,40.01,267.19,30,False,False,1.0,False,0.0,2026-04-27T23:39:17.576413
TRK000001875,2023-03-09,2023-03-10,2023-03-10,Delivered,DHL,Northeast,29.43,425.64,46,False,False,1.0,True,0.0,2026-04-27T23:39:17.576413
TRK000001207,2023-03-09,2023-03-12,2023-03-14,In Transit,FEDEX,Midwest,157.17,371.27,38,False,False,5.0,False,2.0,2026-04-27T23:39:17.576413
TRK000002809,2023-03-09,2023-09-07,2023-09-07,In Transit,FEDEX,West Coast,201.19,894.72,42,False,False,182.0,False,0.0,2026-04-27T23:39:17.576413
TRK000000175,2023-03-08,2023-03-15,2023-03-18,Delivered,FEDEX,Southeast,34.55,172.78,41,False,False,10.0,False,3.0,2026-04-27T23:39:17.576413
TRK000003564,2023-03-08,2023-03-15,,Delivered,UPS,Midwest,229.49,831.25,7,False,False,,False,,2026-04-27T23:39:17.576413
TRK000003342,2023-03-08,2023-03-13,2023-03-12,Delivered,FEDEX,Midwest,184.61,674.29,46,False,False,4.0,True,0.0,2026-04-27T23:39:17.576413
TRK000001001,2023-03-08,2023-03-13,2023-03-14,Delivered,FEDEX,Northeast,474.41,882.28,29,False,False,6.0,False,1.0,2026-04-27T23:39:17.576413
TRK000001355,2023-03-08,2023-03-11,2023-03-15,Delivered,FEDEX,Northeast,442.84,503.47,50,False,False,7.0,False,4.0,2026-04-27T23:39:17.576413
TRK000000451,2023-03-08,2023-03-12,2023-03-13,Delivered,UPS,Southeast,65.54,695.75,27,False,False,5.0,False,1.0,2026-04-27T23:39:17.576413
TRK000002731,2023-03-08,2023-08-08,2023-08-12,In Transit,XPO,West Coast,155.87,897.65,41,False,False,157.0,False,4.0,2026-04-27T23:39:17.576413
TRK000001935,2023-03-07,2023-09-03,2023-03-08,Delayed,UPS,Midwest,316.0,408.68,43,False,False,1.0,False,0.0,2026-04-27T23:39:17.576413
TRK000004076,2023-03-07,2023-07-08,,Delivered,FEDEX,Midwest,89.53,299.68,7,False,False,,False,,2026-04-27T23:39:17.576413
TRK000000792,2023-03-07,2023-03-10,2023-10-03,Delayed,DHL,Midwest,98.84,190.89,22,False,False,210.0,False,207.0,2026-04-27T23:39:17.576413
TRK000002071,2023-03-07,2023-03-11,2023-03-16,In Transit,FEDEX,Midwest,393.67,798.41,39,False,False,9.0,False,5.0,2026-04-27T23:39:17.576413
TRK000004498,2023-03-06,2023-03-10,,In Transit,UPS,Midwest,327.78,731.59,24,False,False,,False,,2026-04-27T23:39:17.576413
TRK000004199,2023-03-06,2023-06-04,,Delivered,UPS,Southwest,585.29,326.87,26,False,False,,False,,2026-04-27T23:39:17.576413
TRK000004281,2023-03-06,2023-03-12,2023-03-10,Delivered,FEDEX,Southwest,565.56,180.46,33,False,False,4.0,True,0.0,2026-04-27T23:39:17.576413
TRK000001295,2023-03-06,2023-10-03,2023-03-13,Cancelled,FEDEX,Southwest,546.33,479.3,45,False,False,7.0,False,0.0,2026-04-27T23:39:17.576413
TRK000000706,2023-03-06,2023-03-13,2023-03-17,Delivered,FEDEX,Southwest,166.2,461.77,33,False,False,11.0,False,4.0,2026-04-27T23:39:17.576413
TRK000000057,2023-03-06,2023-11-03,2023-03-09,Delivered,FEDEX,Midwest,539.41,395.15,35,False,False,3.0,True,0.0,2026-04-27T23:39:17.576413
TRK000004586,2023-03-06,2023-03-12,2023-03-17,Delivered,FEDEX,Northeast,224.23,418.87,6,False,False,11.0,False,5.0,2026-04-27T23:39:17.576413
TRK000004560,2023-03-06,2023-10-03,2023-03-12,In Transit,UPS,Southeast,286.02,721.29,21,False,False,6.0,False,0.0,2026-04-27T23:39:17.576413
TRK000000898,2023-03-06,2023-03-13,2023-03-13,Delivered,FEDEX,Southeast,42.39,848.61,45,False,False,7.0,True,0.0,2026-04-27T23:39:17.576413
TRK000002370,2023-03-06,2023-03-10,,Delivered,USPS,Midwest,108.42,180.0,45,False,False,,False,,2026-04-27T23:39:17.576413
TRK000002309,2023-03-06,2023-03-08,,Cancelled,XPO,West Coast,277.05,140.36,20,False,False,,False,,2026-04-27T23:39:17.576413
TRK000003974,2023-03-06,2023-03-13,2023-03-15,Delivered,XPO,Midwest,27.43,661.04,37,False,False,9.0,False,2.0,2026-04-27T23:39:17.576413
TRK000001522,2023-03-06,2023-03-12,2023-03-13,Delivered,FEDEX,West Coast,538.55,105.38,43,False,False,7.0,False,1.0,2026-04-27T23:39:17.576413
TRK000001593,2023-03-06,2023-08-06,2023-06-10,Delivered,FEDEX,West Coast,431.85,809.94,15,False,False,96.0,True,0.0,2026-04-27T23:39:17.576413
TRK000002335,2023-03-05,2023-08-03,2023-03-10,Delivered,USPS,Southwest,395.44,143.17,37,False,False,5.0,True,0.0,2026-04-27T23:39:17.576413
TRK000003666,2023-03-05,2023-06-03,2023-04-03,In Transit,FEDEX,West Coast,158.2,576.87,21,False,False,29.0,False,0.0,2026-04-27T23:39:17.576413
TRK000000995,2023-03-05,2023-03-06,,Delivered,FEDEX,Northeast,148.33,562.8,27,False,False,,False,,2026-04-27T23:39:17.576413
TRK000003540,2023-03-05,2023-03-06,2023-03-08,Delivered,FEDEX,Southwest,88.33,681.8,13,False,False,3.0,False,2.0,2026-04-27T23:39:17.576413
TRK000004543,2023-03-05,2023-03-12,2023-03-15,Delayed,UPS,West Coast,597.13,758.22,23,False,False,10.0,False,3.0,2026-04-27T23:39:17.576413
TRK000004086,2023-03-05,2023-06-03,2023-03-11,Delivered,FEDEX,Midwest,509.2,560.42,42,False,False,6.0,True,0.0,2026-04-27T23:39:17.576413
TRK000001513,2023-03-04,2023-04-07,2023-04-05,Cancelled,XPO,Midwest,417.58,503.81,35,False,False,32.0,False,0.0,2026-04-27T23:39:17.576413
TRK000001809,2023-03-04,2023-09-03,2023-03-11,Cancelled,UPS,Southeast,382.12,623.74,3,False,False,7.0,False,0.0,2026-04-27T23:39:17.576413
TRK000002647,2023-03-04,2023-03-11,2023-03-11,In Transit,FEDEX,Northeast,204.74,97.14,34,False,False,7.0,False,0.0,2026-04-27T23:39:17.576413
TRK000001136,2023-03-04,2023-10-04,2023-04-12,Cancelled,XPO,Midwest,104.81,534.42,47,False,False,39.0,False,0.0,2026-04-27T23:39:17.576413
TRK000003702,2023-03-04,2023-07-04,2023-06-04,Delivered,FEDEX,Midwest,484.13,847.53,12,False,False,92.0,True,0.0,2026-04-27T23:39:17.576413
TRK000003735,2023-03-04,2023-03-08,2023-03-06,Delivered,DHL,Midwest,595.2,117.62,11,False,False,2.0,True,0.0,2026-04-27T23:39:17.576413
TRK000000114,2023-03-04,2023-07-03,2023-06-03,In Transit,DHL,Midwest,363.94,469.72,9,False,False,91.0,False,0.0,2026-04-27T23:39:17.576413
API000301,2023-03-04,2023-03-07,,Delivered,FEDEX,Northeast,8.64,631.65,7,False,False,,False,,2026-04-27T23:39:17.576413
TRK000003962,2023-03-04,2023-03-06,2023-03-08,In Transit,UPS,Northeast,533.14,747.11,17,False,False,4.0,False,2.0,2026-04-27T23:39:17.576413
TRK000001773,2023-03-04,2023-11-03,2023-09-03,In Transit,FEDEX,Midwest,79.24,580.72,45,False,False,183.0,False,0.0,2026-04-27T23:39:17.576413
TRK000001287,2023-03-04,2023-03-10,,Delivered,UPS,West Coast,203.55,672.19,33,False,False,,False,,2026-04-27T23:39:17.576413
TRK000001444,2023-03-03,2023-03-09,2023-03-07,Delivered,DHL,Midwest,497.65,558.59,23,False,False,4.0,True,0.0,2026-04-27T23:39:17.576413
TRK000004732,2023-03-03,2023-05-03,2023-03-07,Delivered,DHL,Southeast,386.52,221.71,49,False,False,4.0,True,0.0,2026-04-27T23:39:17.576413
TRK000001402,2023-03-03,2023-03-04,2023-03-04,Cancelled,FEDEX,Northeast,375.9,328.29,36,False,False,1.0,False,0.0,2026-04-27T23:39:17.576413
TRK000004465,2023-03-03,2023-03-08,2023-03-11,Delayed,FEDEX,Southeast,43.62,531.22,28,False,False,8.0,False,3.0,2026-04-27T23:39:17.576413
TRK000004736,2023-03-03,2023-03-04,,In Transit,UPS,Midwest,365.05,732.23,47,False,False,,False,,2026-04-27T23:39:17.576413
API000495,2023-03-03,2023-03-05,2023-03-10,In Transit,UPS,Midwest,121.59,416.42,22,False,False,7.0,False,5.0,2026-04-27T23:39:17.576413
TRK000002941,2023-03-03,2023-03-07,2023-03-05,Cancelled,FEDEX,Southwest,197.57,538.94,47,False,False,2.0,False,0.0,2026-04-27T23:39:17.576413
API000479,2023-03-03,2023-03-07,2023-03-10,Delayed,FEDEX,Northeast,106.49,539.31,10,False,False,7.0,False,3.0,2026-04-27T23:39:17.576413
TRK000000348,2023-03-02,2023-06-03,2023-04-03,Delivered,USPS,Midwest,263.85,573.67,38,False,False,32.0,True,0.0,2026-04-27T23:39:17.576413
TRK000001152,2023-03-02,2023-06-03,2023-04-03,Delayed,USPS,Northeast,358.13,526.66,42,False,False,32.0,False,0.0,2026-04-27T23:39:17.576413
TRK000003595,2023-03-02,2023-06-02,2023-02-07,In Transit,XPO,West Coast,395.04,130.33,28,False,False,-23.0,False,0.0,2026-04-27T23:39:17.576413
TRK000001238,2023-03-02,2023-03-06,2023-03-04,Delayed,UPS,West Coast,147.52,91.61,49,False,False,2.0,False,0.0,2026-04-27T23:39:17.576413
TRK000001986,2023-03-02,2023-02-08,2023-02-06,Delayed,FEDEX,Northeast,352.56,823.11,34,False,False,-24.0,False,0.0,2026-04-27T23:39:17.576413
TRK000004475,2023-03-02,2023-03-03,2023-03-02,Delivered,FEDEX,Midwest,47.05,190.03,46,False,False,0.0,True,0.0,2026-04-27T23:39:17.576413
TRK000001284,2023-03-02,2023-03-03,2023-03-03,Delayed,FEDEX,Midwest,521.38,128.09,36,False,False,1.0,False,0.0,2026-04-27T23:39:17.576413
API000460,2023-03-02,2023-03-05,2023-03-09,In Transit,FEDEX,Northeast,363.37,587.47,20,False,False,7.0,False,4.0,2026-04-27T23:39:17.576413
TRK000003524,2023-03-02,2023-03-07,2023-03-11,In Transit,FEDEX,Midwest,253.15,411.5,42,False,False,9.0,False,4.0,2026-04-27T23:39:17.576413
TRK000004073,2023-03-01,2023-01-10,2023-01-11,Cancelled,FEDEX,Midwest,254.61,531.4,11,False,False,-49.0,False,1.0,2026-04-27T23:39:17.576413
TRK000000038,2023-03-01,2023-07-03,2023-03-11,Cancelled,FEDEX,West Coast,17.15,858.44,37,False,False,10.0,False,0.0,2026-04-27T23:39:17.576413
TRK000003392,2023-03-01,2023-01-10,2023-08-01,Delayed,XPO,Southwest,75.87,463.85,4,False,False,153.0,False,203.0,2026-04-27T23:39:17.576413
TRK000001443,2023-03-01,2023-01-08,2023-09-01,Delivered,UPS,Southwest,59.7,568.7,32,False,False,184.0,False,236.0,2026-04-27T23:39:17.576413
TRK000004713,2023-03-01,2023-03-06,,Cancelled,FEDEX,West Coast,268.6,799.05,50,False,False,,False,,2026-04-27T23:39:17.576413
TRK000004444,2023-03-01,2023-03-08,2023-03-13,Delayed,FEDEX,Midwest,157.99,735.21,36,False,False,12.0,False,5.0,2026-04-27T23:39:17.576413
TRK000000555,2023-02-28,2023-03-04,2023-03-08,Delivered,FEDEX,Midwest,142.45,346.19,32,False,False,8.0,False,4.0,2026-04-27T23:39:17.576413
TRK000002057,2023-02-28,2023-03-06,2023-03-10,Cancelled,UPS,Southwest,321.19,228.1,14,False,False,10.0,False,4.0,2026-04-27T23:39:17.576413
TRK000002994,2023-02-28,2023-03-06,2023-03-08,In Transit,DHL,Southeast,466.0,472.4,21,False,False,8.0,False,2.0,2026-04-27T23:39:17.576413
TRK000001694,2023-02-28,2023-03-02,2023-03-03,Delivered,UPS,Midwest,84.96,588.88,21,False,False,3.0,False,1.0,2026-04-27T23:39:17.576413
TRK000002749,2023-02-28,2023-03-03,,In Transit,USPS,Midwest,307.86,375.22,40,False,False,,False,,2026-04-27T23:39:17.576413
TRK000004659,2023-02-28,2023-03-04,,Cancelled,FEDEX,Southwest,105.91,91.09,8,False,False,,False,,2026-04-27T23:39:17.576413
TRK000003542,2023-02-28,2023-03-07,2023-03-10,Delivered,FEDEX,Northeast,351.12,146.92,12,False,False,10.0,False,3.0,2026-04-27T23:39:17.576413
API000412,2023-02-28,2023-03-04,,Delayed,UPS,Northeast,194.88,452.06,14,False,False,,False,,2026-04-27T23:39:17.576413
TRK000001595,2023-02-27,2023-03-05,2023-03-04,Cancelled,FEDEX,Midwest,357.84,853.67,49,False,False,5.0,False,0.0,2026-04-27T23:39:17.576413
TRK000000076,2023-02-27,2023-03-03,2023-03-02,Delivered,XPO,Midwest,185.59,319.02,42,False,False,3.0,True,0.0,2026-04-27T23:39:17.576413
TRK000000266,2023-02-27,2023-03-02,2023-03-02,In Transit,USPS,Northeast,16.34,773.04,38,False,False,3.0,False,0.0,2026-04-27T23:39:17.576413
TRK000000074,2023-02-27,2023-03-02,2023-03-01,In Transit,XPO,Midwest,585.01,511.71,16,False,False,2.0,False,0.0,2026-04-27T23:39:17.576413
TRK000003172,2023-02-27,2023-04-03,2023-03-02,Delivered,FEDEX,Midwest,88.97,352.17,40,False,False,3.0,True,0.0,2026-04-27T23:39:17.576413
TRK000002054,2023-02-27,2023-03-04,,Delayed,FEDEX,Northeast,170.98,890.39,34,False,False,,False,,2026-04-27T23:39:17.576413
TRK000003778,2023-02-27,2023-03-01,2023-03-02,Delivered,FEDEX,Northeast,424.16,163.26,40,False,False,3.0,False,1.0,2026-04-27T23:39:17.576413
TRK000003195,2023-02-26,2023-03-04,2023-03-04,Delivered,UPS,Northeast,90.15,615.46,32,False,False,6.0,True,0.0,2026-04-27T23:39:17.576413
TRK000002257,2023-02-26,2023-02-03,,Delivered,UPS,Southeast,188.62,813.48,38,False,False,,False,,2026-04-27T23:39:17.576413
TRK000003031,2023-02-26,2023-02-28,2023-02-26,Delivered,XPO,Northeast,222.75,642.63,41,False,False,0.0,True,0.0,2026-04-27T23:39:17.576413
TRK000001440,2023-02-26,2023-03-03,2023-03-04,Cancelled,FEDEX,Midwest,397.68,473.44,6,False,False,6.0,False,1.0,2026-04-27T23:39:17.576413
API000086,2023-02-26,2023-03-02,2023-03-02,In Transit,UPS,Midwest,269.44,92.19,15,False,False,4.0,False,0.0,2026-04-27T23:39:17.576413
TRK000002635,2023-02-26,2023-03-03,2023-03-03,In Transit,DHL,Midwest,209.08,878.11,26,False,False,5.0,False,0.0,2026-04-27T23:39:17.576413
TRK000003792,2023-02-26,2023-02-03,2023-03-01,Delivered,FEDEX,Southeast,73.37,558.08,7,False,False,3.0,False,26.0,2026-04-27T23:39:17.576413
TRK000000238,2023-02-26,2023-03-03,2023-03-06,In Transit,USPS,Midwest,524.36,705.08,29,False,False,8.0,False,3.0,2026-04-27T23:39:17.576413
TRK000002688,2023-02-26,2023-02-03,2023-03-04,In Transit,FEDEX,Northeast,405.87,857.2,24,False,False,6.0,False,29.0,2026-04-27T23:39:17.576413
TRK000000788,2023-02-26,2023-05-03,2023-03-08,Delayed,FEDEX,Southwest,104.08,336.78,23,False,False,10.0,False,0.0,2026-04-27T23:39:17.576413
TRK000001981,2023-02-25,2023-02-28,2023-05-03,Delayed,DHL,Midwest,586.77,287.82,45,False,False,67.0,False,64.0,2026-04-27T23:39:17.576413
TRK000002701,2023-02-25,2023-02-27,2023-03-04,Cancelled,FEDEX,Midwest,357.06,99.03,19,False,False,7.0,False,5.0,2026-04-27T23:39:17.576413
TRK000004640,2023-02-25,2023-03-03,2023-03-04,Delivered,FEDEX,Southwest,309.43,419.47,5,False,False,7.0,False,1.0,2026-04-27T23:39:17.576413
TRK000001812,2023-02-25,2023-02-28,2023-03-01,Delivered,XPO,Midwest,129.59,287.49,32,False,False,4.0,False,1.0,2026-04-27T23:39:17.576413
API000095,2023-02-25,2023-02-28,2023-03-05,In Transit,UPS,West Coast,224.5,158.1,26,False,False,8.0,False,5.0,2026-04-27T23:39:17.576413
TRK000001394,2023-02-25,2023-02-28,2023-03-01,In Transit,FEDEX,Northeast,69.01,493.28,41,False,False,4.0,False,1.0,2026-04-27T23:39:17.576413
TRK000002363,2023-02-25,2023-02-26,2023-02-25,Delivered,UPS,Southeast,191.97,858.29,28,False,False,0.0,True,0.0,2026-04-27T23:39:17.576413
TRK000000458,2023-02-25,2023-04-03,2023-03-06,Delivered,USPS,Midwest,48.14,588.94,40,False,False,9.0,True,0.0,2026-04-27T23:39:17.576413
TRK000000195,2023-02-25,2023-02-26,2023-02-26,Cancelled,USPS,Midwest,575.68,225.71,11,False,False,1.0,False,0.0,2026-04-27T23:39:17.576413
TRK000003933,2023-02-24,2023-03-01,2023-03-06,Delayed,FEDEX,Midwest,555.73,866.3,21,False,False,10.0,False,5.0,2026-04-27T23:39:17.576413
TRK000000963,2023-02-24,2023-02-25,2023-02-28,In Transit,FEDEX,Midwest,305.78,689.6,27,False,False,4.0,False,3.0,2026-04-27T23:39:17.576413
TRK000004213,2023-02-24,2023-02-03,2023-03-03,Cancelled,DHL,Midwest,276.85,747.08,50,False,False,7.0,False,28.0,2026-04-27T23:39:17.576413
TRK000001227,2023-02-24,2023-02-27,2023-03-02,Cancelled,FEDEX,Southeast,523.59,91.41,44,False,False,6.0,False,3.0,2026-04-27T23:39:17.576413
TRK000000343,2023-02-24,2023-03-03,2023-03-02,Cancelled,FEDEX,West Coast,113.13,738.94,8,False,False,6.0,False,0.0,2026-04-27T23:39:17.576413
TRK000001849,2023-02-24,2023-03-03,,Cancelled,UPS,West Coast,561.07,215.2,7,False,False,,False,,2026-04-27T23:39:17.576413
API000302,2023-02-24,2023-02-26,2023-02-27,Delayed,DHL,Northeast,155.8,628.19,8,False,False,3.0,False,1.0,2026-04-27T23:39:17.576413
TRK000000465,2023-02-24,2023-03-03,2023-03-08,Delivered,DHL,Southeast,415.51,61.97,11,False,False,12.0,False,5.0,2026-04-27T23:39:17.576413
TRK000000691,2023-02-24,2023-02-25,2023-02-27,Delayed,FEDEX,West Coast,580.01,237.74,46,False,False,3.0,False,2.0,2026-04-27T23:39:17.576413
TRK000002862,2023-02-24,2023-02-25,2023-02-28,In Transit,UPS,Southwest,261.68,143.24,14,False,False,4.0,False,3.0,2026-04-27T23:39:17.576413
TRK000002958,2023-02-24,2023-03-03,2023-03-05,Delayed,UPS,Midwest,221.03,520.38,2,False,False,9.0,False,2.0,2026-04-27T23:39:17.576413
TRK000004257,2023-02-24,2023-03-03,2023-03-07,Cancelled,DHL,Southwest,380.58,-214.29,44,True,False,11.0,False,4.0,2026-04-27T23:39:17.576413
TRK000003655,2023-02-23,2023-02-27,2023-02-27,Delivered,FEDEX,Southwest,498.59,766.84,18,False,False,4.0,True,0.0,2026-04-27T23:39:17.576413
TRK000000495,2023-02-23,2023-03-01,2023-03-03,Cancelled,XPO,Midwest,79.26,273.65,40,False,False,8.0,False,2.0,2026-04-27T23:39:17.576413
TRK000002155,2023-02-23,2023-02-27,2023-02-28,Cancelled,UPS,Southeast,349.35,51.67,29,False,False,5.0,False,1.0,2026-04-27T23:39:17.576413
TRK000001292,2023-02-23,2023-02-28,2023-03-01,Cancelled,UPS,Midwest,589.46,106.07,15,False,False,6.0,False,1.0,2026-04-27T23:39:17.576413
TRK000004249,2023-02-23,2023-02-28,2023-03-02,Delayed,FEDEX,Southeast,339.17,463.9,36,False,False,7.0,False,2.0,2026-04-27T23:39:17.576413
TRK000002553,2023-02-23,2023-02-26,2023-02-24,In Transit,FEDEX,Northeast,204.36,688.71,31,False,False,1.0,False,0.0,2026-04-27T23:39:17.576413
TRK000003536,2023-02-22,2023-02-25,2023-01-03,Delayed,FEDEX,Northeast,3.59,535.1,8,False,False,-50.0,False,0.0,2026-04-27T23:39:17.576413
TRK000001771,2023-02-22,2023-02-23,2023-02-26,Cancelled,USPS,Midwest,374.88,706.93,32,False,False,4.0,False,3.0,2026-04-27T23:39:17.576413
TRK000003794,2023-02-22,2023-02-25,,Delayed,FEDEX,Southwest,292.17,585.85,38,False,False,,False,,2026-04-27T23:39:17.576413
TRK000002264,2023-02-22,2023-02-26,2023-03-01,Delivered,XPO,Southeast,35.88,792.81,18,False,False,7.0,False,3.0,2026-04-27T23:39:17.576413
TRK000000728,2023-02-22,2023-02-28,2023-02-26,Delivered,UPS,Northeast,272.62,427.85,14,False,False,4.0,True,0.0,2026-04-27T23:39:17.576413
TRK000000065,2023-02-22,2023-02-28,,In Transit,DHL,Southwest,250.58,108.94,26,False,False,,False,,2026-04-27T23:39:17.576413
TRK000001397,2023-02-22,2023-02-28,2023-03-03,Delayed,FEDEX,Southwest,490.72,371.92,40,False,False,9.0,False,3.0,2026-04-27T23:39:17.576413
API000060,2023-02-22,2023-02-25,,In Transit,DHL,West Coast,22.39,643.18,23,False,False,,False,,2026-04-27T23:39:17.576413
TRK000003503,2023-02-22,2023-02-28,2023-02-27,In Transit,DHL,Midwest,475.62,-612.59,42,True,False,5.0,False,0.0,2026-04-27T23:39:17.576413
TRK000004717,2023-02-22,2023-02-24,2023-02-28,In Transit,UPS,Midwest,594.83,665.32,21,False,False,6.0,False,4.0,2026-04-27T23:39:17.576413
TRK000003158,2023-02-22,2023-02-23,,Delayed,FEDEX,Southwest,511.65,319.77,38,False,False,,False,,2026-04-27T23:39:17.576413
TRK000001272,2023-02-21,2023-02-26,2023-02-03,Delivered,FEDEX,Midwest,317.98,542.14,1,False,False,-18.0,True,0.0,2026-04-27T23:39:17.576413
API000439,2023-02-21,2023-02-25,2023-02-28,Delayed,UPS,Midwest,322.44,139.74,4,False,False,7.0,False,3.0,2026-04-27T23:39:17.576413
TRK000000936,2023-02-21,2023-02-27,,Delayed,UPS,Southwest,77.34,92.36,11,False,False,,False,,2026-04-27T23:39:17.576413
TRK000000035,2023-02-21,2023-02-26,2023-02-25,Cancelled,FEDEX,Northeast,42.99,541.64,14,False,False,4.0,False,0.0,2026-04-27T23:39:17.576413
TRK000002546,2023-02-21,2023-02-24,2023-02-27,In Transit,UPS,Midwest,104.66,541.41,29,False,False,6.0,False,3.0,2026-04-27T23:39:17.576413
API000240,2023-02-21,2023-02-23,,Delayed,DHL,Northeast,17.27,313.33,16,False,False,,False,,2026-04-27T23:39:17.576413
TRK000001795,2023-02-21,2023-02-22,2023-02-25,Delayed,DHL,Southeast,294.92,744.18,4,False,False,4.0,False,3.0,2026-04-27T23:39:17.576413
TRK000003984,2023-02-20,2023-02-27,,Delivered,FEDEX,Northeast,382.66,772.73,46,False,False,,False,,2026-04-27T23:39:17.576413
TRK000004131,2023-02-20,2023-02-25,2023-02-24,Delayed,USPS,Northeast,33.3,698.38,44,False,False,4.0,False,0.0,2026-04-27T23:39:17.576413
TRK000004434,2023-02-20,2023-02-24,2023-02-26,In Transit,FEDEX,Northeast,428.42,176.86,13,False,False,6.0,False,2.0,2026-04-27T23:39:17.576413
TRK000004900,2023-02-20,2023-02-25,,In Transit,DHL,Midwest,208.95,601.48,25,False,False,,False,,2026-04-27T23:39:17.576413
TRK000002126,2023-02-20,2023-02-25,2023-02-24,Delayed,FEDEX,Midwest,472.8,375.23,47,False,False,4.0,False,0.0,2026-04-27T23:39:17.576413
TRK000000394,2023-02-20,2023-02-22,2023-02-26,Delayed,USPS,Midwest,433.87,801.74,8,False,False,6.0,False,4.0,2026-04-27T23:39:17.576413
TRK000001032,2023-02-20,2023-02-22,,In Transit,FEDEX,Northeast,546.77,212.24,24,False,False,,False,,2026-04-27T23:39:17.576413
TRK000002039,2023-02-19,2023-02-24,2023-02-28,Delivered,USPS,Midwest,209.06,292.47,11,False,False,9.0,False,4.0,2026-04-27T23:39:17.576413
TRK000003551,2023-02-19,2023-02-25,,In Transit,UPS,Southwest,43.18,864.66,38,False,False,,False,,2026-04-27T23:39:17.576413
API000015,2023-02-19,2023-02-23,2023-02-27,In Transit,DHL,West Coast,282.21,425.38,23,False,False,8.0,False,4.0,2026-04-27T23:39:17.576413
TRK000001098,2023-02-18,2023-02-23,2023-02-28,Delayed,DHL,Midwest,342.06,236.57,32,False,False,10.0,False,5.0,2026-04-27T23:39:17.576413
TRK000001831,2023-02-18,2023-02-22,,Delivered,FEDEX,Southeast,336.65,188.84,17,False,False,,False,,2026-04-27T23:39:17.576413
TRK000001755,2023-02-18,2023-02-20,2023-02-22,Delayed,FEDEX,West Coast,596.42,408.81,40,False,False,4.0,False,2.0,2026-04-27T23:39:17.576413
TRK000000708,2023-02-18,2023-02-20,2023-02-24,In Transit,UPS,Southeast,441.73,342.99,10,False,False,6.0,False,4.0,2026-04-27T23:39:17.576413
TRK000002552,2023-02-18,2023-02-25,2023-02-25,Delivered,FEDEX,Northeast,545.63,516.48,22,False,False,7.0,True,0.0,2026-04-27T23:39:17.576413
TRK000002053,2023-02-18,2023-02-25,2023-02-28,Delivered,DHL,Midwest,339.51,874.47,12,False,False,10.0,False,3.0,2026-04-27T23:39:17.576413
TRK000001317,2023-02-18,2023-02-24,2023-02-26,In Transit,USPS,Midwest,481.86,340.01,40,False,False,8.0,False,2.0,2026-04-27T23:39:17.576413
TRK000001435,2023-02-18,2023-02-19,2023-02-19,In Transit,UPS,Northeast,32.39,832.81,20,False,False,1.0,False,0.0,2026-04-27T23:39:17.576413
TRK000003309,2023-02-18,2023-02-25,2023-02-23,Delayed,UPS,Midwest,533.85,546.75,50,False,False,5.0,False,0.0,2026-04-27T23:39:17.576413
TRK000004559,2023-02-18,2023-02-19,2023-02-22,Cancelled,UPS,Southeast,412.98,875.9,30,False,False,4.0,False,3.0,2026-04-27T23:39:17.576413
TRK000003565,2023-02-17,2023-02-19,2023-02-23,In Transit,FEDEX,Southwest,573.12,72.6,35,False,False,6.0,False,4.0,2026-04-27T23:39:17.576413
TRK000002686,2023-02-17,2023-02-22,2023-02-20,In Transit,FEDEX,Southwest,282.91,862.56,49,False,False,3.0,False,0.0,2026-04-27T23:39:17.576413
TRK000004974,2023-02-17,2023-02-18,2023-02-16,Delayed,UPS,Northeast,206.85,71.16,12,False,False,-1.0,False,0.0,2026-04-27T23:39:17.576413
TRK000004203,2023-02-17,2023-02-23,,Delivered,FEDEX,Southwest,65.07,385.51,14,False,False,,False,,2026-04-27T23:39:17.576413
TRK000000306,2023-02-17,2023-02-24,2023-02-27,Delivered,FEDEX,Midwest,552.54,743.0,31,False,False,10.0,False,3.0,2026-04-27T23:39:17.576413
TRK000001403,2023-02-16,2023-02-20,2023-02-20,Delivered,FEDEX,Northeast,324.9,171.9,26,False,False,4.0,True,0.0,2026-04-27T23:39:17.576413
TRK000000881,2023-02-16,2023-02-18,2023-02-18,Delivered,FEDEX,West Coast,249.51,529.89,11,False,False,2.0,True,0.0,2026-04-27T23:39:17.576413
TRK000002675,2023-02-16,2023-02-23,2023-02-26,Delivered,UPS,Southeast,1.35,752.16,50,False,False,10.0,False,3.0,2026-04-27T23:39:17.576413
TRK000001456,2023-02-16,2023-02-21,,Delayed,FEDEX,Midwest,306.06,876.6,36,False,False,,False,,2026-04-27T23:39:17.576413
TRK000000656,2023-02-15,2023-02-18,2023-02-23,Delayed,UPS,Southeast,251.62,120.48,50,False,False,8.0,False,5.0,2026-04-27T23:39:17.576413
TRK000000623,2023-02-15,2023-02-19,2023-02-22,Delivered,FEDEX,Southwest,510.54,516.98,5,False,False,7.0,False,3.0,2026-04-27T23:39:17.576413
TRK000001007,2023-02-15,2023-02-19,2023-02-21,In Transit,DHL,Midwest,29.38,236.97,17,False,False,6.0,False,2.0,2026-04-27T23:39:17.576413
TRK000003135,2023-02-15,2023-02-17,2023-02-21,Delayed,XPO,Midwest,437.84,878.19,12,False,False,6.0,False,4.0,2026-04-27T23:39:17.576413
TRK000002825,2023-02-15,2023-02-19,2023-02-21,Delayed,DHL,Midwest,253.94,232.99,35,False,False,6.0,False,2.0,2026-04-27T23:39:17.576413
TRK000004825,2023-02-15,2023-02-20,2023-02-19,In Transit,FEDEX,Northeast,230.59,171.75,18,False,False,4.0,False,0.0,2026-04-27T23:39:17.576413
TRK000001720,2023-02-14,2023-02-18,2023-02-16,Delivered,FEDEX,Midwest,403.65,386.63,9,False,False,2.0,True,0.0,2026-04-27T23:39:17.576413
TRK000002261,2023-02-14,2023-02-19,2023-02-17,In Transit,FEDEX,West Coast,131.72,418.78,16,False,False,3.0,False,0.0,2026-04-27T23:39:17.576413
TRK000002145,2023-02-14,2023-02-18,2023-02-22,Delivered,FEDEX,Southwest,70.39,181.53,29,False,False,8.0,False,4.0,2026-04-27T23:39:17.576413
TRK000001110,2023-02-14,2023-02-19,2023-02-24,Delivered,FEDEX,Northeast,290.71,666.56,30,False,False,10.0,False,5.0,2026-04-27T23:39:17.576413
TRK000001774,2023-02-14,2023-02-15,2023-02-13,Delayed,DHL,West Coast,86.85,537.48,9,False,False,-1.0,False,0.0,2026-04-27T23:39:17.576413
TRK000001519,2023-02-13,2023-02-18,2023-02-21,Delayed,UPS,Midwest,90.08,201.44,8,False,False,8.0,False,3.0,2026-04-27T23:39:17.576413
TRK000000367,2023-02-13,2023-02-15,2023-02-17,Cancelled,XPO,Southwest,462.91,522.99,42,False,False,4.0,False,2.0,2026-04-27T23:39:17.576413
TRK000003191,2023-02-13,2023-02-17,2023-02-20,In Transit,FEDEX,Midwest,516.12,806.43,28,False,False,7.0,False,3.0,2026-04-27T23:39:17.576413
TRK000004343,2023-02-13,2023-02-15,2023-02-13,Delayed,FEDEX,Midwest,192.91,492.22,48,False,False,0.0,False,0.0,2026-04-27T23:39:17.576413
TRK000004868,2023-02-13,2023-02-20,2023-02-18,Delayed,UPS,Southwest,468.4,711.32,2,False,False,5.0,False,0.0,2026-04-27T23:39:17.576413
TRK000001776,2023-02-13,2023-02-15,2023-02-16,In Transit,USPS,Southeast,247.3,662.96,18,False,False,3.0,False,1.0,2026-04-27T23:39:17.576413
API000331,2023-02-13,2023-02-17,2023-02-18,Delivered,UPS,Northeast,85.87,136.69,13,False,False,5.0,False,1.0,2026-04-27T23:39:17.576413
TRK000001393,2023-02-12,2023-12-05,,Delivered,USPS,Midwest,332.56,559.48,38,False,False,,False,,2026-04-27T23:39:17.576413
TRK000001985,2023-02-12,2023-02-19,2023-02-20,Delayed,USPS,Midwest,6.21,649.54,11,False,False,8.0,False,1.0,2026-04-27T23:39:17.576413
TRK000000383,2023-02-12,2023-02-14,2023-02-18,Delivered,UPS,Southeast,74.97,875.97,37,False,False,6.0,False,4.0,2026-04-27T23:39:17.576413
API000413,2023-02-12,2023-02-17,,Delivered,DHL,Northeast,337.83,423.24,5,False,False,,False,,2026-04-27T23:39:17.576413
TRK000001830,2023-02-12,2023-12-07,2023-12-08,In Transit,USPS,Midwest,230.54,199.97,12,False,False,299.0,False,1.0,2026-04-27T23:39:17.576413
TRK000004544,2023-02-12,2023-02-16,,Delivered,XPO,Midwest,470.2,533.9,13,False,False,,False,,2026-04-27T23:39:17.576413
TRK000002598,2023-02-12,2023-02-13,2023-02-17,Cancelled,DHL,Midwest,486.15,872.33,43,False,False,5.0,False,4.0,2026-04-27T23:39:17.576413
TRK000000441,2023-02-12,2023-02-15,,Cancelled,FEDEX,Midwest,161.9,683.42,38,False,False,,False,,2026-04-27T23:39:17.576413
TRK000003716,2023-02-12,2023-12-08,2023-12-10,In Transit,USPS,Northeast,596.22,54.3,5,False,False,301.0,False,2.0,2026-04-27T23:39:17.576413
TRK000001987,2023-02-11,2023-02-18,2023-02-20,Delayed,XPO,Midwest,597.88,525.52,35,False,False,9.0,False,2.0,2026-04-27T23:39:17.576413
TRK000002596,2023-02-11,2023-02-18,2023-02-19,Delayed,XPO,West Coast,49.61,151.43,13,False,False,8.0,False,1.0,2026-04-27T23:39:17.576413
TRK000001780,2023-02-11,2023-02-14,2023-02-16,Delivered,USPS,West Coast,153.89,107.37,2,False,False,5.0,False,2.0,2026-04-27T23:39:17.576413
TRK000004329,2023-02-11,2023-11-03,,Delivered,UPS,Midwest,476.97,545.42,12,False,False,,False,,2026-04-27T23:39:17.576413
TRK000004774,2023-02-11,2023-11-05,2023-11-08,Delayed,FEDEX,Midwest,512.85,486.56,44,False,False,270.0,False,3.0,2026-04-27T23:39:17.576413
TRK000003599,2023-02-11,2023-11-09,,Delivered,DHL,Midwest,127.92,111.79,48,False,False,,False,,2026-04-27T23:39:17.576413
TRK000001247,2023-02-11,2023-02-15,2023-02-16,Cancelled,UPS,Northeast,31.22,58.25,9,False,False,5.0,False,1.0,2026-04-27T23:39:17.576413
TRK000001053,2023-02-10,2023-04-10,2023-10-08,Cancelled,UPS,Northeast,133.04,224.16,39,False,False,240.0,False,181.0,2026-04-27T23:39:17.576413
TRK000001319,2023-02-10,2023-02-15,2023-02-19,Cancelled,FEDEX,West Coast,523.75,600.84,34,False,False,9.0,False,4.0,2026-04-27T23:39:17.576413
TRK000003686,2023-02-10,2023-02-11,2023-02-13,Delivered,DHL,Midwest,191.11,366.63,14,False,False,3.0,False,2.0,2026-04-27T23:39:17.576413
TRK000002024,2023-02-10,2023-10-09,,Delivered,UPS,Midwest,589.8,491.17,30,False,False,,False,,2026-04-27T23:39:17.576413
TRK000003489,2023-02-10,2023-02-11,2023-02-14,Cancelled,UPS,West Coast,27.52,720.59,21,False,False,4.0,False,3.0,2026-04-27T23:39:17.576413
TRK000002019,2023-02-09,2023-09-05,2023-09-03,Delayed,XPO,Northeast,429.95,429.51,7,False,False,206.0,False,0.0,2026-04-27T23:39:17.576413
TRK000004357,2023-02-09,2023-02-13,2023-02-17,Delayed,USPS,Midwest,378.39,586.37,39,False,False,8.0,False,4.0,2026-04-27T23:39:17.576413
TRK000002948,2023-02-09,2023-02-15,,Delayed,UPS,Midwest,310.56,173.57,17,False,False,,False,,2026-04-27T23:39:17.576413
TRK000002649,2023-02-09,2023-02-15,2023-02-18,Cancelled,UPS,Northeast,531.22,176.66,16,False,False,9.0,False,3.0,2026-04-27T23:39:17.576413
API000182,2023-02-09,2023-02-14,2023-02-14,Delayed,UPS,Northeast,298.99,288.33,14,False,False,5.0,False,0.0,2026-04-27T23:39:17.576413
TRK000004860,2023-02-08,2023-08-04,,Delivered,DHL,Southeast,77.69,174.07,6,False,False,,False,,2026-04-27T23:39:17.576413
TRK000001249,2023-02-08,2023-02-15,,Cancelled,USPS,Northeast,151.29,454.24,38,False,False,,False,,2026-04-27T23:39:17.576413
TRK000003236,2023-02-08,2023-02-14,2023-02-12,Delivered,FEDEX,West Coast,343.52,108.86,14,False,False,4.0,True,0.0,2026-04-27T23:39:17.576413
TRK000000606,2023-02-08,2023-02-09,2023-11-02,Cancelled,USPS,Southeast,356.04,88.88,15,False,False,267.0,False,266.0,2026-04-27T23:39:17.576413
API000179,2023-02-08,2023-02-12,2023-02-09,Delayed,DHL,Northeast,231.14,100.88,10,False,False,1.0,False,0.0,2026-04-27T23:39:17.576413
TRK000003328,2023-02-08,2023-02-10,2023-02-09,In Transit,DHL,Southeast,310.06,394.08,25,False,False,1.0,False,0.0,2026-04-27T23:39:17.576413
TRK000003023,2023-02-08,2023-10-02,2023-02-12,Delivered,FEDEX,Midwest,553.89,83.11,41,False,False,4.0,True,0.0,2026-04-27T23:39:17.576413
TRK000003859,2023-02-08,2023-02-12,2023-02-14,Delivered,USPS,Northeast,124.56,627.3,14,False,False,6.0,False,2.0,2026-04-27T23:39:17.576413
TRK000000579,2023-02-08,2023-02-14,2023-02-12,Delivered,XPO,Southeast,156.62,417.48,4,False,False,4.0,True,0.0,2026-04-27T23:39:17.576413
TRK000001186,2023-02-08,2023-08-07,,Cancelled,FEDEX,West Coast,76.78,750.68,44,False,False,,False,,2026-04-27T23:39:17.576413
TRK000002119,2023-02-07,2023-08-02,,Cancelled,UPS,Southwest,23.43,503.74,19,False,False,,False,,2026-04-27T23:39:17.576413
TRK000002273,2023-02-07,2023-02-11,,Delivered,FEDEX,Midwest,394.46,204.82,37,False,False,,False,,2026-04-27T23:39:17.576413
TRK000004892,2023-02-07,2023-02-14,,Cancelled,USPS,West Coast,536.19,436.48,15,False,False,,False,,2026-04-27T23:39:17.576413
TRK000001579,2023-02-07,2023-02-09,2023-02-10,Delivered,UPS,Midwest,218.91,407.15,20,False,False,3.0,False,1.0,2026-04-27T23:39:17.576413
TRK000000243,2023-02-07,2023-02-12,2023-02-10,In Transit,FEDEX,West Coast,429.48,485.28,42,False,False,3.0,False,0.0,2026-04-27T23:39:17.576413
TRK000003050,2023-02-07,2023-07-03,2023-07-07,Delayed,UPS,Midwest,302.38,464.9,43,False,False,150.0,False,4.0,2026-04-27T23:39:17.576413
TRK000002620,2023-02-07,2023-02-11,2023-02-09,Delivered,FEDEX,Midwest,527.87,594.81,7,False,False,2.0,True,0.0,2026-04-27T23:39:17.576413
TRK000000280,2023-02-06,2023-02-08,,Cancelled,UPS,West Coast,213.55,825.92,45,False,False,,False,,2026-04-27T23:39:17.576413
TRK000001505,2023-02-06,2023-11-02,2023-02-14,Delayed,XPO,West Coast,50.12,200.4,4,False,False,8.0,False,0.0,2026-04-27T23:39:17.576413
TRK000004528,2023-02-06,2023-12-02,2023-02-14,Delivered,FEDEX,Southwest,50.42,667.93,33,False,False,8.0,True,0.0,2026-04-27T23:39:17.576413
TRK000002077,2023-02-06,2023-11-02,2023-02-16,Cancelled,XPO,Northeast,366.68,393.38,17,False,False,10.0,False,0.0,2026-04-27T23:39:17.576413
TRK000003397,2023-02-06,2023-02-12,2023-02-11,Delivered,UPS,West Coast,271.75,353.4,25,False,False,5.0,True,0.0,2026-04-27T23:39:17.576413
TRK000003264,2023-02-06,2023-03-06,,Delayed,XPO,Midwest,235.59,146.51,50,False,False,,False,,2026-04-27T23:39:17.576413
API000017,2023-02-06,2023-02-09,,Delivered,DHL,Midwest,135.74,138.97,5,False,False,,False,,2026-04-27T23:39:17.576413
TRK000002438,2023-02-05,2023-02-10,2023-02-09,Delivered,UPS,Southwest,68.7,395.48,33,False,False,4.0,True,0.0,2026-04-27T23:39:17.576413
TRK000003474,2023-02-05,2023-02-06,2023-02-08,In Transit,FEDEX,Midwest,559.77,766.97,37,False,False,3.0,False,2.0,2026-04-27T23:39:17.576413
TRK000001862,2023-02-05,2023-02-11,2023-02-11,In Transit,FEDEX,Midwest,423.4,319.96,18,False,False,6.0,False,0.0,2026-04-27T23:39:17.576413
TRK000000215,2023-02-05,2023-02-10,,Delayed,UPS,Midwest,465.61,375.43,33,False,False,,False,,2026-04-27T23:39:17.576413
TRK000000385,2023-02-05,2023-02-07,2023-08-02,Cancelled,FEDEX,Northeast,439.65,552.05,14,False,False,178.0,False,176.0,2026-04-27T23:39:17.576413
TRK000002564,2023-02-05,2023-05-04,2023-05-05,Cancelled,XPO,West Coast,70.59,298.07,42,False,False,89.0,False,1.0,2026-04-27T23:39:17.576413
TRK000001601,2023-02-05,2023-05-04,2023-04-05,Delayed,UPS,Midwest,113.57,668.02,9,False,False,59.0,False,0.0,2026-04-27T23:39:17.576413
TRK000004537,2023-02-04,2023-02-10,2023-09-02,Cancelled,FEDEX,Southwest,484.43,642.82,8,False,False,210.0,False,204.0,2026-04-27T23:39:17.576413
TRK000004643,2023-02-04,2023-02-05,2023-02-10,Delayed,UPS,Southwest,158.4,533.99,50,False,False,6.0,False,5.0,2026-04-27T23:39:17.576413
TRK000000730,2023-02-04,2023-04-08,2023-04-13,Delivered,DHL,Northeast,137.8,422.43,24,False,False,68.0,False,5.0,2026-04-27T23:39:17.576413
TRK000000931,2023-02-04,2023-02-06,2023-02-05,Delivered,XPO,Southwest,383.47,492.97,13,False,False,1.0,True,0.0,2026-04-27T23:39:17.576413
API000189,2023-02-04,2023-02-06,2023-02-09,Delivered,DHL,West Coast,80.64,537.66,9,False,False,5.0,False,3.0,2026-04-27T23:39:17.576413
TRK000001313,2023-02-04,2023-02-11,2023-02-11,Delayed,FEDEX,West Coast,158.42,387.25,29,False,False,7.0,False,0.0,2026-04-27T23:39:17.576413
TRK000002184,2023-02-03,2023-02-04,2023-02-08,In Transit,FEDEX,Midwest,124.76,886.81,42,False,False,5.0,False,4.0,2026-04-27T23:39:17.576413
TRK000003366,2023-02-03,2023-02-05,2023-02-09,Delivered,FEDEX,Midwest,9.4,801.91,39,False,False,6.0,False,4.0,2026-04-27T23:39:17.576413
TRK000004913,2023-02-03,2023-02-04,2023-02-06,Delayed,FEDEX,Northeast,423.63,122.06,35,False,False,3.0,False,2.0,2026-04-27T23:39:17.576413
TRK000000199,2023-02-03,2023-03-05,2023-03-09,Delayed,XPO,Southeast,528.44,886.28,44,False,False,34.0,False,4.0,2026-04-27T23:39:17.576413
TRK000002481,2023-02-03,2023-10-02,2023-02-08,Delayed,UPS,Midwest,123.73,579.76,8,False,False,5.0,False,0.0,2026-04-27T23:39:17.576413
TRK000002718,2023-02-02,2023-09-02,,Delivered,DHL,Midwest,526.75,416.03,18,False,False,,False,,2026-04-27T23:39:17.576413
TRK000003293,2023-02-02,2023-02-04,,Delivered,UPS,Northeast,363.97,212.87,5,False,False,,False,,2026-04-27T23:39:17.576413
TRK000003997,2023-02-02,2023-02-05,2023-02-04,Delayed,DHL,Southeast,47.31,657.82,4,False,False,2.0,False,0.0,2026-04-27T23:39:17.576413
TRK000000228,2023-02-02,2023-02-08,,Delayed,USPS,Southeast,125.69,462.79,2,False,False,,False,,2026-04-27T23:39:17.576413
TRK000003303,2023-02-02,2023-02-07,,Cancelled,FEDEX,Midwest,68.41,815.06,3,False,False,,False,,2026-04-27T23:39:17.576413
TRK000000996,2023-02-02,2023-02-03,2023-02-06,Delivered,USPS,West Coast,14.8,461.32,33,False,False,4.0,False,3.0,2026-04-27T23:39:17.576413
TRK000001020,2023-02-02,2023-07-02,2023-02-07,In Transit,FEDEX,Northeast,163.82,59.24,6,False,False,5.0,False,0.0,2026-04-27T23:39:17.576413
TRK000003803,2023-02-02,2023-02-08,2023-02-08,Delivered,USPS,Southwest,410.09,541.33,34,False,False,6.0,True,0.0,2026-04-27T23:39:17.576413
TRK000001361,2023-02-02,2023-05-02,2023-02-05,In Transit,UPS,Midwest,189.87,148.38,2,False,False,3.0,False,0.0,2026-04-27T23:39:17.576413
TRK000003640,2023-02-01,2023-05-02,2023-02-08,Delayed,UPS,West Coast,394.38,770.32,12,False,False,7.0,False,0.0,2026-04-27T23:39:17.576413
API000062,2023-02-01,2023-02-02,,Delayed,DHL,Northeast,38.59,288.34,13,False,False,,False,,2026-04-27T23:39:17.576413
TRK000004109,2023-02-01,2023-02-06,2023-02-06,Cancelled,FEDEX,Midwest,169.19,501.29,17,False,False,5.0,False,0.0,2026-04-27T23:39:17.576413
TRK000003096,2023-02-01,2023-02-03,2023-02-04,Cancelled,DHL,Southwest,304.11,408.09,12,False,False,3.0,False,1.0,2026-04-27T23:39:17.576413
TRK000000545,2023-02-01,2023-04-02,2023-06-02,In Transit,UPS,Midwest,314.88,126.52,50,False,False,121.0,False,61.0,2026-04-27T23:39:17.576413
TRK000001191,2023-02-01,2023-02-08,2023-02-11,Delayed,UPS,Midwest,138.28,648.66,6,False,False,10.0,False,3.0,2026-04-27T23:39:17.576413
TRK000000518,2023-02-01,2023-02-07,2023-02-09,In Transit,DHL,Northeast,365.22,579.47,31,False,False,8.0,False,2.0,2026-04-27T23:39:17.576413
API000074,2023-02-01,2023-02-04,2023-02-03,In Transit,DHL,Midwest,351.17,559.0,4,False,False,2.0,False,0.0,2026-04-27T23:39:17.576413
TRK000000247,2023-02-01,2023-02-03,2023-02-02,Delayed,UPS,Southeast,18.61,624.57,13,False,False,1.0,False,0.0,2026-04-27T23:39:17.576413
TRK000001517,2023-01-31,2023-01-02,2023-01-31,Delivered,FEDEX,Midwest,516.77,422.01,26,False,False,0.0,False,29.0,2026-04-27T23:39:17.576413
TRK000003654,2023-01-31,2023-02-02,2023-02-05,In Transit,FEDEX,Midwest,27.13,678.7,8,False,False,5.0,False,3.0,2026-04-27T23:39:17.576413
TRK000000635,2023-01-31,2023-01-02,2023-02-03,Delivered,FEDEX,Midwest,454.53,120.06,27,False,False,3.0,False,32.0,2026-04-27T23:39:17.576413
TRK000000319,2023-01-31,2023-02-07,,Cancelled,UPS,Midwest,536.38,423.38,42,False,False,,False,,2026-04-27T23:39:17.576413
TRK000000790,2023-01-31,2023-02-04,2023-02-02,In Transit,XPO,West Coast,384.46,671.98,9,False,False,2.0,False,0.0,2026-04-27T23:39:17.576413
TRK000004619,2023-01-31,2023-02-04,2023-02-04,In Transit,XPO,Midwest,238.21,274.35,48,False,False,4.0,False,0.0,2026-04-27T23:39:17.576413
TRK000001853,2023-01-31,2023-02-06,2023-02-09,Delayed,UPS,Southeast,539.96,692.23,12,False,False,9.0,False,3.0,2026-04-27T23:39:17.576413
TRK000000924,2023-01-30,2023-02-01,2023-02-05,In Transit,FEDEX,West Coast,514.41,253.29,4,False,False,6.0,False,4.0,2026-04-27T23:39:17.576413
TRK000001596,2023-01-30,2023-01-31,2023-01-29,Delivered,DHL,Midwest,340.8,321.74,37,False,False,-1.0,True,0.0,2026-04-27T23:39:17.576413
API000107,2023-01-30,2023-02-01,2023-02-04,Delayed,FEDEX,Midwest,234.79,694.06,13,False,False,5.0,False,3.0,2026-04-27T23:39:17.576413
TRK000001331,2023-01-30,2023-02-02,2023-01-02,Delivered,FEDEX,Midwest,266.7,879.91,24,False,False,-28.0,True,0.0,2026-04-27T23:39:17.576413
TRK000001385,2023-01-30,2023-06-02,2023-09-02,In Transit,USPS,Midwest,40.81,228.49,38,False,False,215.0,False,92.0,2026-04-27T23:39:17.576413
TRK000000874,2023-01-30,2023-02-06,2023-09-02,Cancelled,XPO,West Coast,94.24,580.1,43,False,False,215.0,False,208.0,2026-04-27T23:39:17.576413
TRK000001051,2023-01-30,2023-02-02,2023-02-05,Delivered,UPS,Southwest,166.49,870.45,45,False,False,6.0,False,3.0,2026-04-27T23:39:17.576413
TRK000001167,2023-01-30,2023-02-02,2023-04-02,Delivered,FEDEX,Midwest,39.09,609.87,27,False,False,62.0,False,59.0,2026-04-27T23:39:17.576413
TRK000003973,2023-01-30,2023-01-02,2023-02-01,Delivered,FEDEX,Northeast,406.04,240.79,43,False,False,2.0,False,30.0,2026-04-27T23:39:17.576413
TRK000002735,2023-01-29,2023-05-02,,Delivered,FEDEX,West Coast,50.26,595.35,11,False,False,,False,,2026-04-27T23:39:17.576413
TRK000004731,2023-01-29,2023-02-04,2023-02-08,In Transit,USPS,Midwest,405.48,837.38,35,False,False,10.0,False,4.0,2026-04-27T23:39:17.576413
TRK000000264,2023-01-29,2023-02-05,2023-08-02,Delivered,UPS,Southeast,156.47,138.57,24,False,False,185.0,False,178.0,2026-04-27T23:39:17.576413
TRK000001086,2023-01-29,2023-02-02,2023-02-06,Delayed,FEDEX,Northeast,572.17,8243.09,11,False,True,8.0,False,4.0,2026-04-27T23:39:17.576413
TRK000002081,2023-01-29,2023-01-30,2023-01-31,Delayed,DHL,Southwest,577.89,93.17,31,False,False,2.0,False,1.0,2026-04-27T23:39:17.576413
TRK000004564,2023-01-29,2023-01-31,2023-02-01,Delivered,UPS,Southwest,538.53,320.01,33,False,False,3.0,False,1.0,2026-04-27T23:39:17.576413
TRK000002690,2023-01-29,2023-02-01,2023-02-03,In Transit,FEDEX,Midwest,494.99,712.2,48,False,False,5.0,False,2.0,2026-04-27T23:39:17.576413
TRK000004384,2023-01-29,2023-02-05,,Delayed,XPO,Midwest,74.27,716.22,23,False,False,,False,,2026-04-27T23:39:17.576413
TRK000004674,2023-01-28,2023-01-30,2023-01-29,Delayed,FEDEX,Midwest,138.22,398.76,37,False,False,1.0,False,0.0,2026-04-27T23:39:17.576413
TRK000001728,2023-01-28,2023-02-03,,Delivered,UPS,Southeast,522.81,372.3,12,False,False,,False,,2026-04-27T23:39:17.576413
TRK000003173,2023-01-28,2023-01-02,2023-02-04,Delivered,UPS,Midwest,156.95,85.85,24,False,False,7.0,False,33.0,2026-04-27T23:39:17.576413
TRK000000609,2023-01-28,2023-02-02,2023-02-07,Delayed,FEDEX,Northeast,384.32,716.48,50,False,False,10.0,False,5.0,2026-04-27T23:39:17.576413
TRK000004752,2023-01-28,2023-01-29,2023-01-29,Cancelled,FEDEX,Midwest,552.86,831.44,50,False,False,1.0,False,0.0,2026-04-27T23:39:17.576413
TRK000004214,2023-01-28,2023-02-03,,Cancelled,USPS,Northeast,208.03,839.72,25,False,False,,False,,2026-04-27T23:39:17.576413
TRK000001745,2023-01-27,2023-01-30,2023-01-29,Delivered,FEDEX,Midwest,110.39,789.08,14,False,False,2.0,True,0.0,2026-04-27T23:39:17.576413
TRK000003298,2023-01-27,2023-02-02,2023-01-31,In Transit,USPS,Southwest,296.8,440.73,20,False,False,4.0,False,0.0,2026-04-27T23:39:17.576413
TRK000004855,2023-01-27,2023-02-02,2023-02-01,Cancelled,UPS,West Coast,406.01,539.48,10,False,False,5.0,False,0.0,2026-04-27T23:39:17.576413
TRK000001203,2023-01-27,2023-03-02,2023-02-02,Delayed,FEDEX,West Coast,315.86,800.42,39,False,False,6.0,False,0.0,2026-04-27T23:39:17.576413
TRK000000346,2023-01-27,2023-01-31,2023-02-05,Delayed,UPS,Northeast,548.59,765.76,42,False,False,9.0,False,5.0,2026-04-27T23:39:17.576413
TRK000000787,2023-01-27,2023-01-02,2023-01-31,Delayed,XPO,Midwest,234.3,801.42,27,False,False,4.0,False,29.0,2026-04-27T23:39:17.576413
TRK000004377,2023-01-27,2023-01-29,2023-01-29,Delayed,FEDEX,Midwest,496.73,627.52,36,False,False,2.0,False,0.0,2026-04-27T23:39:17.576413
TRK000004742,2023-01-27,2023-02-01,,Cancelled,DHL,Midwest,591.72,501.03,21,False,False,,False,,2026-04-27T23:39:17.576413
TRK000001760,2023-01-27,2023-02-03,,Cancelled,UPS,Southeast,185.05,352.23,30,False,False,,False,,2026-04-27T23:39:17.576413
TRK000004246,2023-01-26,2023-01-30,2023-02-03,Delayed,UPS,Southeast,535.15,134.42,19,False,False,8.0,False,4.0,2026-04-27T23:39:17.576413
TRK000002932,2023-01-26,2023-02-02,2023-03-02,In Transit,DHL,West Coast,146.82,614.89,26,False,False,35.0,False,28.0,2026-04-27T23:39:17.576413
TRK000004295,2023-01-26,2023-01-29,2023-01-28,Delivered,FEDEX,Midwest,244.72,849.03,45,False,False,2.0,True,0.0,2026-04-27T23:39:17.576413
TRK000004958,2023-01-26,2023-01-31,2023-01-30,In Transit,FEDEX,Southeast,126.92,407.46,20,False,False,4.0,False,0.0,2026-04-27T23:39:17.576413
TRK000003733,2023-01-26,2023-01-27,2023-01-30,Delayed,UPS,Southwest,139.1,764.48,17,False,False,4.0,False,3.0,2026-04-27T23:39:17.576413
TRK000000113,2023-01-25,2023-01-26,,In Transit,USPS,Midwest,3.88,838.47,10,False,False,,False,,2026-04-27T23:39:17.576413
TRK000004397,2023-01-25,2023-01-31,,Delivered,DHL,West Coast,20.87,339.65,28,False,False,,False,,2026-04-27T23:39:17.576413
TRK000000854,2023-01-24,2023-01-26,2023-01-30,In Transit,UPS,West Coast,21.88,163.25,42,False,False,6.0,False,4.0,2026-04-27T23:39:17.576413
TRK000004993,2023-01-24,2023-01-25,2023-01-26,Delivered,FEDEX,Midwest,53.09,825.22,14,False,False,2.0,False,1.0,2026-04-27T23:39:17.576413
TRK000000735,2023-01-24,2023-01-31,2023-03-02,In Transit,UPS,Southeast,570.93,59.5,29,False,False,37.0,False,30.0,2026-04-27T23:39:17.576413
TRK000004348,2023-01-24,2023-01-29,2023-02-02,Cancelled,UPS,Midwest,137.64,594.2,39,False,False,9.0,False,4.0,2026-04-27T23:39:17.576413
TRK000000510,2023-01-24,2023-01-31,2023-01-30,Delayed,UPS,Southeast,502.81,531.8,16,False,False,6.0,False,0.0,2026-04-27T23:39:17.576413
TRK000000922,2023-01-24,2023-01-27,2023-02-01,Delivered,FEDEX,Northeast,440.25,583.01,17,False,False,8.0,False,5.0,2026-04-27T23:39:17.576413
TRK000001154,2023-01-24,2023-01-28,2023-01-26,Delivered,USPS,Midwest,246.98,665.57,39,False,False,2.0,True,0.0,2026-04-27T23:39:17.576413
TRK000004783,2023-01-24,2023-01-27,2023-02-01,In Transit,FEDEX,Midwest,167.07,820.8,23,False,False,8.0,False,5.0,2026-04-27T23:39:17.576413
TRK000000208,2023-01-24,2023-01-28,2023-02-01,In Transit,FEDEX,Midwest,253.1,413.53,40,False,False,8.0,False,4.0,2026-04-27T23:39:17.576413
TRK000000189,2023-01-24,2023-01-27,,In Transit,FEDEX,Northeast,162.13,268.43,24,False,False,,False,,2026-04-27T23:39:17.576413
TRK000003932,2023-01-23,2023-01-30,2023-02-02,Delivered,FEDEX,Southeast,42.04,119.86,37,False,False,10.0,False,3.0,2026-04-27T23:39:17.576413
TRK000001140,2023-01-23,2023-01-28,2023-01-26,Delivered,FEDEX,Midwest,359.05,811.47,28,False,False,3.0,True,0.0,2026-04-27T23:39:17.576413
TRK000002272,2023-01-23,2023-01-25,2023-01-30,Cancelled,DHL,Midwest,366.58,658.41,35,False,False,7.0,False,5.0,2026-04-27T23:39:17.576413
TRK000003371,2023-01-23,2023-01-28,2023-01-29,Cancelled,XPO,Midwest,243.17,890.34,43,False,False,6.0,False,1.0,2026-04-27T23:39:17.576413
TRK000002593,2023-01-23,2023-01-28,2023-02-01,Cancelled,UPS,Southwest,59.29,626.21,21,False,False,9.0,False,4.0,2026-04-27T23:39:17.576413
TRK000003163,2023-01-23,2023-01-29,2023-01-29,In Transit,XPO,Northeast,242.68,802.8,9,False,False,6.0,False,0.0,2026-04-27T23:39:17.576413
TRK000004313,2023-01-22,2023-01-26,2023-01-29,In Transit,DHL,Midwest,420.08,875.98,21,False,False,7.0,False,3.0,2026-04-27T23:39:17.576413
TRK000001400,2023-01-22,2023-01-26,2023-01-25,Delayed,FEDEX,Midwest,394.46,519.2,15,False,False,3.0,False,0.0,2026-04-27T23:39:17.576413
TRK000002652,2023-01-22,2023-01-24,2023-01-25,Delayed,UPS,Northeast,583.23,778.18,37,False,False,3.0,False,1.0,2026-04-27T23:39:17.576413
TRK000000643,2023-01-22,2023-01-29,2023-02-02,Delayed,DHL,West Coast,586.28,606.64,40,False,False,11.0,False,4.0,2026-04-27T23:39:17.576413
TRK000003285,2023-01-22,2023-01-26,2023-01-24,Cancelled,FEDEX,Midwest,492.55,283.07,47,False,False,2.0,False,0.0,2026-04-27T23:39:17.576413
API000096,2023-01-22,2023-01-24,2023-01-23,In Transit,FEDEX,Midwest,377.79,277.76,8,False,False,1.0,False,0.0,2026-04-27T23:39:17.576413
TRK000004007,2023-01-22,2023-01-23,2023-01-25,Delayed,UPS,Midwest,539.01,858.0,16,False,False,3.0,False,2.0,2026-04-27T23:39:17.576413
TRK000004815,2023-01-22,2023-01-26,2023-01-26,In Transit,FEDEX,Southeast,193.91,184.87,16,False,False,4.0,False,0.0,2026-04-27T23:39:17.576413
TRK000000122,2023-01-22,2023-01-28,2023-02-02,In Transit,DHL,Midwest,59.33,176.04,24,False,False,11.0,False,5.0,2026-04-27T23:39:17.576413
TRK000000013,2023-01-21,2023-01-22,2023-01-24,In Transit,FEDEX,Southeast,40.13,727.05,14,False,False,3.0,False,2.0,2026-04-27T23:39:17.576413
TRK000003426,2023-01-21,2023-01-28,2023-02-01,Delayed,DHL,West Coast,338.1,703.78,37,False,False,11.0,False,4.0,2026-04-27T23:39:17.576413
TRK000000342,2023-01-21,2023-01-24,2023-01-27,In Transit,UPS,Midwest,533.42,731.99,20,False,False,6.0,False,3.0,2026-04-27T23:39:17.576413
TRK000002856,2023-01-21,2023-01-26,,Delivered,UPS,Southwest,184.45,523.56,37,False,False,,False,,2026-04-27T23:39:17.576413
TRK000004176,2023-01-21,2023-01-25,2023-01-28,Delivered,FEDEX,Midwest,70.15,106.35,27,False,False,7.0,False,3.0,2026-04-27T23:39:17.576413
TRK000004952,2023-01-20,2023-01-24,2023-01-22,In Transit,UPS,Midwest,490.66,256.28,8,False,False,2.0,False,0.0,2026-04-27T23:39:17.576413
TRK000004133,2023-01-20,2023-01-21,2023-01-25,Cancelled,FEDEX,Midwest,89.82,177.92,20,False,False,5.0,False,4.0,2026-04-27T23:39:17.576413
API000135,2023-01-20,2023-01-23,2023-01-27,In Transit,DHL,West Coast,365.49,205.24,29,False,False,7.0,False,4.0,2026-04-27T23:39:17.576413
API000476,2023-01-20,2023-01-22,2023-01-22,Delivered,FEDEX,Midwest,136.07,554.45,25,False,False,2.0,True,0.0,2026-04-27T23:39:17.576413
TRK000002797,2023-01-20,2023-01-21,2023-01-23,In Transit,FEDEX,Midwest,311.93,240.05,4,False,False,3.0,False,2.0,2026-04-27T23:39:17.576413
TRK000004636,2023-01-20,2023-01-26,2023-01-31,Delivered,FEDEX,West Coast,415.01,473.03,9,False,False,11.0,False,5.0,2026-04-27T23:39:17.576413
TRK000002852,2023-01-19,2023-01-22,2023-01-26,Delivered,DHL,Midwest,228.55,473.2,44,False,False,7.0,False,4.0,2026-04-27T23:39:17.576413
TRK000003098,2023-01-19,2023-01-26,2023-01-26,Cancelled,DHL,West Coast,223.68,201.48,35,False,False,7.0,False,0.0,2026-04-27T23:39:17.576413
TRK000000307,2023-01-19,2023-01-22,2023-01-21,Cancelled,FEDEX,Midwest,18.56,894.02,46,False,False,2.0,False,0.0,2026-04-27T23:39:17.576413
TRK000002178,2023-01-18,2023-01-24,2023-01-22,In Transit,DHL,Southwest,592.14,874.16,45,False,False,4.0,False,0.0,2026-04-27T23:39:17.576413
TRK000003808,2023-01-18,2023-01-21,,Cancelled,USPS,Midwest,35.16,70.47,42,False,False,,False,,2026-04-27T23:39:17.576413
TRK000003160,2023-01-18,2023-01-21,2023-01-24,Delivered,UPS,Midwest,113.78,512.53,29,False,False,6.0,False,3.0,2026-04-27T23:39:17.576413
TRK000000382,2023-01-18,2023-01-21,2023-01-21,Delivered,FEDEX,Southwest,128.26,765.66,34,False,False,3.0,True,0.0,2026-04-27T23:39:17.576413
TRK000003220,2023-01-18,2023-01-24,,Delivered,USPS,Southwest,35.24,566.31,12,False,False,,False,,2026-04-27T23:39:17.576413
TRK000004037,2023-01-18,2023-01-20,2023-01-20,Delivered,FEDEX,Southwest,386.35,177.22,30,False,False,2.0,True,0.0,2026-04-27T23:39:17.576413
TRK000002466,2023-01-18,2023-01-25,2023-01-25,Delayed,FEDEX,Midwest,197.65,654.02,37,False,False,7.0,False,0.0,2026-04-27T23:39:17.576413
TRK000002848,2023-01-18,2023-01-19,2023-01-19,In Transit,XPO,West Coast,477.03,452.28,43,False,False,1.0,False,0.0,2026-04-27T23:39:17.576413
TRK000002950,2023-01-18,2023-01-23,2023-01-28,Delivered,UPS,Midwest,135.56,728.16,9,False,False,10.0,False,5.0,2026-04-27T23:39:17.576413
TRK000002421,2023-01-17,2023-01-18,2023-01-18,Delivered,UPS,Midwest,529.98,863.97,30,False,False,1.0,True,0.0,2026-04-27T23:39:17.576413
TRK000001551,2023-01-17,2023-01-21,2023-01-21,Delayed,UPS,Midwest,523.06,647.81,41,False,False,4.0,False,0.0,2026-04-27T23:39:17.576413
TRK000001858,2023-01-16,2023-01-19,2023-01-20,Delivered,UPS,Southeast,317.41,696.12,48,False,False,4.0,False,1.0,2026-04-27T23:39:17.576413
TRK000004567,2023-01-16,2023-01-18,,Cancelled,UPS,Southeast,341.14,243.56,10,False,False,,False,,2026-04-27T23:39:17.576413
TRK000004276,2023-01-16,2023-01-19,2023-01-17,Cancelled,FEDEX,Northeast,400.98,175.26,40,False,False,1.0,False,0.0,2026-04-27T23:39:17.576413
TRK000004142,2023-01-15,2023-01-18,,Cancelled,XPO,Southeast,421.58,622.63,24,False,False,,False,,2026-04-27T23:39:17.576413
TRK000004099,2023-01-15,2023-01-18,2023-01-19,In Transit,FEDEX,Midwest,229.51,196.53,4,False,False,4.0,False,1.0,2026-04-27T23:39:17.576413
TRK000000772,2023-01-15,2023-01-16,2023-01-18,In Transit,XPO,Midwest,549.83,714.5,30,False,False,3.0,False,2.0,2026-04-27T23:39:17.576413
API000188,2023-01-15,2023-01-20,2023-01-18,In Transit,FEDEX,Northeast,85.6,166.12,14,False,False,3.0,False,0.0,2026-04-27T23:39:17.576413
TRK000004309,2023-01-15,2023-01-20,2023-01-19,Cancelled,FEDEX,Southeast,445.45,637.38,43,False,False,4.0,False,0.0,2026-04-27T23:39:17.576413
TRK000002147,2023-01-15,2023-01-17,,Delivered,FEDEX,Midwest,350.84,227.63,26,False,False,,False,,2026-04-27T23:39:17.576413
TRK000002996,2023-01-15,2023-01-17,2023-01-22,In Transit,DHL,West Coast,533.27,720.06,50,False,False,7.0,False,5.0,2026-04-27T23:39:17.576413
TRK000001000,2023-01-15,2023-01-19,2023-01-18,In Transit,XPO,Southwest,575.55,321.85,36,False,False,3.0,False,0.0,2026-04-27T23:39:17.576413
TRK000000590,2023-01-14,2023-01-16,2023-01-21,In Transit,FEDEX,Northeast,81.93,638.04,13,False,False,7.0,False,5.0,2026-04-27T23:39:17.576413
TRK000000016,2023-01-14,2023-01-16,2023-01-15,In Transit,UPS,Midwest,183.04,447.85,14,False,False,1.0,False,0.0,2026-04-27T23:39:17.576413
TRK000001959,2023-01-14,2023-01-19,,Delivered,UPS,Southeast,556.72,542.67,30,False,False,,False,,2026-04-27T23:39:17.576413
TRK000002379,2023-01-14,2023-01-16,2023-01-17,Delivered,FEDEX,Southwest,578.68,730.17,36,False,False,3.0,False,1.0,2026-04-27T23:39:17.576413
TRK000002618,2023-01-14,2023-01-18,2023-01-18,Cancelled,FEDEX,Northeast,338.56,330.75,29,False,False,4.0,False,0.0,2026-04-27T23:39:17.576413
TRK000000566,2023-01-14,2023-01-19,2023-01-23,Delayed,UPS,Midwest,53.11,610.16,10,False,False,9.0,False,4.0,2026-04-27T23:39:17.576413
API000038,2023-01-13,2023-01-15,,Delayed,DHL,Northeast,296.83,121.69,18,False,False,,False,,2026-04-27T23:39:17.576413
TRK000001254,2023-01-13,2023-01-15,2023-01-15,In Transit,FEDEX,Northeast,156.69,9867.93,27,False,True,2.0,False,0.0,2026-04-27T23:39:17.576413
TRK000002727,2023-01-13,2023-01-20,,Delivered,XPO,Southeast,354.32,273.23,3,False,False,,False,,2026-04-27T23:39:17.576413
TRK000000658,2023-01-13,2023-01-14,2023-01-13,Cancelled,FEDEX,Northeast,350.91,81.18,46,False,False,0.0,False,0.0,2026-04-27T23:39:17.576413
TRK000002377,2023-01-12,2023-01-19,2023-01-23,Delayed,UPS,West Coast,469.12,278.03,10,False,False,11.0,False,4.0,2026-04-27T23:39:17.576413
TRK000002507,2023-01-12,2023-01-14,2023-01-16,Delivered,DHL,Southeast,575.03,313.4,25,False,False,4.0,False,2.0,2026-04-27T23:39:17.576413
TRK000001439,2023-01-12,2023-05-12,2023-12-03,In Transit,USPS,Midwest,47.21,-766.21,8,True,False,325.0,False,205.0,2026-04-27T23:39:17.576413
API000316,2023-01-12,2023-01-14,2023-01-19,In Transit,FEDEX,Northeast,255.5,668.51,2,False,False,7.0,False,5.0,2026-04-27T23:39:17.576413
TRK000000993,2023-01-12,2023-01-15,2023-01-16,Delivered,DHL,Southwest,3.43,434.77,39,False,False,4.0,False,1.0,2026-04-27T23:39:17.576413
TRK000003516,2023-01-12,2023-01-19,,In Transit,UPS,Midwest,115.06,615.15,7,False,False,,False,,2026-04-27T23:39:17.576413
TRK000003038,2023-01-12,2023-01-16,2023-01-15,Delayed,DHL,Southwest,477.74,866.62,9,False,False,3.0,False,0.0,2026-04-27T23:39:17.576413
TRK000002129,2023-01-11,2023-11-02,2023-11-07,Delivered,FEDEX,Midwest,561.53,840.45,5,False,False,300.0,False,5.0,2026-04-27T23:39:17.576413
TRK000002058,2023-01-11,2023-01-18,2023-01-16,Delivered,XPO,Northeast,463.25,762.19,49,False,False,5.0,True,0.0,2026-04-27T23:39:17.576413
TRK000002530,2023-01-11,2023-11-03,2023-11-04,Delivered,XPO,Midwest,590.89,667.37,7,False,False,297.0,False,1.0,2026-04-27T23:39:17.576413
API000005,2023-01-11,2023-01-16,,In Transit,DHL,Midwest,6.24,389.39,11,False,False,,False,,2026-04-27T23:39:17.576413
TRK000004542,2023-01-11,2023-01-12,2023-10-01,Cancelled,FEDEX,Northeast,394.29,584.67,35,False,False,263.0,False,262.0,2026-04-27T23:39:17.576413
TRK000002359,2023-01-11,2023-01-13,2023-01-12,Delivered,USPS,Midwest,286.6,50.05,38,False,False,1.0,True,0.0,2026-04-27T23:39:17.576413
TRK000003521,2023-01-10,2023-10-06,,Delivered,UPS,Southeast,447.97,616.84,22,False,False,,False,,2026-04-27T23:39:17.576413
TRK000002534,2023-01-10,2023-01-12,2023-01-16,In Transit,DHL,Southwest,107.57,814.64,2,False,False,6.0,False,4.0,2026-04-27T23:39:17.576413
TRK000002471,2023-01-10,2023-01-14,2023-01-18,Cancelled,FEDEX,Northeast,347.29,618.89,9,False,False,8.0,False,4.0,2026-04-27T23:39:17.576413
TRK000004438,2023-01-10,2023-01-16,2023-01-19,Delivered,FEDEX,Midwest,395.54,-730.18,48,True,False,9.0,False,3.0,2026-04-27T23:39:17.576413
TRK000003053,2023-01-09,2023-01-15,,In Transit,USPS,Southeast,431.7,189.51,41,False,False,,False,,2026-04-27T23:39:17.576413
TRK000004349,2023-01-09,2023-01-15,2023-01-19,Delivered,FEDEX,Midwest,489.01,246.61,29,False,False,10.0,False,4.0,2026-04-27T23:39:17.576413
TRK000001607,2023-01-09,2023-09-03,2023-09-08,Delivered,DHL,West Coast,578.84,765.51,41,False,False,242.0,False,5.0,2026-04-27T23:39:17.576413
TRK000001990,2023-01-09,2023-02-09,2023-09-02,In Transit,DHL,Northeast,14.99,866.63,42,False,False,236.0,False,205.0,2026-04-27T23:39:17.576413
TRK000002122,2023-01-09,2023-11-01,2023-01-14,Cancelled,FEDEX,Midwest,323.24,216.26,41,False,False,5.0,False,0.0,2026-04-27T23:39:17.576413
TRK000001578,2023-01-09,2023-01-10,2023-01-10,Delayed,FEDEX,Midwest,146.96,630.94,2,False,False,1.0,False,0.0,2026-04-27T23:39:17.576413
TRK000003177,2023-01-09,2023-01-13,2023-01-15,In Transit,USPS,Midwest,158.85,463.04,45,False,False,6.0,False,2.0,2026-04-27T23:39:17.576413
TRK000002452,2023-01-09,2023-01-10,2023-01-12,Delayed,DHL,Northeast,506.88,196.38,38,False,False,3.0,False,2.0,2026-04-27T23:39:17.576413
TRK000001104,2023-01-08,2023-01-14,2023-01-12,Delivered,XPO,Southeast,409.43,132.32,22,False,False,4.0,True,0.0,2026-04-27T23:39:17.576413
TRK000002463,2023-01-08,2023-01-14,2023-01-16,Delayed,FEDEX,Southwest,137.82,468.57,8,False,False,8.0,False,2.0,2026-04-27T23:39:17.576413
TRK000000357,2023-01-08,2023-01-13,2023-01-11,Cancelled,DHL,Southeast,44.83,794.14,16,False,False,3.0,False,0.0,2026-04-27T23:39:17.576413
TRK000002511,2023-01-08,2023-04-08,2023-08-08,Delayed,FEDEX,Southeast,444.69,769.58,40,False,False,212.0,False,122.0,2026-04-27T23:39:17.576413
TRK000002411,2023-01-08,2023-01-14,2023-01-19,In Transit,UPS,Midwest,485.77,354.08,5,False,False,11.0,False,5.0,2026-04-27T23:39:17.576413
API000226,2023-01-08,2023-01-11,2023-01-09,Delayed,UPS,Midwest,354.86,206.58,29,False,False,1.0,False,0.0,2026-04-27T23:39:17.576413
TRK000002972,2023-01-08,2023-01-14,2023-01-18,Delivered,FEDEX,Southwest,598.56,613.36,23,False,False,10.0,False,4.0,2026-04-27T23:39:17.576413
TRK000002450,2023-01-07,2023-07-07,2023-07-07,In Transit,FEDEX,Northeast,15.56,469.84,17,False,False,181.0,False,0.0,2026-04-27T23:39:17.576413
TRK000002404,2023-01-07,2023-01-08,2023-10-01,In Transit,XPO,Southeast,149.21,693.04,30,False,False,267.0,False,266.0,2026-04-27T23:39:17.576413
API000212,2023-01-07,2023-01-09,,In Transit,UPS,Midwest,212.78,246.91,27,False,False,,False,,2026-04-27T23:39:17.576413
TRK000000498,2023-01-07,2023-01-09,2023-01-11,Cancelled,FEDEX,Midwest,576.98,879.99,12,False,False,4.0,False,2.0,2026-04-27T23:39:17.576413
TRK000002505,2023-01-07,2023-07-05,,In Transit,USPS,Southwest,140.31,278.38,9,False,False,,False,,2026-04-27T23:39:17.576413
TRK000001653,2023-01-07,2023-01-08,2023-01-06,Cancelled,FEDEX,Midwest,237.94,517.85,5,False,False,-1.0,False,0.0,2026-04-27T23:39:17.576413
TRK000000133,2023-01-07,2023-01-09,2023-01-14,Delayed,UPS,Midwest,227.88,741.98,40,False,False,7.0,False,5.0,2026-04-27T23:39:17.576413
TRK000003030,2023-01-07,2023-06-07,,In Transit,FEDEX,Southeast,410.14,746.15,38,False,False,,False,,2026-04-27T23:39:17.576413
API000414,2023-01-07,2023-01-12,,In Transit,UPS,Midwest,23.47,132.65,16,False,False,,False,,2026-04-27T23:39:17.576413
TRK000001775,2023-01-07,2023-01-09,2023-01-07,Delivered,UPS,Northeast,422.72,132.34,13,False,False,0.0,True,0.0,2026-04-27T23:39:17.576413
TRK000002640,2023-01-06,2023-06-04,,In Transit,UPS,Midwest,199.71,727.1,7,False,False,,False,,2026-04-27T23:39:17.576413
TRK000000679,2023-01-06,2023-06-03,2023-06-02,Cancelled,FEDEX,Midwest,498.35,835.6,10,False,False,147.0,False,0.0,2026-04-27T23:39:17.576413
TRK000000607,2023-01-06,2023-06-04,,Delivered,USPS,Northeast,151.46,498.13,50,False,False,,False,,2026-04-27T23:39:17.576413
TRK000002181,2023-01-06,2023-01-09,2023-12-01,Delivered,USPS,Midwest,437.96,400.91,4,False,False,329.0,False,326.0,2026-04-27T23:39:17.576413
TRK000003888,2023-01-06,2023-01-09,2023-10-01,In Transit,XPO,Midwest,275.35,845.15,32,False,False,268.0,False,265.0,2026-04-27T23:39:17.576413
API000282,2023-01-06,2023-01-09,2023-01-08,Delivered,FEDEX,Midwest,275.74,674.69,10,False,False,2.0,True,0.0,2026-04-27T23:39:17.576413
API000406,2023-01-06,2023-01-11,2023-01-14,Delivered,UPS,West Coast,150.1,267.39,1,False,False,8.0,False,3.0,2026-04-27T23:39:17.576413
TRK000004387,2023-01-06,2023-01-10,2023-01-09,Cancelled,DHL,Northeast,198.21,798.08,5,False,False,3.0,False,0.0,2026-04-27T23:39:17.576413
TRK000004760,2023-01-06,2023-06-02,2023-06-01,Delayed,FEDEX,Southeast,6.46,529.58,11,False,False,146.0,False,0.0,2026-04-27T23:39:17.576413
TRK000001208,2023-01-06,2023-01-09,,Cancelled,XPO,Southeast,8.41,586.04,12,False,False,,False,,2026-04-27T23:39:17.576413
TRK000002482,2023-01-05,2023-01-12,2023-01-17,Cancelled,FEDEX,West Coast,440.44,289.52,11,False,False,12.0,False,5.0,2026-04-27T23:39:17.576413
TRK000002055,2023-01-05,2023-01-07,2023-01-10,Delayed,FEDEX,West Coast,148.46,886.74,43,False,False,5.0,False,3.0,2026-04-27T23:39:17.576413
API000428,2023-01-05,2023-01-08,2023-01-10,In Transit,FEDEX,Midwest,29.87,475.02,27,False,False,5.0,False,2.0,2026-04-27T23:39:17.576413
TRK000001799,2023-01-05,2023-06-01,2023-01-09,Delivered,FEDEX,Midwest,233.63,439.16,2,False,False,4.0,True,0.0,2026-04-27T23:39:17.576413
TRK000001891,2023-01-05,2023-06-05,,Delayed,UPS,West Coast,414.83,229.69,37,False,False,,False,,2026-04-27T23:39:17.576413
TRK000000704,2023-01-04,2023-07-04,2023-04-11,Delayed,USPS,Midwest,383.84,143.73,33,False,False,97.0,False,0.0,2026-04-27T23:39:17.576413
TRK000000339,2023-01-04,2023-01-07,2023-01-09,Delayed,USPS,Southeast,180.04,617.57,18,False,False,5.0,False,2.0,2026-04-27T23:39:17.576413
TRK000001701,2023-01-04,2023-05-01,2023-01-06,Delayed,UPS,Midwest,573.01,463.46,39,False,False,2.0,False,0.0,2026-04-27T23:39:17.576413
TRK000003996,2023-01-04,2023-01-08,2023-01-09,Delayed,DHL,Southeast,439.21,228.69,38,False,False,5.0,False,1.0,2026-04-27T23:39:17.576413
TRK000001195,2023-01-04,2023-01-09,2023-01-07,Delayed,UPS,Southwest,246.68,439.85,6,False,False,3.0,False,0.0,2026-04-27T23:39:17.576413
TRK000000766,2023-01-04,2023-01-08,,Delayed,USPS,West Coast,372.72,465.79,33,False,False,,False,,2026-04-27T23:39:17.576413
TRK000000434,2023-01-04,2023-01-08,2023-01-12,In Transit,XPO,Northeast,120.04,362.39,44,False,False,8.0,False,4.0,2026-04-27T23:39:17.576413
TRK000001732,2023-01-04,2023-04-04,2023-04-06,In Transit,FEDEX,Midwest,309.3,233.98,33,False,False,92.0,False,2.0,2026-04-27T23:39:17.576413
TRK000000153,2023-01-04,2023-01-06,2023-01-04,Delayed,FEDEX,Southeast,293.95,477.36,34,False,False,0.0,False,0.0,2026-04-27T23:39:17.576413
TRK000000841,2023-01-03,2023-01-06,2023-01-09,In Transit,UPS,West Coast,36.57,73.75,16,False,False,6.0,False,3.0,2026-04-27T23:39:17.576413
TRK000000257,2023-01-03,2023-01-05,2023-01-06,Cancelled,UPS,Northeast,383.68,119.19,8,False,False,3.0,False,1.0,2026-04-27T23:39:17.576413
TRK000000331,2023-01-03,2023-01-10,2023-01-11,Delivered,UPS,Midwest,114.5,491.24,12,False,False,8.0,False,1.0,2026-04-27T23:39:17.576413
TRK000002541,2023-01-03,2023-01-07,2023-01-06,Cancelled,UPS,Northeast,37.15,148.59,37,False,False,3.0,False,0.0,2026-04-27T23:39:17.576413
TRK000000460,2023-01-03,2023-01-08,2023-01-13,Delayed,USPS,Southwest,503.88,566.84,39,False,False,10.0,False,5.0,2026-04-27T23:39:17.576413
TRK000000473,2023-01-03,2023-02-03,2023-01-03,Delayed,XPO,West Coast,338.02,461.11,34,False,False,0.0,False,0.0,2026-04-27T23:39:17.576413
TRK000004314,2023-01-02,2023-01-06,2023-01-08,Delayed,XPO,West Coast,335.51,535.74,42,False,False,6.0,False,2.0,2026-04-27T23:39:17.576413
TRK000002473,2023-01-02,2023-02-02,2023-02-07,In Transit,FEDEX,Northeast,366.43,825.94,6,False,False,36.0,False,5.0,2026-04-27T23:39:17.576413
TRK000002522,2023-01-02,2023-05-01,2023-05-01,Delivered,XPO,Southwest,482.96,364.24,13,False,False,119.0,True,0.0,2026-04-27T23:39:17.576413
TRK000002384,2023-01-02,2023-02-05,2023-02-08,Delivered,FEDEX,Northeast,396.49,849.51,48,False,False,37.0,False,3.0,2026-04-27T23:39:17.576413
API000108,2023-01-02,2023-01-06,,Delayed,DHL,Midwest,103.4,653.66,20,False,False,,False,,2026-04-27T23:39:17.576413
API000161,2023-01-02,2023-01-05,2023-01-06,In Transit,FEDEX,Midwest,23.65,194.29,16,False,False,4.0,False,1.0,2026-04-27T23:39:17.576413
TRK000003547,2023-01-02,2023-01-09,,Cancelled,UPS,Midwest,37.4,630.44,41,False,False,,False,,2026-04-27T23:39:17.576413
TRK000000673,2023-01-02,2023-02-04,2023-04-02,In Transit,XPO,Midwest,298.74,535.33,16,False,False,90.0,False,57.0,2026-04-27T23:39:17.576413
TRK000001056,2023-01-02,2023-03-01,,Delayed,FEDEX,Midwest,432.73,298.45,49,False,False,,False,,2026-04-27T23:39:17.576413
TRK000002381,2023-01-02,2023-01-08,2023-07-01,In Transit,USPS,Southeast,11.63,622.25,34,False,False,180.0,False,174.0,2026-04-27T23:39:17.576413
TRK000002918,2023-01-01,2023-01-03,2023-01-05,Delivered,FEDEX,Southwest,510.52,683.32,33,False,False,4.0,False,2.0,2026-04-27T23:39:17.576413
TRK000002367,2023-01-01,2023-01-07,2023-01-07,Delivered,FEDEX,Midwest,189.38,843.34,26,False,False,6.0,True,0.0,2026-04-27T23:39:17.576413
TRK000002078,2023-01-01,2023-01-08,2023-01-08,Delivered,USPS,Southeast,420.26,73.46,25,False,False,7.0,True,0.0,2026-04-27T23:39:17.576413
TRK000002606,2023-01-01,2023-01-05,,Delivered,FEDEX,Midwest,246.85,182.39,49,False,False,,False,,2026-04-27T23:39:17.576413
TRK000000136,2023-01-01,2023-02-01,2022-12-31,Delayed,UPS,Southeast,399.41,742.96,37,False,False,-1.0,False,0.0,2026-04-27T23:39:17.576413
TRK000002951,2023-01-01,2023-01-08,2023-01-12,In Transit,USPS,Midwest,30.03,531.47,22,False,False,11.0,False,4.0,2026-04-27T23:39:17.576413
TRK000004812,2023-01-01,2023-06-01,2023-01-11,Delivered,FEDEX,Midwest,66.35,96.53,8,False,False,10.0,True,0.0,2026-04-27T23:39:17.576413
API000155,2023-01-01,2023-01-04,2023-01-08,Delivered,DHL,West Coast,57.68,304.28,6,False,False,7.0,False,4.0,2026-04-27T23:39:17.576413
API000365,2023-01-01,2023-01-02,2023-01-05,In Transit,UPS,Midwest,124.5,268.01,6,False,False,4.0,False,3.0,2026-04-27T23:39:17.576413
